device_id,date,time,temperature,RH,PM2.5,lat,lon
74DA38F20AAA,2026-02-18,00:00:03,13.62,100.0,8.0,24.6,120.999
74DA38F7C5E6,2026-02-18,00:00:04,16.37,100.0,3.0,25.107,121.843
74DA38F20BE0,2026-02-18,00:00:05,18.75,100.0,0.0,22.73,120.346
74DA38F2113E,2026-02-18,00:00:08,-4.0,0.0,7.0,22.728,120.313
74DA38F21204,2026-02-18,00:00:11,21.5,100.0,0.0,25.062,121.451
74DA38F7C63C,2026-02-18,00:00:29,85.25,100.0,4.0,24.998,121.425
74DA38F7C5A0,2026-02-18,00:00:31,15.87,91.0,0.0,25.107,121.518
74DA38F209DE,2026-02-18,00:00:32,14.12,100.0,2.0,24.861,120.964
74DA38F2118E,2026-02-18,00:00:33,10.75,100.0,60.0,26.148,119.935
74DA38ED0630,2026-02-18,00:00:36,18.87,100.0,0.0,23.994,121.594
74DA38F20976,2026-02-18,00:00:36,14.5,98.0,9.0,25.127,121.746
74DA38ED059C,2026-02-18,00:00:38,16.62,100.0,0.0,23.706,121.412
74DA38F7C53C,2026-02-18,00:00:39,13.5,100.0,0.0,25.11,121.804
74DA38ED0454,2026-02-18,00:00:42,19.0,100.0,1.0,24.053,121.599
74DA38F20D16,2026-02-18,00:00:44,15.87,100.0,10.0,25.062,121.526
74DA38F20BD0,2026-02-18,00:00:47,-4.0,0.0,22.0,22.688,120.408
74DA38F20C26,2026-02-18,00:01:09,18.5,83.0,25.0,22.676,120.342
74DA38ED0640,2026-02-18,00:01:12,15.62,100.0,1.0,23.154,121.266
74DA38F208E2,2026-02-18,00:01:13,15.5,100.0,6.0,24.688,121.766
74DA38F7C41E,2026-02-18,00:01:14,16.37,76.0,6.0,25.054,121.517
74DA38F20E34,2026-02-18,00:01:15,19.25,78.0,27.0,22.586,120.313
74DA38F21088,2026-02-18,00:01:15,14.75,100.0,0.0,25.068,121.588
74DA38F7C3BA,2026-02-18,00:01:18,118.87,46.0,94.0,25.174,121.441
74DA38F20D6C,2026-02-18,00:01:22,19.0,82.0,0.0,22.661,120.301
74DA38F7C5CE,2026-02-18,00:01:27,13.62,97.0,0.0,25.066,121.656
74DA38F20A30,2026-02-18,00:01:32,14.25,91.0,0.0,24.948,121.372
74DA38F20A78,2026-02-18,00:01:32,17.12,100.0,1.0,22.904,121.124
74DA38F20902,2026-02-18,00:01:33,21.75,99.0,0.0,22.204,120.7
74DA38F7C4CC,2026-02-18,00:01:34,14.62,100.0,5.0,25.062,121.451
74DA38F20F0A,2026-02-18,00:01:35,20.25,100.0,21.0,22.995,120.635
74DA38ED05B6,2026-02-18,00:01:52,17.25,100.0,1.0,23.43,121.348
74DA38F7C560,2026-02-18,00:01:56,14.5,100.0,0.0,25.079,121.671
74DA38F20DC0,2026-02-18,00:02:16,17.12,100.0,1.0,22.711,120.295
74DA38F207DE,2026-02-18,00:02:22,18.25,100.0,39.0,22.603,120.34
74DA38F20BE4,2026-02-18,00:02:24,13.25,100.0,13.0,24.791,120.957
74DA38F7C464,2026-02-18,00:02:25,13.25,36.0,0.0,25.006,121.413
74DA38F7C47C,2026-02-18,00:02:25,15.37,99.0,0.0,25.055,121.455
74DA38F7C566,2026-02-18,00:02:45,16.12,100.0,0.0,25.051,121.448
74DA38F21054,2026-02-18,00:02:49,24.37,64.0,15.0,22.898,120.627
74DA38F20D1A,2026-02-18,00:02:50,15.0,86.0,0.0,25.078,121.541
74DA38F2104E,2026-02-18,00:02:51,21.75,100.0,33.0,23.108,120.7
74DA38F20D70,2026-02-18,00:02:56,17.0,100.0,0.0,23.05,121.164
74DA38F7C366,2026-02-18,00:02:57,14.37,100.0,4.0,25.002,121.516
74DA38F7C3DC,2026-02-18,00:02:57,13.62,100.0,7.0,25.003,121.539
74DA38F7C616,2026-02-18,00:02:57,14.5,100.0,0.0,25.031,121.563
74DA38F7C524,2026-02-18,00:02:58,12.5,100.0,25.0,25.002,121.552
74DA38F21048,2026-02-18,00:03:01,17.87,100.0,30.0,22.595,120.341
74DA38F7C338,2026-02-18,00:03:07,17.87,94.0,6.0,25.011,121.458
74DA38F7C30E,2026-02-18,00:03:14,14.87,100.0,7.0,24.949,121.382
74DA38F7C47E,2026-02-18,00:03:18,16.12,100.0,12.0,25.053963,121.427681
74DA38F7C39A,2026-02-18,00:03:20,14.87,100.0,0.0,25.002,121.414
74DA38F20C22,2026-02-18,00:03:24,18.5,100.0,1.0,22.729,120.357
74DA38F20BCA,2026-02-18,00:03:26,14.12,100.0,0.0,25.079,121.58
74DA38F7C610,2026-02-18,00:03:30,17.12,81.0,7.0,25.063,121.564
74DA38F7C600,2026-02-18,00:03:32,20.62,61.0,2.0,25.07,121.586
74DA38F7C514,2026-02-18,00:03:33,15.37,100.0,7.0,25.051,121.518
74DA38F21024,2026-02-18,00:03:36,15.37,100.0,0.0,24.93,121.036
74DA38F20AE6,2026-02-18,00:03:45,24.75,100.0,10.0,22.63,120.348
74DA38F210F6,2026-02-18,00:03:46,21.0,100.0,1.0,22.757426,121.158891
74DA38F7C31C,2026-02-18,00:03:55,14.12,100.0,0.0,24.93,121.372
74DA38F20D4C,2026-02-18,00:04:02,19.75,100.0,0.0,22.971,121.303
74DA38F20E9E,2026-02-18,00:04:03,14.62,100.0,9.0,24.648,121.151
74DA38F20EB2,2026-02-18,00:04:10,9.37,100.0,17.0,24.324,120.835
74DA38F7C37C,2026-02-18,00:04:13,12.0,100.0,0.0,25.111,121.856
74DA38F7C4DE,2026-02-18,00:04:15,16.25,100.0,0.0,25.09,121.462
74DA38F209A8,2026-02-18,00:04:22,-4.0,0.0,1.0,22.401,120.577
74DA38F20B5C,2026-02-18,00:04:25,-4.0,0.0,25.0,22.798,120.293
74DA38F20E6E,2026-02-18,00:04:30,13.12,93.0,0.0,24.41,120.902
74DA38F7C30C,2026-02-18,00:04:33,14.62,100.0,0.0,24.975,121.532
74DA38ED04F2,2026-02-18,00:04:34,18.12,100.0,0.0,23.468,121.496
74DA38F20D1E,2026-02-18,00:04:34,14.87,100.0,10.0,25.048,121.573
74DA38F7C570,2026-02-18,00:04:41,13.25,100.0,0.0,25.239,121.63
74DA38F7C59C,2026-02-18,00:04:48,16.62,76.0,9.0,25.103,121.487
74DA38F20DD0,2026-02-18,00:04:59,17.5,100.0,0.0,22.6080258,120.3229833
74DA38F20B80,2026-02-18,00:05:04,16.0,100.0,3.0,22.599,120.35
74DA38ED06E0,2026-02-18,00:05:06,19.75,95.0,0.0,23.601,121.521
74DA38F7C29C,2026-02-18,00:05:08,15.87,100.0,7.0,25.02,121.416
74DA38F7C3DE,2026-02-18,00:05:11,15.87,100.0,296.0,24.972,121.537
74DA38F7C3B2,2026-02-18,00:05:12,19.5,70.0,3.0,24.929,121.378
74DA38F20D2E,2026-02-18,00:05:13,15.5,100.0,0.0,25.06,121.545
74DA38F20DE0,2026-02-18,00:05:15,20.25,100.0,0.0,22.589,120.328
74DA38F210E4,2026-02-18,00:05:15,18.75,100.0,14.0,23.24,120.696
74DA38F7C5BE,2026-02-18,00:05:20,15.5,78.0,9.0,25.092,121.523
74DA38F209EE,2026-02-18,00:05:21,20.12,100.0,0.0,23.026,121.33
74DA38F7C40C,2026-02-18,00:05:23,14.12,100.0,0.0,24.995,121.52
74DA38F209B2,2026-02-18,00:05:24,20.12,100.0,0.0,22.363,120.599
74DA38F20AA4,2026-02-18,00:05:27,22.75,93.0,24.0,22.685,120.492
74DA38F7C562,2026-02-18,00:05:28,14.62,100.0,8.0,25.021,121.418
74DA38F209F8,2026-02-18,00:05:31,17.87,100.0,0.0,23.157,121.4
74DA38ED05EA,2026-02-18,00:05:34,17.75,100.0,1.0,23.394,121.357
74DA38F7C3D6,2026-02-18,00:05:40,15.12,100.0,0.0,25.045,121.541
74DA38F20D2A,2026-02-18,00:05:43,15.5,74.0,0.0,25.048,121.573
74DA38F210A2,2026-02-18,00:05:48,15.62,100.0,1.0,25.12,121.466
74DA38F20B88,2026-02-18,00:06:02,16.5,100.0,0.0,22.75,120.316
74DA38F20AAA,2026-02-18,00:06:10,13.75,100.0,4.0,24.6,120.999
74DA38F21204,2026-02-18,00:06:17,21.62,100.0,0.0,25.062,121.451
74DA38F7C5E6,2026-02-18,00:06:17,16.37,100.0,3.0,25.107,121.843
74DA38F209A4,2026-02-18,00:06:22,17.87,100.0,1.0,22.702,120.572
74DA38F20BE0,2026-02-18,00:06:33,18.75,100.0,0.0,22.73,120.346
74DA38F7C63C,2026-02-18,00:06:36,85.25,100.0,5.0,24.998,121.425
74DA38F20976,2026-02-18,00:06:44,14.5,95.0,9.0,25.127,121.746
74DA38ED059C,2026-02-18,00:06:45,16.75,100.0,0.0,23.706,121.412
74DA38F20D16,2026-02-18,00:06:51,16.12,100.0,10.0,25.062,121.526
74DA38F7C5A0,2026-02-18,00:07:00,15.87,91.0,0.0,25.107,121.518
74DA38F209DE,2026-02-18,00:07:01,14.37,100.0,1.0,24.861,120.964
74DA38ED0454,2026-02-18,00:07:02,19.0,100.0,4.0,24.053,121.599
74DA38ED0630,2026-02-18,00:07:05,19.12,100.0,0.0,23.994,121.594
74DA38F7C53C,2026-02-18,00:07:06,13.5,100.0,0.0,25.11,121.804
74DA38F2118E,2026-02-18,00:07:12,10.62,100.0,59.0,26.148,119.935
74DA38F20B82,2026-02-18,00:07:14,-4.0,0.0,2.0,22.847,120.465
74DA38ED0640,2026-02-18,00:07:19,15.62,100.0,1.0,23.154,121.266
74DA38F208E2,2026-02-18,00:07:19,15.5,100.0,5.0,24.688,121.766
74DA38F20C26,2026-02-18,00:07:21,18.87,82.0,25.0,22.676,120.342
74DA38F7C3BA,2026-02-18,00:07:23,118.87,46.0,93.0,25.174,121.441
74DA38F7C41E,2026-02-18,00:07:23,16.37,75.0,7.0,25.054,121.517
74DA38F20E34,2026-02-18,00:07:26,19.37,78.0,27.0,22.586,120.313
74DA38F2113E,2026-02-18,00:07:29,-4.0,0.0,8.0,22.728,120.313
74DA38F20902,2026-02-18,00:07:38,21.75,99.0,0.0,22.204,120.7
74DA38F20A78,2026-02-18,00:07:38,17.12,100.0,1.0,22.904,121.124
74DA38F7C4CC,2026-02-18,00:07:41,14.62,100.0,4.0,25.062,121.451
74DA38F21088,2026-02-18,00:07:44,14.75,100.0,0.0,25.068,121.588
74DA38F20F0A,2026-02-18,00:07:45,20.62,100.0,22.0,22.995,120.635
74DA38F20D6C,2026-02-18,00:07:50,19.0,82.0,0.0,22.661,120.301
74DA38F7C5CE,2026-02-18,00:07:55,13.75,96.0,0.0,25.066,121.656
74DA38ED05B6,2026-02-18,00:07:58,17.25,100.0,1.0,23.43,121.348
74DA38F21136,2026-02-18,00:08:01,14.75,100.0,6.0,25.119,121.505
74DA38F20A30,2026-02-18,00:08:03,14.12,91.0,0.0,24.948,121.372
74DA38F7C560,2026-02-18,00:08:24,14.5,100.0,0.0,25.079,121.671
74DA38F20BE4,2026-02-18,00:08:31,13.37,100.0,13.0,24.791,120.957
74DA38F207DE,2026-02-18,00:08:32,18.5,100.0,35.0,22.603,120.34
74DA38F7C47C,2026-02-18,00:08:34,15.5,99.0,0.0,25.055,121.455
74DA38F20DC0,2026-02-18,00:08:45,17.12,100.0,1.0,22.711,120.295
74DA38F7C464,2026-02-18,00:08:53,13.12,35.0,0.0,25.006,121.413
74DA38F21054,2026-02-18,00:08:57,24.25,64.0,15.0,22.898,120.627
74DA38F20D70,2026-02-18,00:09:02,17.12,100.0,0.0,23.05,121.164
74DA38F2104E,2026-02-18,00:09:03,22.12,100.0,32.0,23.108,120.7
74DA38F7C366,2026-02-18,00:09:04,14.37,100.0,4.0,25.002,121.516
74DA38F7C3DC,2026-02-18,00:09:04,13.62,100.0,8.0,25.003,121.539
74DA38F7C566,2026-02-18,00:09:13,16.0,100.0,0.0,25.051,121.448
74DA38F20D1A,2026-02-18,00:09:19,14.87,86.0,0.0,25.078,121.541
74DA38F7C47E,2026-02-18,00:09:24,16.25,100.0,10.0,25.053963,121.427681
74DA38F7C30E,2026-02-18,00:09:31,14.87,100.0,7.0,24.949,121.382
74DA38F7C524,2026-02-18,00:09:33,12.62,100.0,25.0,25.002,121.552
74DA38F21048,2026-02-18,00:09:34,18.25,100.0,27.0,22.595,120.341
74DA38F7C610,2026-02-18,00:09:35,17.12,81.0,6.0,25.063,121.564
74DA38F7C616,2026-02-18,00:09:35,14.62,100.0,0.0,25.031,121.563
74DA38F7C600,2026-02-18,00:09:38,20.75,61.0,2.0,25.07,121.586
74DA38F7C514,2026-02-18,00:09:40,15.5,100.0,7.0,25.051,121.518
74DA38F7C39A,2026-02-18,00:09:48,14.87,100.0,0.0,25.002,121.414
74DA38F20AE6,2026-02-18,00:09:51,24.75,100.0,10.0,22.63,120.348
74DA38F210F6,2026-02-18,00:09:52,21.0,100.0,0.0,22.757426,121.158891
74DA38F20C22,2026-02-18,00:09:53,18.62,100.0,0.0,22.729,120.357
74DA38F20BCA,2026-02-18,00:09:56,14.12,100.0,0.0,25.079,121.58
74DA38F21024,2026-02-18,00:10:04,15.37,100.0,0.0,24.93,121.036
74DA38F20E9E,2026-02-18,00:10:08,14.62,100.0,7.0,24.648,121.151
74DA38F20EB2,2026-02-18,00:10:19,9.37,100.0,18.0,24.324,120.835
74DA38F7C4DE,2026-02-18,00:10:23,16.25,100.0,0.0,25.09,121.462
74DA38F7C31C,2026-02-18,00:10:26,14.0,100.0,0.0,24.93,121.372
74DA38F20D4C,2026-02-18,00:10:30,19.87,100.0,0.0,22.971,121.303
74DA38F20E6E,2026-02-18,00:10:32,13.25,93.0,0.0,24.41,120.902
74DA38F20D1E,2026-02-18,00:10:43,15.0,100.0,11.0,25.048,121.573
74DA38F7C37C,2026-02-18,00:10:43,12.12,100.0,0.0,25.111,121.856
74DA38ED04F2,2026-02-18,00:10:44,18.25,100.0,0.0,23.468,121.496
74DA38F7C30C,2026-02-18,00:10:46,14.75,100.0,0.0,24.975,121.532
74DA38F7C260,2026-02-18,00:10:48,15.37,100.0,0.0,25.065,121.425
74DA38F7C59C,2026-02-18,00:10:54,16.5,76.0,9.0,25.103,121.487
74DA38F7C570,2026-02-18,00:11:07,13.37,100.0,0.0,25.239,121.63
74DA38F7C3DE,2026-02-18,00:11:08,15.87,100.0,286.0,24.972,121.537
74DA38ED06E0,2026-02-18,00:11:13,19.75,95.0,0.0,23.601,121.521
74DA38F7C29C,2026-02-18,00:11:14,15.75,100.0,6.0,25.02,121.416
74DA38F7C3B2,2026-02-18,00:11:19,19.5,70.0,3.0,24.929,121.378
74DA38F20BD0,2026-02-18,00:11:20,-4.0,0.0,22.0,22.688,120.408
74DA38F210E4,2026-02-18,00:11:23,18.87,100.0,14.0,23.24,120.696
74DA38F209EE,2026-02-18,00:11:27,20.12,100.0,0.0,23.026,121.33
74DA38F7C5BE,2026-02-18,00:11:27,15.5,78.0,9.0,25.092,121.523
74DA38F20DD0,2026-02-18,00:11:29,17.62,100.0,0.0,22.6080258,120.3229833
74DA38F7C40C,2026-02-18,00:11:30,14.0,100.0,0.0,24.995,121.52
74DA38F20B80,2026-02-18,00:11:32,16.12,100.0,1.0,22.599,120.35
74DA38F20AA4,2026-02-18,00:11:36,22.75,93.0,23.0,22.685,120.492
74DA38ED05EA,2026-02-18,00:11:41,17.75,100.0,1.0,23.394,121.357
74DA38F20D2E,2026-02-18,00:11:42,15.5,100.0,0.0,25.06,121.545
74DA38F20DE0,2026-02-18,00:11:46,20.37,100.0,0.0,22.589,120.328
74DA38F7C562,2026-02-18,00:11:50,14.5,87.0,8.0,25.021,121.418
74DA38F209B2,2026-02-18,00:11:52,20.25,100.0,0.0,22.363,120.599
74DA38F210A2,2026-02-18,00:11:54,15.62,100.0,1.0,25.12,121.466
74DA38F209F8,2026-02-18,00:11:58,18.0,100.0,0.0,23.157,121.4
74DA38F7C3D6,2026-02-18,00:12:08,15.5,100.0,0.0,25.045,121.541
74DA38F20AAA,2026-02-18,00:12:16,13.75,100.0,3.0,24.6,120.999
74DA38F20D2A,2026-02-18,00:12:20,15.5,74.0,0.0,25.048,121.573
74DA38F21204,2026-02-18,00:12:23,21.75,100.0,2.0,25.062,121.451
74DA38F7C5E6,2026-02-18,00:12:25,16.37,100.0,3.0,25.107,121.843
74DA38F20B88,2026-02-18,00:12:31,16.5,100.0,0.0,22.75,120.316
74DA38F7C63C,2026-02-18,00:12:43,85.25,100.0,5.0,24.998,121.425
74DA38F20976,2026-02-18,00:12:51,14.62,96.0,9.0,25.127,121.746
74DA38F209A4,2026-02-18,00:12:51,18.12,100.0,0.0,22.702,120.572
74DA38ED059C,2026-02-18,00:12:53,16.75,100.0,1.0,23.706,121.412
74DA38F20D16,2026-02-18,00:12:58,16.25,100.0,9.0,25.062,121.526
74DA38F20BE0,2026-02-18,00:13:02,18.62,100.0,0.0,22.73,120.346
74DA38ED0454,2026-02-18,00:13:08,19.12,100.0,3.0,24.053,121.599
74DA38F7C3BA,2026-02-18,00:13:23,118.87,46.0,98.0,25.174,121.441
74DA38F208E2,2026-02-18,00:13:24,15.37,100.0,3.0,24.688,121.766
74DA38ED0640,2026-02-18,00:13:26,15.62,100.0,1.0,23.154,121.266
74DA38F7C5A0,2026-02-18,00:13:28,16.0,91.0,0.0,25.107,121.518
74DA38F7C41E,2026-02-18,00:13:29,16.37,75.0,6.0,25.054,121.517
74DA38F209DE,2026-02-18,00:13:30,14.37,100.0,1.0,24.861,120.964
74DA38ED0630,2026-02-18,00:13:33,19.12,100.0,0.0,23.994,121.594
74DA38F20C26,2026-02-18,00:13:33,18.87,82.0,26.0,22.676,120.342
74DA38F7C53C,2026-02-18,00:13:33,13.5,100.0,0.0,25.11,121.804
74DA38F20E34,2026-02-18,00:13:38,19.5,77.0,26.0,22.586,120.313
74DA38F20902,2026-02-18,00:13:45,21.87,99.0,0.0,22.204,120.7
74DA38F20A78,2026-02-18,00:13:46,17.12,100.0,0.0,22.904,121.124
74DA38F7C4CC,2026-02-18,00:13:48,14.5,100.0,4.0,25.062,121.451
74DA38F2118E,2026-02-18,00:13:50,10.75,100.0,59.0,26.148,119.935
74DA38F20B5C,2026-02-18,00:13:54,-4.0,0.0,25.0,22.798,120.293
74DA38F20F0A,2026-02-18,00:13:54,21.0,100.0,21.0,22.995,120.635
74DA38F209A8,2026-02-18,00:14:02,-4.0,0.0,0.0,22.401,120.577
74DA38ED05B6,2026-02-18,00:14:05,17.25,100.0,1.0,23.43,121.348
74DA38F21136,2026-02-18,00:14:08,14.87,100.0,6.0,25.119,121.505
74DA38F21088,2026-02-18,00:14:12,14.87,100.0,0.0,25.068,121.588
74DA38F20D6C,2026-02-18,00:14:17,18.87,81.0,0.0,22.661,120.301
74DA38F7C5CE,2026-02-18,00:14:24,13.62,96.0,0.0,25.066,121.656
74DA38F20A30,2026-02-18,00:14:37,14.25,91.0,0.0,24.948,121.372
74DA38F20BE4,2026-02-18,00:14:37,13.5,100.0,13.0,24.791,120.957
74DA38F207DE,2026-02-18,00:14:41,18.5,100.0,35.0,22.603,120.34
74DA38F7C47C,2026-02-18,00:14:45,15.75,98.0,0.0,25.055,121.455
74DA38F2113E,2026-02-18,00:14:48,-4.0,0.0,8.0,22.728,120.313
74DA38F7C560,2026-02-18,00:14:52,14.37,100.0,0.0,25.079,121.671
74DA38F21054,2026-02-18,00:15:03,24.37,63.0,15.0,22.898,120.627
74DA38F20D70,2026-02-18,00:15:07,17.25,100.0,0.0,23.05,121.164
74DA38F7C366,2026-02-18,00:15:11,14.5,100.0,5.0,25.002,121.516
74DA38F7C3DC,2026-02-18,00:15:11,13.62,100.0,9.0,25.003,121.539
74DA38F2104E,2026-02-18,00:15:15,22.37,100.0,32.0,23.108,120.7
74DA38F20DC0,2026-02-18,00:15:16,17.37,100.0,1.0,22.711,120.295
74DA38F7C464,2026-02-18,00:15:24,13.37,35.0,0.0,25.006,121.413
74DA38F7C47E,2026-02-18,00:15:31,16.25,100.0,10.0,25.053963,121.427681
74DA38F7C566,2026-02-18,00:15:41,16.12,100.0,0.0,25.051,121.448
74DA38F7C610,2026-02-18,00:15:41,17.25,81.0,6.0,25.063,121.564
74DA38F7C30E,2026-02-18,00:15:45,14.87,100.0,6.0,24.949,121.382
74DA38F7C600,2026-02-18,00:15:45,20.87,61.0,2.0,25.07,121.586
74DA38F20D1A,2026-02-18,00:15:47,15.0,86.0,0.0,25.078,121.541
74DA38F7C514,2026-02-18,00:15:47,15.5,99.0,7.0,25.051,121.518
74DA38F7C616,2026-02-18,00:15:53,14.75,100.0,0.0,25.031,121.563
74DA38F210F6,2026-02-18,00:15:57,21.0,100.0,0.0,22.757426,121.158891
74DA38F20AE6,2026-02-18,00:15:58,24.75,100.0,10.0,22.63,120.348
74DA38F7C524,2026-02-18,00:16:05,12.62,100.0,24.0,25.002,121.552
74DA38F21048,2026-02-18,00:16:06,18.25,100.0,28.0,22.595,120.341
74DA38F20E9E,2026-02-18,00:16:14,14.62,100.0,6.0,24.648,121.151
74DA38F7C39A,2026-02-18,00:16:17,15.0,100.0,0.0,25.002,121.414
74DA38F20C22,2026-02-18,00:16:23,18.37,100.0,1.0,22.729,120.357
74DA38F20BCA,2026-02-18,00:16:25,14.12,100.0,0.0,25.079,121.58
74DA38F20EB2,2026-02-18,00:16:26,9.37,100.0,17.0,24.324,120.835
74DA38F7C4DE,2026-02-18,00:16:30,16.37,100.0,0.0,25.09,121.462
74DA38F21024,2026-02-18,00:16:31,15.37,100.0,0.0,24.93,121.036
74DA38F20E6E,2026-02-18,00:16:34,13.25,92.0,0.0,24.41,120.902
74DA38F7C338,2026-02-18,00:16:46,17.87,94.0,6.0,25.011,121.458
74DA38F20B82,2026-02-18,00:16:47,-4.0,0.0,2.0,22.847,120.465
74DA38F20D1E,2026-02-18,00:16:51,14.87,100.0,10.0,25.048,121.573
74DA38F7C30C,2026-02-18,00:16:54,14.75,100.0,0.0,24.975,121.532
74DA38ED04F2,2026-02-18,00:16:55,18.37,100.0,0.0,23.468,121.496
74DA38F20D4C,2026-02-18,00:16:56,19.75,100.0,0.0,22.971,121.303
74DA38F7C31C,2026-02-18,00:16:56,14.12,100.0,0.0,24.93,121.372
74DA38F7C59C,2026-02-18,00:17:00,16.5,76.0,9.0,25.103,121.487
74DA38F7C3DE,2026-02-18,00:17:04,15.75,100.0,290.0,24.972,121.537
74DA38F7C37C,2026-02-18,00:17:13,12.25,100.0,0.0,25.111,121.856
74DA38ED06E0,2026-02-18,00:17:20,19.75,95.0,0.0,23.601,121.521
74DA38F7C29C,2026-02-18,00:17:20,15.62,100.0,7.0,25.02,121.416
74DA38F7C260,2026-02-18,00:17:21,15.25,100.0,0.0,25.065,121.425
74DA38F7C3B2,2026-02-18,00:17:27,19.5,70.0,3.0,24.929,121.378
74DA38F210E4,2026-02-18,00:17:30,18.62,100.0,14.0,23.24,120.696
74DA38F209EE,2026-02-18,00:17:34,20.12,100.0,0.0,23.026,121.33
74DA38F7C5BE,2026-02-18,00:17:34,15.5,78.0,9.0,25.092,121.523
74DA38F7C570,2026-02-18,00:17:36,13.62,100.0,0.0,25.239,121.63
74DA38F7C40C,2026-02-18,00:17:37,14.0,100.0,0.0,24.995,121.52
74DA38F20AA4,2026-02-18,00:17:43,22.75,93.0,22.0,22.685,120.492
74DA38ED05EA,2026-02-18,00:17:46,17.75,100.0,2.0,23.394,121.357
74DA38F210A2,2026-02-18,00:18:00,15.62,100.0,1.0,25.12,121.466
74DA38F20B80,2026-02-18,00:18:01,16.12,100.0,3.0,22.599,120.35
74DA38F7C562,2026-02-18,00:18:02,14.25,100.0,8.0,25.021,121.418
74DA38F20DD0,2026-02-18,00:18:03,17.62,100.0,0.0,22.6080258,120.3229833
74DA38F20D2E,2026-02-18,00:18:11,15.5,100.0,0.0,25.06,121.545
74DA38F20DE0,2026-02-18,00:18:15,20.37,100.0,0.0,22.589,120.328
74DA38F209B2,2026-02-18,00:18:21,20.25,100.0,2.0,22.363,120.599
74DA38F20AAA,2026-02-18,00:18:22,13.62,100.0,3.0,24.6,120.999
74DA38F209F8,2026-02-18,00:18:26,18.0,100.0,0.0,23.157,121.4
74DA38F7C5E6,2026-02-18,00:18:32,16.25,100.0,3.0,25.107,121.843
74DA38F7C3D6,2026-02-18,00:18:37,15.5,100.0,0.0,25.045,121.541
74DA38F21204,2026-02-18,00:18:38,21.75,100.0,4.0,25.062,121.451
74DA38F7C63C,2026-02-18,00:18:51,85.25,100.0,5.0,24.998,121.425
74DA38F20D2A,2026-02-18,00:18:53,15.75,74.0,0.0,25.048,121.573
74DA38F20B88,2026-02-18,00:18:58,16.75,100.0,0.0,22.75,120.316
74DA38ED059C,2026-02-18,00:19:01,16.75,100.0,0.0,23.706,121.412
74DA38F20976,2026-02-18,00:19:01,14.62,96.0,9.0,25.127,121.746
74DA38F20D16,2026-02-18,00:19:09,16.12,100.0,9.0,25.062,121.526
74DA38ED0454,2026-02-18,00:19:15,19.25,100.0,0.0,24.053,121.599
74DA38F209A4,2026-02-18,00:19:21,18.25,100.0,0.0,22.702,120.572
74DA38F7C3BA,2026-02-18,00:19:22,118.87,46.0,101.0,25.174,121.441
74DA38F208E2,2026-02-18,00:19:30,15.37,100.0,2.0,24.688,121.766
74DA38F20BE0,2026-02-18,00:19:32,18.5,100.0,0.0,22.73,120.346
74DA38ED0640,2026-02-18,00:19:34,15.75,100.0,1.0,23.154,121.266
74DA38F20B26,2026-02-18,00:19:37,18.75,100.0,25.0,22.783,120.247
74DA38F7C41E,2026-02-18,00:19:38,16.37,75.0,6.0,25.054,121.517
74DA38F20C26,2026-02-18,00:19:46,19.37,81.0,27.0,22.676,120.342
74DA38F20902,2026-02-18,00:19:51,21.87,99.0,0.0,22.204,120.7
74DA38F20E34,2026-02-18,00:19:51,19.37,77.0,28.0,22.586,120.313
74DA38F20A78,2026-02-18,00:19:52,17.12,100.0,0.0,22.904,121.124
74DA38F7C5A0,2026-02-18,00:19:57,16.12,91.0,0.0,25.107,121.518
74DA38F209DE,2026-02-18,00:19:59,14.5,100.0,1.0,24.861,120.964
74DA38F7C4CC,2026-02-18,00:19:59,14.62,100.0,4.0,25.062,121.451
74DA38F7C53C,2026-02-18,00:20:02,13.25,100.0,0.0,25.11,121.804
74DA38F20F0A,2026-02-18,00:20:03,21.25,100.0,20.0,22.995,120.635
74DA38ED0630,2026-02-18,00:20:04,19.12,100.0,0.0,23.994,121.594
74DA38ED05B6,2026-02-18,00:20:12,17.25,100.0,1.0,23.43,121.348
74DA38F21136,2026-02-18,00:20:15,15.12,100.0,5.0,25.119,121.505
74DA38F2118E,2026-02-18,00:20:25,10.75,100.0,58.0,26.148,119.935
74DA38F21088,2026-02-18,00:20:41,14.87,100.0,1.0,25.068,121.588
74DA38F20BE4,2026-02-18,00:20:44,13.37,100.0,13.0,24.791,120.957
74DA38F20D6C,2026-02-18,00:20:45,18.75,82.0,0.0,22.661,120.301
74DA38F207DE,2026-02-18,00:20:52,18.75,100.0,35.0,22.603,120.34
74DA38F7C5CE,2026-02-18,00:20:52,13.75,97.0,0.0,25.066,121.656
74DA38F7C47C,2026-02-18,00:20:55,15.75,99.0,0.0,25.055,121.455
74DA38F20A30,2026-02-18,00:21:07,14.25,91.0,0.0,24.948,121.372
74DA38F21054,2026-02-18,00:21:09,24.25,63.0,15.0,22.898,120.627
74DA38F20D70,2026-02-18,00:21:13,17.12,100.0,0.0,23.05,121.164
74DA38F7C366,2026-02-18,00:21:18,14.5,100.0,4.0,25.002,121.516
74DA38F7C3DC,2026-02-18,00:21:18,13.75,100.0,8.0,25.003,121.539
74DA38F7C560,2026-02-18,00:21:22,14.5,100.0,0.0,25.079,121.671
74DA38F2104E,2026-02-18,00:21:26,22.62,100.0,33.0,23.108,120.7
74DA38F7C47E,2026-02-18,00:21:38,16.25,100.0,10.0,25.053963,121.427681
74DA38F20DC0,2026-02-18,00:21:45,17.62,100.0,2.0,22.711,120.295
74DA38F7C610,2026-02-18,00:21:47,17.12,80.0,7.0,25.063,121.564
74DA38F20BD0,2026-02-18,00:21:50,-4.0,0.0,22.0,22.688,120.408
74DA38F7C30E,2026-02-18,00:21:52,15.0,100.0,7.0,24.949,121.382
74DA38F7C600,2026-02-18,00:21:52,20.87,60.0,2.0,25.07,121.586
74DA38F7C464,2026-02-18,00:21:54,13.62,36.0,0.0,25.006,121.413
74DA38F7C514,2026-02-18,00:21:54,15.5,98.0,7.0,25.051,121.518
74DA38F210F6,2026-02-18,00:22:02,21.0,100.0,1.0,22.757426,121.158891
74DA38F7C616,2026-02-18,00:22:02,15.0,100.0,0.0,25.031,121.563
74DA38F20AE6,2026-02-18,00:22:03,24.75,100.0,10.0,22.63,120.348
74DA38F2113E,2026-02-18,00:22:08,-4.0,0.0,5.0,22.728,120.313
74DA38F7C566,2026-02-18,00:22:11,16.12,100.0,0.0,25.051,121.448
74DA38F20D1A,2026-02-18,00:22:16,15.12,86.0,0.0,25.078,121.541
74DA38F20E9E,2026-02-18,00:22:20,14.5,100.0,5.0,24.648,121.151
74DA38F20E6E,2026-02-18,00:22:36,13.0,92.0,0.0,24.41,120.902
74DA38F20EB2,2026-02-18,00:22:36,9.25,100.0,18.0,24.324,120.835
74DA38F21048,2026-02-18,00:22:36,18.25,100.0,30.0,22.595,120.341
74DA38F7C4DE,2026-02-18,00:22:38,16.37,100.0,0.0,25.09,121.462
74DA38F7C524,2026-02-18,00:22:38,12.75,100.0,25.0,25.002,121.552
74DA38F7C39A,2026-02-18,00:22:46,15.0,100.0,0.0,25.002,121.414
74DA38F20C22,2026-02-18,00:22:53,18.12,100.0,2.0,22.729,120.357
74DA38F20BCA,2026-02-18,00:22:54,14.12,100.0,0.0,25.079,121.58
74DA38F7C338,2026-02-18,00:22:56,18.0,94.0,6.0,25.011,121.458
74DA38F21024,2026-02-18,00:22:59,15.37,100.0,0.0,24.93,121.036
74DA38F20D1E,2026-02-18,00:23:01,14.75,100.0,11.0,25.048,121.573
74DA38F7C3DE,2026-02-18,00:23:01,15.62,100.0,311.0,24.972,121.537
74DA38F7C59C,2026-02-18,00:23:06,16.25,76.0,9.0,25.103,121.487
74DA38F7C30C,2026-02-18,00:23:08,14.87,100.0,0.0,24.975,121.532
74DA38ED04F2,2026-02-18,00:23:11,18.5,100.0,0.0,23.468,121.496
74DA38F20B5C,2026-02-18,00:23:24,-4.0,0.0,27.0,22.798,120.293
74DA38F20D4C,2026-02-18,00:23:24,20.0,100.0,0.0,22.971,121.303
74DA38F7C31C,2026-02-18,00:23:25,14.25,100.0,0.0,24.93,121.372
74DA38F7C29C,2026-02-18,00:23:26,15.75,100.0,8.0,25.02,121.416
74DA38ED06E0,2026-02-18,00:23:27,19.75,95.0,0.0,23.601,121.521
74DA38F7C3B2,2026-02-18,00:23:34,19.5,69.0,3.0,24.929,121.378
74DA38F210E4,2026-02-18,00:23:39,18.62,100.0,18.0,23.24,120.696
74DA38F209EE,2026-02-18,00:23:40,20.25,100.0,0.0,23.026,121.33
74DA38F7C37C,2026-02-18,00:23:42,12.25,100.0,0.0,25.111,121.856
74DA38F7C5BE,2026-02-18,00:23:42,15.5,78.0,9.0,25.092,121.523
74DA38F209A8,2026-02-18,00:23:44,-4.0,0.0,0.0,22.401,120.577
74DA38F7C40C,2026-02-18,00:23:44,14.12,100.0,0.0,24.995,121.52
74DA38F7C260,2026-02-18,00:23:48,15.37,100.0,0.0,25.065,121.425
74DA38ED05EA,2026-02-18,00:23:53,17.87,100.0,1.0,23.394,121.357
74DA38F20AA4,2026-02-18,00:23:53,22.87,93.0,22.0,22.685,120.492
74DA38F210A2,2026-02-18,00:24:06,15.62,100.0,1.0,25.12,121.466
74DA38F7C570,2026-02-18,00:24:06,13.5,100.0,0.0,25.239,121.63
74DA38F20AAA,2026-02-18,00:24:27,13.62,100.0,3.0,24.6,120.999
74DA38F20B80,2026-02-18,00:24:28,16.37,100.0,2.0,22.599,120.35
74DA38F7C562,2026-02-18,00:24:33,14.5,100.0,8.0,25.021,121.418
74DA38F20D2E,2026-02-18,00:24:40,15.5,100.0,0.0,25.06,121.545
74DA38F7C5E6,2026-02-18,00:24:41,16.25,100.0,3.0,25.107,121.843
74DA38F20DE0,2026-02-18,00:24:44,20.5,100.0,0.0,22.589,120.328
74DA38F21204,2026-02-18,00:24:45,21.75,100.0,1.0,25.062,121.451
74DA38F209B2,2026-02-18,00:24:47,20.37,100.0,0.0,22.363,120.599
74DA38F209F8,2026-02-18,00:24:54,18.0,100.0,0.0,23.157,121.4
74DA38F7C63C,2026-02-18,00:24:58,85.25,100.0,5.0,24.998,121.425
74DA38F7C3D6,2026-02-18,00:25:04,15.37,100.0,0.0,25.045,121.541
74DA38F20976,2026-02-18,00:25:07,14.62,96.0,9.0,25.127,121.746
74DA38ED059C,2026-02-18,00:25:08,16.75,100.0,1.0,23.706,121.412
74DA38F20D16,2026-02-18,00:25:16,16.12,100.0,10.0,25.062,121.526
74DA38F7C3BA,2026-02-18,00:25:24,118.87,46.0,99.0,25.174,121.441
74DA38F20D2A,2026-02-18,00:25:25,15.75,74.0,0.0,25.048,121.573
74DA38F20B88,2026-02-18,00:25:27,16.75,100.0,0.0,22.75,120.316
74DA38F208E2,2026-02-18,00:25:35,15.5,100.0,1.0,24.688,121.766
74DA38ED0640,2026-02-18,00:25:41,15.87,100.0,1.0,23.154,121.266
74DA38F7C41E,2026-02-18,00:25:45,16.37,75.0,5.0,25.054,121.517
74DA38F209A4,2026-02-18,00:25:48,18.25,100.0,0.0,22.702,120.572
74DA38F20B26,2026-02-18,00:25:53,18.75,100.0,26.0,22.783,120.247
74DA38F20902,2026-02-18,00:25:57,22.0,99.0,0.0,22.204,120.7
74DA38F20C26,2026-02-18,00:25:57,19.37,80.0,26.0,22.676,120.342
74DA38F20A78,2026-02-18,00:25:58,17.12,100.0,0.0,22.904,121.124
74DA38F20BE0,2026-02-18,00:25:59,18.62,100.0,0.0,22.73,120.346
74DA38F20E34,2026-02-18,00:26:04,19.5,78.0,28.0,22.586,120.313
74DA38F7C4CC,2026-02-18,00:26:05,14.62,100.0,4.0,25.062,121.451
74DA38F20F0A,2026-02-18,00:26:11,21.5,100.0,20.0,22.995,120.635
74DA38ED05B6,2026-02-18,00:26:17,17.25,100.0,2.0,23.43,121.348
74DA38F20B82,2026-02-18,00:26:20,-4.0,0.0,2.0,22.847,120.465
74DA38F21136,2026-02-18,00:26:21,15.25,100.0,5.0,25.119,121.505
74DA38F7C5A0,2026-02-18,00:26:25,16.12,91.0,0.0,25.107,121.518
74DA38F209DE,2026-02-18,00:26:28,14.62,100.0,3.0,24.861,120.964
74DA38F7C53C,2026-02-18,00:26:30,13.12,100.0,0.0,25.11,121.804
74DA38ED0630,2026-02-18,00:26:32,19.12,100.0,0.0,23.994,121.594
74DA38F20BE4,2026-02-18,00:26:51,13.5,100.0,13.0,24.791,120.957
74DA38F207DE,2026-02-18,00:27:03,18.75,100.0,36.0,22.603,120.34
74DA38F2118E,2026-02-18,00:27:04,10.75,100.0,57.0,26.148,119.935
74DA38F7C47C,2026-02-18,00:27:04,15.75,99.0,0.0,25.055,121.455
74DA38F21088,2026-02-18,00:27:11,15.0,100.0,0.0,25.068,121.588
74DA38F20D6C,2026-02-18,00:27:13,18.75,82.0,0.0,22.661,120.301
74DA38F21054,2026-02-18,00:27:14,24.25,63.0,16.0,22.898,120.627
74DA38F20D70,2026-02-18,00:27:20,17.25,100.0,0.0,23.05,121.164
74DA38F7C5CE,2026-02-18,00:27:20,13.75,96.0,0.0,25.066,121.656
74DA38F7C366,2026-02-18,00:27:24,14.62,100.0,4.0,25.002,121.516
74DA38F7C3DC,2026-02-18,00:27:24,13.62,100.0,10.0,25.003,121.539
74DA38F20A30,2026-02-18,00:27:35,14.25,91.0,0.0,24.948,121.372
74DA38F2104E,2026-02-18,00:27:36,22.37,100.0,34.0,23.108,120.7
74DA38F7C47E,2026-02-18,00:27:45,16.25,100.0,10.0,25.053963,121.427681
74DA38F7C560,2026-02-18,00:27:51,14.37,100.0,0.0,25.079,121.671
74DA38F7C610,2026-02-18,00:27:53,17.12,80.0,6.0,25.063,121.564
74DA38F7C30E,2026-02-18,00:27:59,14.75,100.0,6.0,24.949,121.382
74DA38F7C600,2026-02-18,00:27:59,21.0,60.0,2.0,25.07,121.586
74DA38F7C514,2026-02-18,00:28:03,15.5,98.0,7.0,25.051,121.518
74DA38F210F6,2026-02-18,00:28:07,21.0,100.0,0.0,22.757426,121.158891
74DA38F20AE6,2026-02-18,00:28:10,24.75,100.0,9.0,22.63,120.348
74DA38F7C616,2026-02-18,00:28:11,14.87,100.0,0.0,25.031,121.563
74DA38F20DC0,2026-02-18,00:28:12,17.75,100.0,0.0,22.711,120.295
74DA38F7C464,2026-02-18,00:28:24,13.62,34.0,0.0,25.006,121.413
74DA38F20E9E,2026-02-18,00:28:26,14.5,100.0,6.0,24.648,121.151
74DA38F20E6E,2026-02-18,00:28:37,12.87,93.0,0.0,24.41,120.902
74DA38F7C566,2026-02-18,00:28:41,16.12,100.0,0.0,25.051,121.448
74DA38F20D1A,2026-02-18,00:28:45,15.12,85.0,0.0,25.078,121.541
74DA38F20EB2,2026-02-18,00:28:47,9.37,100.0,18.0,24.324,120.835
74DA38F7C4DE,2026-02-18,00:28:48,16.37,100.0,0.0,25.09,121.462
74DA38F7C3DE,2026-02-18,00:28:57,15.75,100.0,279.0,24.972,121.537
74DA38F7C524,2026-02-18,00:29:07,12.75,100.0,23.0,25.002,121.552
74DA38F20D1E,2026-02-18,00:29:08,14.75,100.0,10.0,25.048,121.573
74DA38F21048,2026-02-18,00:29:12,18.12,100.0,34.0,22.595,120.341
74DA38F7C59C,2026-02-18,00:29:12,16.37,76.0,9.0,25.103,121.487
74DA38F7C39A,2026-02-18,00:29:14,15.12,100.0,0.0,25.002,121.414
74DA38F7C30C,2026-02-18,00:29:16,15.0,100.0,0.0,24.975,121.532
74DA38ED04F2,2026-02-18,00:29:18,18.37,100.0,0.0,23.468,121.496
74DA38F20C22,2026-02-18,00:29:22,18.37,100.0,0.0,22.729,120.357
74DA38F20BCA,2026-02-18,00:29:24,14.12,100.0,0.0,25.079,121.58
74DA38F2113E,2026-02-18,00:29:27,-4.0,0.0,7.0,22.728,120.313
74DA38F7C338,2026-02-18,00:29:27,18.0,93.0,6.0,25.011,121.458
74DA38F21024,2026-02-18,00:29:28,15.62,100.0,0.0,24.93,121.036
74DA38F7C29C,2026-02-18,00:29:32,15.75,100.0,7.0,25.02,121.416
74DA38ED06E0,2026-02-18,00:29:33,19.62,95.0,0.0,23.601,121.521
74DA38F7C3B2,2026-02-18,00:29:41,19.5,69.0,3.0,24.929,121.378
74DA38F209EE,2026-02-18,00:29:45,20.37,100.0,0.0,23.026,121.33
74DA38F210E4,2026-02-18,00:29:47,18.75,100.0,17.0,23.24,120.696
74DA38F7C5BE,2026-02-18,00:29:48,15.62,78.0,9.0,25.092,121.523
74DA38F20D4C,2026-02-18,00:29:52,20.25,100.0,0.0,22.971,121.303
74DA38F7C40C,2026-02-18,00:29:52,14.12,100.0,0.0,24.995,121.52
74DA38F7C31C,2026-02-18,00:29:54,14.25,100.0,0.0,24.93,121.372
74DA38ED05EA,2026-02-18,00:29:58,17.75,100.0,1.0,23.394,121.357
74DA38F20AA4,2026-02-18,00:30:01,22.87,93.0,22.0,22.685,120.492
74DA38F7C37C,2026-02-18,00:30:11,12.25,100.0,0.0,25.111,121.856
74DA38F210A2,2026-02-18,00:30:12,15.62,100.0,1.0,25.12,121.466
74DA38F7C260,2026-02-18,00:30:20,15.37,100.0,0.0,25.065,121.425
74DA38F7C570,2026-02-18,00:30:33,13.5,100.0,0.0,25.239,121.63
74DA38F20AAA,2026-02-18,00:30:34,13.5,100.0,3.0,24.6,120.999
74DA38F7C5E6,2026-02-18,00:30:47,16.25,100.0,3.0,25.107,121.843
74DA38F20B80,2026-02-18,00:30:56,16.5,100.0,1.0,22.599,120.35
74DA38F21204,2026-02-18,00:30:57,21.75,100.0,0.0,25.062,121.451
74DA38F7C63C,2026-02-18,00:31:05,85.25,100.0,5.0,24.998,121.425
74DA38F20D2E,2026-02-18,00:31:09,15.5,100.0,0.0,25.06,121.545
74DA38F7C562,2026-02-18,00:31:10,14.25,100.0,9.0,25.021,121.418
74DA38F20DD0,2026-02-18,00:31:12,17.75,100.0,1.0,22.6080258,120.3229833
74DA38F20DE0,2026-02-18,00:31:12,20.62,100.0,0.0,22.589,120.328
74DA38F20976,2026-02-18,00:31:14,14.62,95.0,9.0,25.127,121.746
74DA38ED059C,2026-02-18,00:31:15,16.75,100.0,0.0,23.706,121.412
74DA38F209B2,2026-02-18,00:31:15,20.5,100.0,0.0,22.363,120.599
74DA38F209F8,2026-02-18,00:31:21,18.0,100.0,0.0,23.157,121.4
74DA38F20D16,2026-02-18,00:31:22,16.25,100.0,10.0,25.062,121.526
74DA38F7C3BA,2026-02-18,00:31:25,118.87,46.0,96.0,25.174,121.441
74DA38F7C3D6,2026-02-18,00:31:33,15.12,100.0,0.0,25.045,121.541
74DA38F208E2,2026-02-18,00:31:41,15.62,100.0,5.0,24.688,121.766
74DA38ED0640,2026-02-18,00:31:48,15.87,100.0,1.0,23.154,121.266
74DA38F7C41E,2026-02-18,00:31:52,16.5,75.0,6.0,25.054,121.517
74DA38F20D2A,2026-02-18,00:31:55,15.75,73.0,2.0,25.048,121.573
74DA38F20B88,2026-02-18,00:31:56,16.87,100.0,0.0,22.75,120.316
74DA38ED0454,2026-02-18,00:32:02,19.5,100.0,0.0,24.053,121.599
74DA38F20902,2026-02-18,00:32:03,22.12,98.0,0.0,22.204,120.7
74DA38F20A78,2026-02-18,00:32:05,17.12,100.0,0.0,22.904,121.124
74DA38F20B26,2026-02-18,00:32:07,18.87,100.0,25.0,22.783,120.247
74DA38F20C26,2026-02-18,00:32:12,19.12,80.0,27.0,22.676,120.342
74DA38F7C4CC,2026-02-18,00:32:15,14.75,100.0,5.0,25.062,121.451
74DA38F20E34,2026-02-18,00:32:16,19.5,77.0,28.0,22.586,120.313
74DA38F209A4,2026-02-18,00:32:17,18.25,100.0,0.0,22.702,120.572
74DA38F20F0A,2026-02-18,00:32:21,21.75,100.0,20.0,22.995,120.635
74DA38F20BD0,2026-02-18,00:32:22,-4.0,0.0,23.0,22.688,120.408
74DA38ED05B6,2026-02-18,00:32:23,17.5,100.0,1.0,23.43,121.348
74DA38F20BE0,2026-02-18,00:32:28,18.75,100.0,0.0,22.73,120.346
74DA38F21136,2026-02-18,00:32:28,15.25,100.0,5.0,25.119,121.505
74DA38F7C5A0,2026-02-18,00:32:53,16.12,91.0,0.0,25.107,121.518
74DA38F20B5C,2026-02-18,00:32:54,-4.0,0.0,26.0,22.798,120.293
74DA38F209DE,2026-02-18,00:32:57,14.75,100.0,0.0,24.861,120.964
74DA38F7C53C,2026-02-18,00:32:57,13.25,100.0,0.0,25.11,121.804
74DA38F20BE4,2026-02-18,00:32:58,13.62,100.0,14.0,24.791,120.957
74DA38ED0630,2026-02-18,00:33:00,19.25,100.0,0.0,23.994,121.594
74DA38F7C47C,2026-02-18,00:33:13,15.75,99.0,0.0,25.055,121.455
74DA38F207DE,2026-02-18,00:33:14,18.75,100.0,37.0,22.603,120.34
74DA38F21054,2026-02-18,00:33:21,24.37,63.0,16.0,22.898,120.627
74DA38F209A8,2026-02-18,00:33:22,-4.0,0.0,0.0,22.401,120.577
74DA38F20D70,2026-02-18,00:33:26,17.37,100.0,0.0,23.05,121.164
74DA38F7C366,2026-02-18,00:33:30,14.37,100.0,4.0,25.002,121.516
74DA38F7C3DC,2026-02-18,00:33:31,13.62,100.0,10.0,25.003,121.539
74DA38F21088,2026-02-18,00:33:38,15.0,100.0,0.0,25.068,121.588
74DA38F2118E,2026-02-18,00:33:38,10.87,100.0,58.0,26.148,119.935
74DA38F20D6C,2026-02-18,00:33:42,18.87,82.0,0.0,22.661,120.301
74DA38F2104E,2026-02-18,00:33:47,22.62,100.0,33.0,23.108,120.7
74DA38F7C5CE,2026-02-18,00:33:49,13.75,96.0,0.0,25.066,121.656
74DA38F7C47E,2026-02-18,00:33:52,16.37,100.0,10.0,25.053963,121.427681
74DA38F7C610,2026-02-18,00:33:59,17.12,80.0,7.0,25.063,121.564
74DA38F20A30,2026-02-18,00:34:04,14.37,91.0,0.0,24.948,121.372
74DA38F7C600,2026-02-18,00:34:04,21.25,60.0,2.0,25.07,121.586
74DA38F7C30E,2026-02-18,00:34:08,15.0,100.0,7.0,24.949,121.382
74DA38F7C514,2026-02-18,00:34:11,15.37,98.0,8.0,25.051,121.518
74DA38F210F6,2026-02-18,00:34:12,21.0,100.0,1.0,22.757426,121.158891
74DA38F20AE6,2026-02-18,00:34:16,24.75,100.0,10.0,22.63,120.348
74DA38F7C616,2026-02-18,00:34:18,14.87,100.0,0.0,25.031,121.563
74DA38F7C560,2026-02-18,00:34:19,14.5,100.0,0.0,25.079,121.671
74DA38F20E9E,2026-02-18,00:34:32,14.37,100.0,4.0,24.648,121.151
74DA38F20E6E,2026-02-18,00:34:39,12.87,93.0,0.0,24.41,120.902
74DA38F20DC0,2026-02-18,00:34:41,17.75,100.0,2.0,22.711,120.295
74DA38F7C3DE,2026-02-18,00:34:53,15.75,100.0,299.0,24.972,121.537
74DA38F7C464,2026-02-18,00:34:54,13.62,37.0,0.0,25.006,121.413
74DA38F20EB2,2026-02-18,00:34:57,9.37,100.0,19.0,24.324,120.835
74DA38F7C4DE,2026-02-18,00:35:00,16.37,100.0,0.0,25.09,121.462
74DA38F7C566,2026-02-18,00:35:09,16.12,100.0,0.0,25.051,121.448
74DA38F20D1A,2026-02-18,00:35:13,15.0,84.0,0.0,25.078,121.541
74DA38F20D1E,2026-02-18,00:35:17,14.87,100.0,10.0,25.048,121.573
74DA38F7C59C,2026-02-18,00:35:19,16.37,76.0,9.0,25.103,121.487
74DA38F7C30C,2026-02-18,00:35:26,14.87,100.0,0.0,24.975,121.532
74DA38ED04F2,2026-02-18,00:35:30,18.25,100.0,0.0,23.468,121.496
74DA38F7C29C,2026-02-18,00:35:38,15.87,100.0,7.0,25.02,121.416
74DA38F7C524,2026-02-18,00:35:39,12.87,100.0,26.0,25.002,121.552
74DA38ED06E0,2026-02-18,00:35:40,19.75,95.0,0.0,23.601,121.521
74DA38F7C39A,2026-02-18,00:35:43,15.12,100.0,0.0,25.002,121.414
74DA38F7C3B2,2026-02-18,00:35:48,19.5,69.0,3.0,24.929,121.378
74DA38F20C22,2026-02-18,00:35:50,18.25,100.0,0.0,22.729,120.357
74DA38F21048,2026-02-18,00:35:50,18.5,100.0,31.0,22.595,120.341
74DA38F209EE,2026-02-18,00:35:51,20.37,100.0,0.0,23.026,121.33
74DA38F20B82,2026-02-18,00:35:53,-4.0,0.0,2.0,22.847,120.465
74DA38F210E4,2026-02-18,00:35:54,19.0,100.0,12.0,23.24,120.696
74DA38F21024,2026-02-18,00:35:55,15.75,100.0,0.0,24.93,121.036
74DA38F7C5BE,2026-02-18,00:35:55,15.62,78.0,9.0,25.092,121.523
74DA38F20BCA,2026-02-18,00:35:59,14.12,100.0,0.0,25.079,121.58
74DA38F7C40C,2026-02-18,00:36:00,14.12,100.0,0.0,24.995,121.52
74DA38ED05EA,2026-02-18,00:36:03,17.75,100.0,2.0,23.394,121.357
74DA38F20AA4,2026-02-18,00:36:11,23.0,93.0,22.0,22.685,120.492
74DA38F210A2,2026-02-18,00:36:18,15.62,100.0,1.0,25.12,121.466
74DA38F20D4C,2026-02-18,00:36:19,20.12,100.0,0.0,22.971,121.303
74DA38F7C31C,2026-02-18,00:36:26,14.25,100.0,0.0,24.93,121.372
74DA38F20AAA,2026-02-18,00:36:39,13.62,100.0,3.0,24.6,120.999
74DA38F7C37C,2026-02-18,00:36:39,12.12,100.0,0.0,25.111,121.856
74DA38F2113E,2026-02-18,00:36:44,-4.0,0.0,4.0,22.728,120.313
74DA38F7C260,2026-02-18,00:36:48,15.37,100.0,0.0,25.065,121.425
74DA38F7C5E6,2026-02-18,00:36:56,16.25,100.0,3.0,25.107,121.843
74DA38F7C570,2026-02-18,00:37:01,13.5,100.0,0.0,25.239,121.63
74DA38F21204,2026-02-18,00:37:05,21.75,100.0,0.0,25.062,121.451
74DA38F7C63C,2026-02-18,00:37:13,85.25,100.0,6.0,24.998,121.425
74DA38F20976,2026-02-18,00:37:20,14.75,96.0,9.0,25.127,121.746
74DA38F7C562,2026-02-18,00:37:20,14.62,100.0,10.0,25.021,121.418
74DA38ED059C,2026-02-18,00:37:22,16.5,100.0,1.0,23.706,121.412
74DA38F20B80,2026-02-18,00:37:25,16.87,100.0,0.0,22.599,120.35
74DA38F20D16,2026-02-18,00:37:28,16.25,100.0,9.0,25.062,121.526
74DA38F7C3BA,2026-02-18,00:37:29,118.87,46.0,98.0,25.174,121.441
74DA38F20D2E,2026-02-18,00:37:38,15.62,100.0,0.0,25.06,121.545
74DA38F20DD0,2026-02-18,00:37:41,17.75,100.0,0.0,22.6080258,120.3229833
74DA38F209B2,2026-02-18,00:37:43,20.62,100.0,2.0,22.363,120.599
74DA38F20DE0,2026-02-18,00:37:44,20.75,100.0,0.0,22.589,120.328
74DA38F208E2,2026-02-18,00:37:47,15.37,100.0,5.0,24.688,121.766
74DA38F209F8,2026-02-18,00:37:50,18.12,100.0,0.0,23.157,121.4
74DA38ED0640,2026-02-18,00:37:54,15.87,100.0,1.0,23.154,121.266
74DA38F7C41E,2026-02-18,00:37:58,16.5,74.0,8.0,25.054,121.517
74DA38F7C3D6,2026-02-18,00:38:01,15.12,100.0,0.0,25.045,121.541
74DA38ED0454,2026-02-18,00:38:09,19.62,100.0,0.0,24.053,121.599
74DA38F20902,2026-02-18,00:38:09,22.12,98.0,0.0,22.204,120.7
74DA38F20A78,2026-02-18,00:38:12,17.25,100.0,0.0,22.904,121.124
74DA38F7C4CC,2026-02-18,00:38:21,14.87,100.0,4.0,25.062,121.451
74DA38F20C26,2026-02-18,00:38:22,19.12,80.0,26.0,22.676,120.342
74DA38F20B88,2026-02-18,00:38:23,17.0,100.0,0.0,22.75,120.316
74DA38F20D2A,2026-02-18,00:38:24,15.87,73.0,0.0,25.048,121.573
74DA38F20B26,2026-02-18,00:38:25,19.0,100.0,26.0,22.783,120.247
74DA38F20E34,2026-02-18,00:38:29,19.5,77.0,28.0,22.586,120.313
74DA38ED05B6,2026-02-18,00:38:30,17.75,100.0,1.0,23.43,121.348
74DA38F20F0A,2026-02-18,00:38:31,22.0,100.0,20.0,22.995,120.635
74DA38F21136,2026-02-18,00:38:34,15.37,100.0,5.0,25.119,121.505
74DA38F209A4,2026-02-18,00:38:46,18.25,100.0,0.0,22.702,120.572
74DA38F20BE4,2026-02-18,00:39:05,13.62,100.0,13.0,24.791,120.957
74DA38F7C47C,2026-02-18,00:39:21,15.75,98.0,0.0,25.055,121.455
74DA38F7C5A0,2026-02-18,00:39:22,16.12,90.0,0.0,25.107,121.518
74DA38F7C53C,2026-02-18,00:39:25,13.37,100.0,0.0,25.11,121.804
74DA38F209DE,2026-02-18,00:39:26,14.87,100.0,1.0,24.861,120.964
74DA38F207DE,2026-02-18,00:39:27,19.25,100.0,36.0,22.603,120.34
74DA38F21054,2026-02-18,00:39:27,24.37,63.0,16.0,22.898,120.627
74DA38ED0630,2026-02-18,00:39:31,19.25,100.0,0.0,23.994,121.594
74DA38F20D70,2026-02-18,00:39:31,17.37,100.0,0.0,23.05,121.164
74DA38F7C366,2026-02-18,00:39:37,14.5,100.0,3.0,25.002,121.516
74DA38F7C3DC,2026-02-18,00:39:38,13.75,100.0,9.0,25.003,121.539
74DA38F2104E,2026-02-18,00:39:55,23.25,100.0,34.0,23.108,120.7
74DA38F7C47E,2026-02-18,00:39:58,16.37,100.0,10.0,25.053963,121.427681
74DA38F7C610,2026-02-18,00:40:04,17.0,80.0,7.0,25.063,121.564
74DA38F21088,2026-02-18,00:40:07,15.0,100.0,0.0,25.068,121.588
74DA38F20D6C,2026-02-18,00:40:10,19.0,82.0,0.0,22.661,120.301
74DA38F7C600,2026-02-18,00:40:10,21.25,59.0,2.0,25.07,121.586
74DA38F2118E,2026-02-18,00:40:12,10.87,100.0,57.0,26.148,119.935
74DA38F7C5CE,2026-02-18,00:40:16,14.0,96.0,0.0,25.066,121.656
74DA38F210F6,2026-02-18,00:40:17,21.12,100.0,1.0,22.757426,121.158891
74DA38F7C514,2026-02-18,00:40:18,15.62,97.0,7.0,25.051,121.518
74DA38F7C30E,2026-02-18,00:40:19,15.0,100.0,7.0,24.949,121.382
74DA38F20AE6,2026-02-18,00:40:23,24.75,100.0,10.0,22.63,120.348
74DA38F7C616,2026-02-18,00:40:25,14.87,100.0,0.0,25.031,121.563
74DA38F20A30,2026-02-18,00:40:33,14.37,90.0,0.0,24.948,121.372
74DA38F20E9E,2026-02-18,00:40:38,14.5,100.0,7.0,24.648,121.151
74DA38F20E6E,2026-02-18,00:40:40,12.75,93.0,0.0,24.41,120.902
74DA38F7C560,2026-02-18,00:40:48,14.5,100.0,0.0,25.079,121.671
74DA38F7C3DE,2026-02-18,00:40:49,15.87,100.0,291.0,24.972,121.537
74DA38F20EB2,2026-02-18,00:41:06,9.62,100.0,19.0,24.324,120.835
74DA38F7C4DE,2026-02-18,00:41:06,16.5,100.0,0.0,25.09,121.462
74DA38F20DC0,2026-02-18,00:41:11,17.87,100.0,2.0,22.711,120.295
74DA38F7C464,2026-02-18,00:41:24,13.62,36.0,0.0,25.006,121.413
74DA38F20D1E,2026-02-18,00:41:25,14.87,100.0,10.0,25.048,121.573
74DA38F7C59C,2026-02-18,00:41:25,16.5,75.0,9.0,25.103,121.487
74DA38F7C30C,2026-02-18,00:41:33,14.87,100.0,0.0,24.975,121.532
74DA38F7C566,2026-02-18,00:41:37,16.12,100.0,0.0,25.051,121.448
74DA38ED04F2,2026-02-18,00:41:38,18.25,100.0,0.0,23.468,121.496
74DA38F20D1A,2026-02-18,00:41:41,15.12,85.0,0.0,25.078,121.541
74DA38F7C29C,2026-02-18,00:41:44,15.75,100.0,7.0,25.02,121.416
74DA38ED06E0,2026-02-18,00:41:47,19.62,94.0,0.0,23.601,121.521
74DA38F7C3B2,2026-02-18,00:41:54,19.5,69.0,3.0,24.929,121.378
74DA38F209EE,2026-02-18,00:41:57,20.62,100.0,0.0,23.026,121.33
74DA38F7C5BE,2026-02-18,00:42:02,15.62,78.0,9.0,25.092,121.523
74DA38F210E4,2026-02-18,00:42:03,19.37,100.0,12.0,23.24,120.696
74DA38F7C40C,2026-02-18,00:42:07,14.25,100.0,0.0,24.995,121.52
74DA38F7C524,2026-02-18,00:42:08,13.0,100.0,24.0,25.002,121.552
74DA38ED05EA,2026-02-18,00:42:10,17.62,100.0,2.0,23.394,121.357
74DA38F7C39A,2026-02-18,00:42:11,15.12,100.0,0.0,25.002,121.414
74DA38F20C22,2026-02-18,00:42:17,18.5,100.0,0.0,22.729,120.357
74DA38F20AA4,2026-02-18,00:42:19,23.0,92.0,22.0,22.685,120.492
74DA38F20B5C,2026-02-18,00:42:22,-4.0,0.0,26.0,22.798,120.293
74DA38F21048,2026-02-18,00:42:23,18.62,100.0,30.0,22.595,120.341
74DA38F21024,2026-02-18,00:42:24,15.75,100.0,0.0,24.93,121.036
74DA38F210A2,2026-02-18,00:42:24,15.5,100.0,1.0,25.12,121.466
74DA38F20BCA,2026-02-18,00:42:28,14.25,100.0,0.0,25.079,121.58
74DA38F20AAA,2026-02-18,00:42:45,13.62,100.0,3.0,24.6,120.999
74DA38F20D4C,2026-02-18,00:42:47,20.25,100.0,0.0,22.971,121.303
74DA38F20BD0,2026-02-18,00:42:55,-4.0,0.0,23.0,22.688,120.408
74DA38F7C31C,2026-02-18,00:42:55,14.37,100.0,0.0,24.93,121.372
74DA38F209A8,2026-02-18,00:43:00,-4.0,0.0,1.0,22.401,120.577
74DA38F7C5E6,2026-02-18,00:43:02,16.25,100.0,3.0,25.107,121.843
74DA38F7C37C,2026-02-18,00:43:07,12.25,100.0,0.0,25.111,121.856
74DA38F21204,2026-02-18,00:43:11,21.62,100.0,0.0,25.062,121.451
74DA38F7C260,2026-02-18,00:43:18,15.37,100.0,0.0,25.065,121.425
74DA38F7C63C,2026-02-18,00:43:20,85.25,100.0,5.0,24.998,121.425
74DA38ED059C,2026-02-18,00:43:28,16.37,100.0,0.0,23.706,121.412
74DA38F7C562,2026-02-18,00:43:28,14.87,79.0,8.0,25.021,121.418
74DA38F20976,2026-02-18,00:43:29,14.75,94.0,9.0,25.127,121.746
74DA38F7C570,2026-02-18,00:43:30,13.5,100.0,0.0,25.239,121.63
74DA38F7C3BA,2026-02-18,00:43:31,118.87,46.0,100.0,25.174,121.441
74DA38F20D16,2026-02-18,00:43:34,16.12,100.0,8.0,25.062,121.526
74DA38F208E2,2026-02-18,00:43:52,15.25,100.0,6.0,24.688,121.766
74DA38F20B80,2026-02-18,00:43:53,17.12,100.0,0.0,22.599,120.35
74DA38ED0640,2026-02-18,00:44:01,15.75,100.0,1.0,23.154,121.266
74DA38F2113E,2026-02-18,00:44:02,-4.0,0.0,7.0,22.728,120.313
74DA38F7C41E,2026-02-18,00:44:05,16.37,74.0,7.0,25.054,121.517
74DA38F20D2E,2026-02-18,00:44:07,15.62,100.0,0.0,25.06,121.545
74DA38F209B2,2026-02-18,00:44:10,20.75,100.0,0.0,22.363,120.599
74DA38F20DD0,2026-02-18,00:44:10,17.87,100.0,0.0,22.6080258,120.3229833
74DA38F20DE0,2026-02-18,00:44:13,20.75,100.0,2.0,22.589,120.328
74DA38F20902,2026-02-18,00:44:15,22.25,98.0,0.0,22.204,120.7
74DA38F20A78,2026-02-18,00:44:18,17.12,100.0,0.0,22.904,121.124
74DA38F209F8,2026-02-18,00:44:19,18.12,100.0,0.0,23.157,121.4
74DA38ED0454,2026-02-18,00:44:23,19.62,100.0,1.0,24.053,121.599
74DA38F7C3D6,2026-02-18,00:44:28,15.25,100.0,0.0,25.045,121.541
74DA38F7C4CC,2026-02-18,00:44:30,14.75,100.0,5.0,25.062,121.451
74DA38F20C26,2026-02-18,00:44:35,19.12,80.0,26.0,22.676,120.342
74DA38F20F0A,2026-02-18,00:44:37,22.0,100.0,19.0,22.995,120.635
74DA38ED05B6,2026-02-18,00:44:39,17.87,100.0,2.0,23.43,121.348
74DA38F21136,2026-02-18,00:44:41,15.37,99.0,4.0,25.119,121.505
74DA38F20E34,2026-02-18,00:44:42,19.75,77.0,27.0,22.586,120.313
74DA38F20B88,2026-02-18,00:44:51,17.25,100.0,0.0,22.75,120.316
74DA38F20D2A,2026-02-18,00:44:56,15.87,73.0,0.0,25.048,121.573
74DA38F20BE4,2026-02-18,00:45:13,13.62,100.0,13.0,24.791,120.957
74DA38F209A4,2026-02-18,00:45:14,18.5,100.0,0.0,22.702,120.572
74DA38F20B82,2026-02-18,00:45:26,-4.0,0.0,2.0,22.847,120.465
74DA38F7C47C,2026-02-18,00:45:30,15.87,98.0,0.0,25.055,121.455
74DA38F21054,2026-02-18,00:45:33,24.37,63.0,16.0,22.898,120.627
74DA38F207DE,2026-02-18,00:45:37,19.75,100.0,35.0,22.603,120.34
74DA38F20D70,2026-02-18,00:45:38,17.37,100.0,0.0,23.05,121.164
74DA38F7C366,2026-02-18,00:45:44,14.87,100.0,4.0,25.002,121.516
74DA38F7C3DC,2026-02-18,00:45:44,13.75,100.0,8.0,25.003,121.539
74DA38F7C5A0,2026-02-18,00:45:51,16.12,90.0,0.0,25.107,121.518
74DA38F209DE,2026-02-18,00:45:53,14.87,100.0,1.0,24.861,120.964
74DA38F20BE0,2026-02-18,00:45:53,19.12,100.0,0.0,22.73,120.346
74DA38F7C53C,2026-02-18,00:45:55,13.37,100.0,0.0,25.11,121.804
74DA38ED0630,2026-02-18,00:46:01,19.12,100.0,0.0,23.994,121.594
74DA38F7C47E,2026-02-18,00:46:05,16.37,100.0,10.0,25.053963,121.427681
74DA38F2104E,2026-02-18,00:46:07,24.0,100.0,33.0,23.108,120.7
74DA38F7C610,2026-02-18,00:46:10,17.12,80.0,7.0,25.063,121.564
74DA38F7C600,2026-02-18,00:46:16,21.37,59.0,2.0,25.07,121.586
74DA38F210F6,2026-02-18,00:46:23,21.12,100.0,2.0,22.757426,121.158891
74DA38F7C514,2026-02-18,00:46:25,15.5,96.0,7.0,25.051,121.518
74DA38F7C30E,2026-02-18,00:46:28,14.87,100.0,6.0,24.949,121.382
74DA38F20AE6,2026-02-18,00:46:30,24.75,100.0,10.0,22.63,120.348
74DA38F21088,2026-02-18,00:46:36,15.0,100.0,0.0,25.068,121.588
74DA38F20D6C,2026-02-18,00:46:37,19.0,82.0,0.0,22.661,120.301
74DA38F7C616,2026-02-18,00:46:37,14.87,100.0,0.0,25.031,121.563
74DA38F20E6E,2026-02-18,00:46:42,12.87,93.0,0.0,24.41,120.902
74DA38F20E9E,2026-02-18,00:46:44,14.37,100.0,4.0,24.648,121.151
74DA38F7C3DE,2026-02-18,00:46:46,16.0,100.0,295.0,24.972,121.537
74DA38F7C5CE,2026-02-18,00:46:46,14.0,96.0,1.0,25.066,121.656
74DA38F2118E,2026-02-18,00:46:51,10.87,100.0,57.0,26.148,119.935
74DA38F20A30,2026-02-18,00:47:01,14.37,90.0,0.0,24.948,121.372
74DA38F7C4DE,2026-02-18,00:47:15,16.62,100.0,0.0,25.09,121.462
74DA38F20EB2,2026-02-18,00:47:16,9.62,100.0,19.0,24.324,120.835
74DA38F7C560,2026-02-18,00:47:17,14.5,100.0,0.0,25.079,121.671
74DA38F7C59C,2026-02-18,00:47:31,16.5,75.0,9.0,25.103,121.487
74DA38F20D1E,2026-02-18,00:47:33,15.0,100.0,9.0,25.048,121.573
74DA38F20DC0,2026-02-18,00:47:37,18.12,100.0,1.0,22.711,120.295
74DA38ED04F2,2026-02-18,00:47:48,18.25,100.0,0.0,23.468,121.496
74DA38F7C29C,2026-02-18,00:47:50,15.75,100.0,7.0,25.02,121.416
74DA38F7C30C,2026-02-18,00:47:52,15.0,100.0,0.0,24.975,121.532
74DA38F7C464,2026-02-18,00:47:53,13.62,37.0,0.0,25.006,121.413
74DA38ED06E0,2026-02-18,00:47:54,19.62,95.0,0.0,23.601,121.521
74DA38F7C3B2,2026-02-18,00:48:01,19.5,69.0,3.0,24.929,121.378
74DA38F209EE,2026-02-18,00:48:03,20.62,100.0,0.0,23.026,121.33
74DA38F7C566,2026-02-18,00:48:05,16.12,100.0,0.0,25.051,121.448
74DA38F7C5BE,2026-02-18,00:48:08,15.62,78.0,8.0,25.092,121.523
74DA38F20D1A,2026-02-18,00:48:11,15.12,84.0,0.0,25.078,121.541
74DA38F210E4,2026-02-18,00:48:12,19.25,100.0,12.0,23.24,120.696
74DA38F7C40C,2026-02-18,00:48:14,14.5,100.0,0.0,24.995,121.52
74DA38ED05EA,2026-02-18,00:48:15,17.75,100.0,2.0,23.394,121.357
74DA38F20AA4,2026-02-18,00:48:28,23.12,92.0,23.0,22.685,120.492
74DA38F210A2,2026-02-18,00:48:30,15.37,100.0,1.0,25.12,121.466
74DA38F7C524,2026-02-18,00:48:36,13.0,100.0,24.0,25.002,121.552
74DA38F7C39A,2026-02-18,00:48:40,15.12,100.0,0.0,25.002,121.414
74DA38F20C22,2026-02-18,00:48:47,18.87,100.0,0.0,22.729,120.357
74DA38F20AAA,2026-02-18,00:48:51,13.62,100.0,4.0,24.6,120.999
74DA38F21024,2026-02-18,00:48:52,15.62,100.0,0.0,24.93,121.036
74DA38F21048,2026-02-18,00:48:55,19.12,100.0,29.0,22.595,120.341
74DA38F20BCA,2026-02-18,00:48:56,14.37,100.0,0.0,25.079,121.58
74DA38F7C5E6,2026-02-18,00:49:10,16.25,100.0,3.0,25.107,121.843
74DA38F20D4C,2026-02-18,00:49:15,20.25,100.0,0.0,22.971,121.303
74DA38F21204,2026-02-18,00:49:17,21.62,100.0,0.0,25.062,121.451
74DA38F7C31C,2026-02-18,00:49:25,14.37,100.0,0.0,24.93,121.372
74DA38F7C63C,2026-02-18,00:49:28,85.25,100.0,5.0,24.998,121.425
74DA38F7C3BA,2026-02-18,00:49:32,118.87,46.0,95.0,25.174,121.441
74DA38ED059C,2026-02-18,00:49:35,16.5,100.0,0.0,23.706,121.412
74DA38F20976,2026-02-18,00:49:36,15.0,94.0,9.0,25.127,121.746
74DA38F7C37C,2026-02-18,00:49:36,12.12,100.0,0.0,25.111,121.856
74DA38F20D16,2026-02-18,00:49:43,16.0,100.0,9.0,25.062,121.526
74DA38F7C562,2026-02-18,00:49:45,14.5,59.0,8.0,25.021,121.418
74DA38F7C260,2026-02-18,00:49:49,15.37,100.0,0.0,25.065,121.425
74DA38F208E2,2026-02-18,00:49:58,15.12,100.0,7.0,24.688,121.766
74DA38F7C570,2026-02-18,00:49:59,13.5,100.0,0.0,25.239,121.63
74DA38ED0640,2026-02-18,00:50:07,15.75,100.0,1.0,23.154,121.266
74DA38F7C41E,2026-02-18,00:50:12,16.37,74.0,6.0,25.054,121.517
74DA38F20902,2026-02-18,00:50:21,22.37,97.0,0.0,22.204,120.7
74DA38F20B80,2026-02-18,00:50:21,17.37,100.0,0.0,22.599,120.35
74DA38F20A78,2026-02-18,00:50:25,17.0,100.0,0.0,22.904,121.124
74DA38ED0454,2026-02-18,00:50:35,19.5,100.0,1.0,24.053,121.599
74DA38F20D2E,2026-02-18,00:50:36,15.62,100.0,0.0,25.06,121.545
74DA38F209B2,2026-02-18,00:50:37,21.0,100.0,0.0,22.363,120.599
74DA38F7C4CC,2026-02-18,00:50:37,14.87,100.0,4.0,25.062,121.451
74DA38F20DD0,2026-02-18,00:50:40,18.0,100.0,1.0,22.6080258,120.3229833
74DA38ED05B6,2026-02-18,00:50:44,18.0,100.0,2.0,23.43,121.348
74DA38F20DE0,2026-02-18,00:50:45,21.12,100.0,1.0,22.589,120.328
74DA38F20C26,2026-02-18,00:50:46,19.12,80.0,25.0,22.676,120.342
74DA38F20F0A,2026-02-18,00:50:46,22.0,100.0,20.0,22.995,120.635
74DA38F21136,2026-02-18,00:50:48,15.37,99.0,6.0,25.119,121.505
74DA38F209F8,2026-02-18,00:50:49,18.25,100.0,0.0,23.157,121.4
74DA38F20E34,2026-02-18,00:50:55,20.0,77.0,26.0,22.586,120.313
74DA38F7C3D6,2026-02-18,00:50:56,15.37,100.0,0.0,25.045,121.541
74DA38F20BE4,2026-02-18,00:51:19,13.75,100.0,13.0,24.791,120.957
74DA38F20B88,2026-02-18,00:51:20,17.5,100.0,0.0,22.75,120.316
74DA38F2113E,2026-02-18,00:51:21,-4.0,0.0,8.0,22.728,120.313
74DA38F20D2A,2026-02-18,00:51:35,16.0,73.0,0.0,25.048,121.573
74DA38F7C47C,2026-02-18,00:51:39,15.87,99.0,0.0,25.055,121.455
74DA38F21054,2026-02-18,00:51:41,24.37,63.0,16.0,22.898,120.627
74DA38F209A4,2026-02-18,00:51:42,18.87,100.0,0.0,22.702,120.572
74DA38F20D70,2026-02-18,00:51:44,17.37,100.0,0.0,23.05,121.164
74DA38F207DE,2026-02-18,00:51:47,19.5,100.0,37.0,22.603,120.34
74DA38F20B5C,2026-02-18,00:51:50,-4.0,0.0,27.0,22.798,120.293
74DA38F7C366,2026-02-18,00:51:51,14.75,100.0,4.0,25.002,121.516
74DA38F7C3DC,2026-02-18,00:51:51,13.87,100.0,8.0,25.003,121.539
74DA38F7C47E,2026-02-18,00:52:12,16.5,100.0,10.0,25.053963,121.427681
74DA38F7C610,2026-02-18,00:52:16,17.25,79.0,6.0,25.063,121.564
74DA38F2104E,2026-02-18,00:52:18,24.37,100.0,32.0,23.108,120.7
74DA38F7C5A0,2026-02-18,00:52:18,16.25,90.0,0.0,25.107,121.518
74DA38F7C53C,2026-02-18,00:52:21,13.5,100.0,0.0,25.11,121.804
74DA38F209DE,2026-02-18,00:52:22,14.87,100.0,1.0,24.861,120.964
74DA38F20BE0,2026-02-18,00:52:22,19.5,100.0,0.0,22.73,120.346
74DA38F7C600,2026-02-18,00:52:22,21.5,59.0,2.0,25.07,121.586
74DA38ED0630,2026-02-18,00:52:31,18.87,100.0,0.0,23.994,121.594
74DA38F7C514,2026-02-18,00:52:31,15.5,97.0,7.0,25.051,121.518
74DA38F7C30E,2026-02-18,00:52:34,15.0,100.0,6.0,24.949,121.382
74DA38F20AE6,2026-02-18,00:52:36,24.75,100.0,10.0,22.63,120.348
74DA38F209A8,2026-02-18,00:52:39,-4.0,0.0,0.0,22.401,120.577
74DA38F7C3DE,2026-02-18,00:52:42,15.87,100.0,279.0,24.972,121.537
74DA38F20E6E,2026-02-18,00:52:44,12.75,93.0,0.0,24.41,120.902
74DA38F7C616,2026-02-18,00:52:45,14.87,100.0,0.0,25.031,121.563
74DA38F20E9E,2026-02-18,00:52:49,14.37,100.0,4.0,24.648,121.151
74DA38F20D6C,2026-02-18,00:53:04,19.12,82.0,0.0,22.661,120.301
74DA38F21088,2026-02-18,00:53:05,15.0,100.0,0.0,25.068,121.588
74DA38F7C5CE,2026-02-18,00:53:15,14.12,96.0,0.0,25.066,121.656
74DA38F7C4DE,2026-02-18,00:53:24,16.62,100.0,0.0,25.09,121.462
74DA38F20EB2,2026-02-18,00:53:25,9.5,100.0,18.0,24.324,120.835
74DA38F20BD0,2026-02-18,00:53:29,-4.0,0.0,23.0,22.688,120.408
74DA38F2118E,2026-02-18,00:53:29,10.87,100.0,58.0,26.148,119.935
74DA38F20A30,2026-02-18,00:53:30,14.5,90.0,0.0,24.948,121.372
74DA38F7C59C,2026-02-18,00:53:36,16.62,75.0,9.0,25.103,121.487
74DA38F7C560,2026-02-18,00:53:45,14.62,100.0,0.0,25.079,121.671
74DA38ED04F2,2026-02-18,00:53:56,18.25,100.0,0.0,23.468,121.496
74DA38F7C29C,2026-02-18,00:53:56,15.87,100.0,7.0,25.02,121.416
74DA38F7C30C,2026-02-18,00:54:00,15.0,100.0,0.0,24.975,121.532
74DA38ED06E0,2026-02-18,00:54:01,19.5,95.0,0.0,23.601,121.521
74DA38F20DC0,2026-02-18,00:54:07,18.25,100.0,2.0,22.711,120.295
74DA38F7C3B2,2026-02-18,00:54:07,19.5,69.0,3.0,24.929,121.378
74DA38F20D1E,2026-02-18,00:54:08,15.0,100.0,10.0,25.048,121.573
74DA38F209EE,2026-02-18,00:54:09,20.75,100.0,0.0,23.026,121.33
74DA38F7C5BE,2026-02-18,00:54:15,15.62,77.0,8.0,25.092,121.523
74DA38F210E4,2026-02-18,00:54:19,19.5,100.0,11.0,23.24,120.696
74DA38ED05EA,2026-02-18,00:54:22,17.87,100.0,3.0,23.394,121.357
74DA38F7C40C,2026-02-18,00:54:22,14.37,100.0,0.0,24.995,121.52
74DA38F7C464,2026-02-18,00:54:25,13.75,34.0,0.0,25.006,121.413
74DA38F20AA4,2026-02-18,00:54:35,23.25,92.0,24.0,22.685,120.492
74DA38F7C566,2026-02-18,00:54:35,16.0,100.0,0.0,25.051,121.448
74DA38F210A2,2026-02-18,00:54:36,15.62,100.0,1.0,25.12,121.466
74DA38F20D1A,2026-02-18,00:54:39,15.12,84.0,0.0,25.078,121.541
74DA38F20AAA,2026-02-18,00:54:57,13.62,100.0,4.0,24.6,120.999
74DA38F20B82,2026-02-18,00:54:58,-4.0,0.0,1.0,22.847,120.465
74DA38F7C39A,2026-02-18,00:55:10,15.12,100.0,0.0,25.002,121.414
74DA38F7C524,2026-02-18,00:55:17,13.0,100.0,24.0,25.002,121.552
74DA38F21024,2026-02-18,00:55:19,15.62,100.0,0.0,24.93,121.036
74DA38F7C5E6,2026-02-18,00:55:21,16.25,100.0,4.0,25.107,121.843
74DA38F21204,2026-02-18,00:55:23,21.62,100.0,0.0,25.062,121.451
74DA38F20C22,2026-02-18,00:55:24,19.25,100.0,0.0,22.729,120.357
74DA38F21048,2026-02-18,00:55:28,19.12,100.0,31.0,22.595,120.341
74DA38F7C3BA,2026-02-18,00:55:32,118.87,46.0,100.0,25.174,121.441
74DA38F7C63C,2026-02-18,00:55:35,85.25,100.0,5.0,24.998,121.425
74DA38F20D4C,2026-02-18,00:55:42,20.62,100.0,0.0,22.971,121.303
74DA38ED059C,2026-02-18,00:55:43,16.37,100.0,0.0,23.706,121.412
74DA38F20976,2026-02-18,00:55:44,15.0,94.0,9.0,25.127,121.746
74DA38F20D16,2026-02-18,00:55:52,15.87,99.0,9.0,25.062,121.526
74DA38F7C31C,2026-02-18,00:55:54,14.5,100.0,0.0,24.93,121.372
74DA38F208E2,2026-02-18,00:56:04,15.0,100.0,6.0,24.688,121.766
74DA38F7C37C,2026-02-18,00:56:04,12.0,100.0,0.0,25.111,121.856
74DA38ED0640,2026-02-18,00:56:13,15.75,100.0,1.0,23.154,121.266
74DA38F7C562,2026-02-18,00:56:15,14.37,41.0,9.0,25.021,121.418
74DA38F7C260,2026-02-18,00:56:18,15.5,100.0,0.0,25.065,121.425
74DA38F7C41E,2026-02-18,00:56:19,16.37,74.0,6.0,25.054,121.517
74DA38F20902,2026-02-18,00:56:27,22.37,97.0,0.0,22.204,120.7
74DA38F7C570,2026-02-18,00:56:27,13.62,100.0,0.0,25.239,121.63
74DA38F20A78,2026-02-18,00:56:32,17.12,100.0,0.0,22.904,121.124
74DA38F7C4CC,2026-02-18,00:56:45,15.0,100.0,4.0,25.062,121.451
74DA38F20B80,2026-02-18,00:56:49,17.5,100.0,1.0,22.599,120.35
74DA38ED05B6,2026-02-18,00:56:50,18.0,100.0,2.0,23.43,121.348
74DA38F21136,2026-02-18,00:56:53,15.37,99.0,4.0,25.119,121.505
74DA38F20F0A,2026-02-18,00:56:55,22.12,100.0,19.0,22.995,120.635
74DA38F20C26,2026-02-18,00:56:57,19.0,80.0,25.0,22.676,120.342
74DA38F209B2,2026-02-18,00:57:05,21.12,100.0,0.0,22.363,120.599
74DA38F20D2E,2026-02-18,00:57:05,15.62,100.0,0.0,25.06,121.545
74DA38F20DD0,2026-02-18,00:57:08,18.25,100.0,0.0,22.6080258,120.3229833
74DA38F20E34,2026-02-18,00:57:08,20.0,77.0,26.0,22.586,120.313
74DA38F20DE0,2026-02-18,00:57:15,21.0,100.0,0.0,22.589,120.328
74DA38F209F8,2026-02-18,00:57:18,18.37,100.0,0.0,23.157,121.4
74DA38F20BE4,2026-02-18,00:57:25,13.75,100.0,13.0,24.791,120.957
74DA38F7C3D6,2026-02-18,00:57:25,15.25,100.0,0.0,25.045,121.541
74DA38F21054,2026-02-18,00:57:47,24.37,63.0,16.0,22.898,120.627
74DA38F7C47C,2026-02-18,00:57:47,15.87,98.0,0.0,25.055,121.455
74DA38F20D70,2026-02-18,00:57:50,17.37,100.0,0.0,23.05,121.164
74DA38F20B88,2026-02-18,00:57:54,17.5,100.0,0.0,22.75,120.316
74DA38F207DE,2026-02-18,00:57:57,19.75,100.0,37.0,22.603,120.34
74DA38F7C366,2026-02-18,00:57:58,14.87,100.0,4.0,25.002,121.516
74DA38F7C3DC,2026-02-18,00:57:58,13.87,100.0,8.0,25.003,121.539
74DA38F20D2A,2026-02-18,00:58:04,16.12,72.0,0.0,25.048,121.573
74DA38F20B26,2026-02-18,00:58:10,19.5,100.0,24.0,22.783,120.247
74DA38F209A4,2026-02-18,00:58:11,19.25,100.0,0.0,22.702,120.572
74DA38F7C47E,2026-02-18,00:58:19,16.37,100.0,10.0,25.053963,121.427681
74DA38F7C610,2026-02-18,00:58:22,17.25,79.0,6.0,25.063,121.564
74DA38F7C600,2026-02-18,00:58:27,21.5,54.0,2.0,25.07,121.586
74DA38F2104E,2026-02-18,00:58:29,24.62,100.0,32.0,23.108,120.7
74DA38F210F6,2026-02-18,00:58:33,21.12,100.0,0.0,22.757426,121.158891
74DA38F7C514,2026-02-18,00:58:37,15.5,96.0,7.0,25.051,121.518
74DA38F2113E,2026-02-18,00:58:39,-4.0,0.0,4.0,22.728,120.313
74DA38F7C30E,2026-02-18,00:58:41,15.0,100.0,6.0,24.949,121.382
74DA38F20AE6,2026-02-18,00:58:42,24.75,100.0,10.0,22.63,120.348
74DA38F20E6E,2026-02-18,00:58:46,12.75,94.0,0.0,24.41,120.902
74DA38F7C5A0,2026-02-18,00:58:46,16.37,90.0,0.0,25.107,121.518
74DA38F7C53C,2026-02-18,00:58:50,13.5,100.0,0.0,25.11,121.804
74DA38F209DE,2026-02-18,00:58:51,14.87,100.0,1.0,24.861,120.964
74DA38F20BE0,2026-02-18,00:58:52,19.62,100.0,1.0,22.73,120.346
74DA38F7C616,2026-02-18,00:58:53,14.87,100.0,0.0,25.031,121.563
74DA38F20E9E,2026-02-18,00:58:56,14.25,100.0,3.0,24.648,121.151
74DA38ED0630,2026-02-18,00:59:01,18.25,100.0,0.0,23.994,121.594
74DA38F20D6C,2026-02-18,00:59:32,19.25,81.0,0.0,22.661,120.301
74DA38F7C4DE,2026-02-18,00:59:32,16.75,100.0,0.0,25.09,121.462
74DA38F20EB2,2026-02-18,00:59:33,9.62,100.0,17.0,24.324,120.835
74DA38F21088,2026-02-18,00:59:33,15.0,100.0,0.0,25.068,121.588
74DA38F7C59C,2026-02-18,00:59:42,16.5,75.0,9.0,25.103,121.487
74DA38F7C5CE,2026-02-18,00:59:43,14.25,96.0,0.0,25.066,121.656
74DA38F7C29C,2026-02-18,01:00:02,15.87,100.0,7.0,25.02,121.416
74DA38F20A30,2026-02-18,01:00:04,14.37,89.0,0.0,24.948,121.372
74DA38ED04F2,2026-02-18,01:00:06,18.25,100.0,0.0,23.468,121.496
74DA38ED06E0,2026-02-18,01:00:07,19.5,95.0,0.0,23.601,121.521
74DA38F2118E,2026-02-18,01:00:08,10.87,100.0,58.0,26.148,119.935
74DA38F7C30C,2026-02-18,01:00:08,15.0,100.0,0.0,24.975,121.532
74DA38F209EE,2026-02-18,01:00:14,20.87,100.0,0.0,23.026,121.33
74DA38F7C3B2,2026-02-18,01:00:14,19.5,69.0,4.0,24.929,121.378
74DA38F7C560,2026-02-18,01:00:14,14.62,100.0,0.0,25.079,121.671
74DA38F20D1E,2026-02-18,01:00:15,14.87,100.0,9.0,25.048,121.573
74DA38F7C5BE,2026-02-18,01:00:22,15.75,77.0,8.0,25.092,121.523
74DA38ED05EA,2026-02-18,01:00:27,17.75,100.0,2.0,23.394,121.357
74DA38F210E4,2026-02-18,01:00:28,20.0,100.0,11.0,23.24,120.696
74DA38F7C40C,2026-02-18,01:00:32,14.37,100.0,0.0,24.995,121.52
74DA38F20DC0,2026-02-18,01:00:38,18.5,100.0,0.0,22.711,120.295
74DA38F210A2,2026-02-18,01:00:43,15.75,100.0,1.0,25.12,121.466
74DA38F20AA4,2026-02-18,01:00:45,23.37,92.0,24.0,22.685,120.492
74DA38F7C464,2026-02-18,01:00:54,13.87,37.0,0.0,25.006,121.413
74DA38F7C566,2026-02-18,01:01:02,16.12,100.0,0.0,25.051,121.448
74DA38F20AAA,2026-02-18,01:01:04,13.62,100.0,5.0,24.6,120.999
74DA38F20D1A,2026-02-18,01:01:07,15.12,83.0,0.0,25.078,121.541
74DA38F20B5C,2026-02-18,01:01:19,-4.0,0.0,26.0,22.798,120.293
74DA38F7C5E6,2026-02-18,01:01:28,16.25,100.0,3.0,25.107,121.843
74DA38F21204,2026-02-18,01:01:29,21.62,100.0,0.0,25.062,121.451
74DA38F7C3BA,2026-02-18,01:01:36,118.87,46.0,101.0,25.174,121.441
74DA38F7C39A,2026-02-18,01:01:38,15.25,100.0,0.0,25.002,121.414
74DA38F7C63C,2026-02-18,01:01:43,85.25,100.0,5.0,24.998,121.425
74DA38F21024,2026-02-18,01:01:47,15.62,100.0,0.0,24.93,121.036
74DA38F7C524,2026-02-18,01:01:49,13.12,100.0,23.0,25.002,121.552
74DA38ED059C,2026-02-18,01:01:50,16.5,100.0,0.0,23.706,121.412
74DA38F20C22,2026-02-18,01:01:52,19.25,100.0,1.0,22.729,120.357
74DA38F20976,2026-02-18,01:01:54,14.87,94.0,9.0,25.127,121.746
74DA38F20D16,2026-02-18,01:01:59,15.87,99.0,9.0,25.062,121.526
74DA38F21048,2026-02-18,01:02:02,19.0,100.0,30.0,22.595,120.341
74DA38F20D4C,2026-02-18,01:02:09,21.25,100.0,0.0,22.971,121.303
74DA38F208E2,2026-02-18,01:02:10,15.0,100.0,6.0,24.688,121.766
74DA38ED0640,2026-02-18,01:02:20,16.0,100.0,1.0,23.154,121.266
74DA38F209A8,2026-02-18,01:02:22,-4.0,0.0,0.0,22.401,120.577
74DA38F7C31C,2026-02-18,01:02:22,14.62,100.0,0.0,24.93,121.372
74DA38F7C41E,2026-02-18,01:02:25,16.37,74.0,6.0,25.054,121.517
74DA38F7C37C,2026-02-18,01:02:33,12.12,100.0,0.0,25.111,121.856
74DA38F20BCA,2026-02-18,01:02:34,14.5,100.0,0.0,25.079,121.58
74DA38F20902,2026-02-18,01:02:35,22.37,97.0,0.0,22.204,120.7
74DA38F7C562,2026-02-18,01:02:35,14.62,69.0,7.0,25.021,121.418
74DA38F20A78,2026-02-18,01:02:39,17.25,100.0,0.0,22.904,121.124
74DA38F7C260,2026-02-18,01:02:47,15.5,100.0,0.0,25.065,121.425
74DA38ED05B6,2026-02-18,01:02:56,17.87,100.0,1.0,23.43,121.348
74DA38F7C570,2026-02-18,01:02:56,13.62,100.0,0.0,25.239,121.63
74DA38F7C4CC,2026-02-18,01:02:57,15.0,100.0,3.0,25.062,121.451
74DA38F21136,2026-02-18,01:02:59,15.5,99.0,4.0,25.119,121.505
74DA38F20F0A,2026-02-18,01:03:05,22.25,100.0,19.0,22.995,120.635
74DA38F20C26,2026-02-18,01:03:09,19.0,81.0,26.0,22.676,120.342
74DA38ED0454,2026-02-18,01:03:14,18.87,100.0,3.0,24.053,121.599
74DA38F20B80,2026-02-18,01:03:17,17.62,100.0,1.0,22.599,120.35
74DA38F20E34,2026-02-18,01:03:19,20.0,76.0,26.0,22.586,120.313
74DA38F209B2,2026-02-18,01:03:32,21.25,100.0,0.0,22.363,120.599
74DA38F20BE4,2026-02-18,01:03:32,13.75,100.0,13.0,24.791,120.957
74DA38F20D2E,2026-02-18,01:03:34,15.75,100.0,0.0,25.06,121.545
74DA38F20DD0,2026-02-18,01:03:37,18.0,100.0,1.0,22.6080258,120.3229833
74DA38F20DE0,2026-02-18,01:03:43,21.12,100.0,0.0,22.589,120.328
74DA38F209F8,2026-02-18,01:03:47,18.5,100.0,0.0,23.157,121.4
74DA38F7C3D6,2026-02-18,01:03:52,15.25,100.0,0.0,25.045,121.541
74DA38F21054,2026-02-18,01:03:53,24.37,63.0,16.0,22.898,120.627
74DA38F7C47C,2026-02-18,01:03:56,16.0,98.0,0.0,25.055,121.455
74DA38F20D70,2026-02-18,01:03:58,17.62,100.0,0.0,23.05,121.164
74DA38F7C366,2026-02-18,01:04:04,15.0,100.0,4.0,25.002,121.516
74DA38F7C3DC,2026-02-18,01:04:04,14.0,100.0,10.0,25.003,121.539
74DA38F20BD0,2026-02-18,01:04:06,-4.0,0.0,23.0,22.688,120.408
74DA38F207DE,2026-02-18,01:04:07,19.75,100.0,38.0,22.603,120.34
74DA38F20B26,2026-02-18,01:04:20,19.75,100.0,23.0,22.783,120.247
74DA38F20B88,2026-02-18,01:04:23,17.87,100.0,0.0,22.75,120.316
74DA38F7C47E,2026-02-18,01:04:25,16.37,100.0,11.0,25.053963,121.427681
74DA38F7C610,2026-02-18,01:04:28,17.12,79.0,7.0,25.063,121.564
74DA38F20B82,2026-02-18,01:04:31,-4.0,0.0,2.0,22.847,120.465
74DA38F20D2A,2026-02-18,01:04:32,16.12,73.0,0.0,25.048,121.573
74DA38F7C600,2026-02-18,01:04:32,21.37,53.0,2.0,25.07,121.586
74DA38F7C3DE,2026-02-18,01:04:34,15.75,100.0,294.0,24.972,121.537
74DA38F210F6,2026-02-18,01:04:39,21.12,100.0,0.0,22.757426,121.158891
74DA38F209A4,2026-02-18,01:04:41,19.5,100.0,0.0,22.702,120.572
74DA38F7C514,2026-02-18,01:04:44,15.5,96.0,7.0,25.051,121.518
74DA38F20E6E,2026-02-18,01:04:47,12.87,93.0,0.0,24.41,120.902
74DA38F7C30E,2026-02-18,01:04:48,14.87,100.0,7.0,24.949,121.382
74DA38F20AE6,2026-02-18,01:04:49,24.75,100.0,9.0,22.63,120.348
74DA38F20E9E,2026-02-18,01:05:01,14.12,100.0,3.0,24.648,121.151
74DA38F7C616,2026-02-18,01:05:01,14.62,100.0,0.0,25.031,121.563
74DA38F7C5A0,2026-02-18,01:05:15,16.37,90.0,0.0,25.107,121.518
74DA38F209DE,2026-02-18,01:05:18,15.0,100.0,0.0,24.861,120.964
74DA38F7C53C,2026-02-18,01:05:19,13.37,100.0,0.0,25.11,121.804
74DA38F20BE0,2026-02-18,01:05:20,19.75,100.0,0.0,22.73,120.346
74DA38ED0630,2026-02-18,01:05:29,18.37,100.0,0.0,23.994,121.594
74DA38F20EB2,2026-02-18,01:05:41,9.62,100.0,16.0,24.324,120.835
74DA38F7C4DE,2026-02-18,01:05:45,16.62,100.0,0.0,25.09,121.462
74DA38F7C59C,2026-02-18,01:05:48,16.5,74.0,9.0,25.103,121.487
74DA38F2113E,2026-02-18,01:05:56,-4.0,0.0,2.0,22.728,120.313
74DA38F20D6C,2026-02-18,01:05:59,19.12,81.0,0.0,22.661,120.301
74DA38F21088,2026-02-18,01:06:03,15.0,100.0,0.0,25.068,121.588
74DA38F7C29C,2026-02-18,01:06:09,15.75,100.0,7.0,25.02,121.416
74DA38F7C5CE,2026-02-18,01:06:11,14.25,96.0,0.0,25.066,121.656
74DA38ED06E0,2026-02-18,01:06:13,19.5,96.0,0.0,23.601,121.521
74DA38ED04F2,2026-02-18,01:06:15,18.25,100.0,0.0,23.468,121.496
74DA38F7C30C,2026-02-18,01:06:16,15.0,99.0,0.0,24.975,121.532
74DA38F209EE,2026-02-18,01:06:20,21.0,100.0,0.0,23.026,121.33
74DA38F7C3B2,2026-02-18,01:06:20,19.5,69.0,4.0,24.929,121.378
74DA38F20D1E,2026-02-18,01:06:26,14.87,100.0,10.0,25.048,121.573
74DA38F7C5BE,2026-02-18,01:06:29,15.75,78.0,8.0,25.092,121.523
74DA38ED05EA,2026-02-18,01:06:32,17.75,100.0,2.0,23.394,121.357
74DA38F20A30,2026-02-18,01:06:35,14.5,90.0,0.0,24.948,121.372
74DA38F210E4,2026-02-18,01:06:35,20.25,100.0,12.0,23.24,120.696
74DA38F7C40C,2026-02-18,01:06:40,14.37,100.0,0.0,24.995,121.52
74DA38F7C560,2026-02-18,01:06:43,14.62,100.0,0.0,25.079,121.671
74DA38F2118E,2026-02-18,01:06:44,11.0,100.0,55.0,26.148,119.935
74DA38F210A2,2026-02-18,01:06:49,15.75,100.0,1.0,25.12,121.466
74DA38F20AA4,2026-02-18,01:06:53,23.5,92.0,23.0,22.685,120.492
74DA38F20DC0,2026-02-18,01:07:08,18.75,100.0,2.0,22.711,120.295
74DA38F20AAA,2026-02-18,01:07:10,13.62,100.0,5.0,24.6,120.999
74DA38F7C464,2026-02-18,01:07:24,13.75,39.0,1.0,25.006,121.413
74DA38F7C566,2026-02-18,01:07:31,16.25,100.0,0.0,25.051,121.448
74DA38F7C5E6,2026-02-18,01:07:34,16.25,100.0,3.0,25.107,121.843
74DA38F21204,2026-02-18,01:07:35,21.62,100.0,0.0,25.062,121.451
74DA38F20D1A,2026-02-18,01:07:36,15.37,85.0,0.0,25.078,121.541
74DA38F7C3BA,2026-02-18,01:07:37,118.87,46.0,102.0,25.174,121.441
74DA38F7C63C,2026-02-18,01:07:51,85.25,100.0,5.0,24.998,121.425
74DA38ED059C,2026-02-18,01:07:57,16.87,100.0,0.0,23.706,121.412
74DA38F20976,2026-02-18,01:08:00,15.0,91.0,9.0,25.127,121.746
74DA38F20D16,2026-02-18,01:08:06,15.87,99.0,8.0,25.062,121.526
74DA38F7C39A,2026-02-18,01:08:07,15.25,100.0,0.0,25.002,121.414
74DA38F208E2,2026-02-18,01:08:16,15.0,100.0,5.0,24.688,121.766
74DA38F21024,2026-02-18,01:08:16,15.75,100.0,0.0,24.93,121.036
74DA38F20C22,2026-02-18,01:08:22,19.0,100.0,1.0,22.729,120.357
74DA38F7C524,2026-02-18,01:08:24,13.12,100.0,23.0,25.002,121.552
74DA38ED0640,2026-02-18,01:08:27,16.0,100.0,1.0,23.154,121.266
74DA38F7C41E,2026-02-18,01:08:32,16.5,74.0,6.0,25.054,121.517
74DA38F21048,2026-02-18,01:08:35,18.87,100.0,29.0,22.595,120.341
74DA38F20D4C,2026-02-18,01:08:37,21.75,100.0,0.0,22.971,121.303
74DA38F20A78,2026-02-18,01:08:45,17.25,100.0,0.0,22.904,121.124
74DA38F7C562,2026-02-18,01:08:47,15.12,85.0,8.0,25.021,121.418
74DA38F20902,2026-02-18,01:08:49,22.5,97.0,0.0,22.204,120.7
74DA38F7C31C,2026-02-18,01:08:51,14.5,100.0,0.0,24.93,121.372
74DA38ED05B6,2026-02-18,01:09:01,17.75,100.0,1.0,23.43,121.348
74DA38F7C37C,2026-02-18,01:09:02,12.25,100.0,0.0,25.111,121.856
74DA38F21136,2026-02-18,01:09:05,15.37,99.0,5.0,25.119,121.505
74DA38F7C4CC,2026-02-18,01:09:05,14.87,100.0,4.0,25.062,121.451
74DA38F7C260,2026-02-18,01:09:14,15.5,100.0,0.0,25.065,121.425
74DA38F20F0A,2026-02-18,01:09:15,22.5,100.0,19.0,22.995,120.635
74DA38ED0454,2026-02-18,01:09:21,18.62,100.0,3.0,24.053,121.599
74DA38F20C26,2026-02-18,01:09:22,18.75,81.0,26.0,22.676,120.342
74DA38F7C570,2026-02-18,01:09:23,13.5,100.0,0.0,25.239,121.63
74DA38F20E34,2026-02-18,01:09:31,20.12,76.0,27.0,22.586,120.313
74DA38F20BE4,2026-02-18,01:09:38,13.87,100.0,13.0,24.791,120.957
74DA38F20B80,2026-02-18,01:09:45,17.62,100.0,2.0,22.599,120.35
74DA38F21054,2026-02-18,01:09:59,24.5,63.0,16.0,22.898,120.627
74DA38F209B2,2026-02-18,01:10:01,21.37,100.0,1.0,22.363,120.599
74DA38F20D2E,2026-02-18,01:10:03,15.5,100.0,0.0,25.06,121.545
74DA38F20D70,2026-02-18,01:10:03,17.75,100.0,0.0,23.05,121.164
74DA38F7C47C,2026-02-18,01:10:05,16.25,97.0,0.0,25.055,121.455
74DA38F20DD0,2026-02-18,01:10:08,18.37,100.0,0.0,22.6080258,120.3229833
74DA38F7C366,2026-02-18,01:10:10,15.0,100.0,4.0,25.002,121.516
74DA38F7C3DC,2026-02-18,01:10:11,14.0,100.0,8.0,25.003,121.539
74DA38F209F8,2026-02-18,01:10:13,18.62,100.0,0.0,23.157,121.4
74DA38F20DE0,2026-02-18,01:10:13,21.12,100.0,0.0,22.589,120.328
74DA38F207DE,2026-02-18,01:10:18,19.87,100.0,37.0,22.603,120.34
74DA38F7C3D6,2026-02-18,01:10:20,15.25,100.0,0.0,25.045,121.541
74DA38F7C3DE,2026-02-18,01:10:29,15.87,100.0,305.0,24.972,121.537
74DA38F7C47E,2026-02-18,01:10:32,16.5,100.0,10.0,25.053963,121.427681
74DA38F20B26,2026-02-18,01:10:33,20.12,100.0,23.0,22.783,120.247
74DA38F7C610,2026-02-18,01:10:33,17.12,79.0,7.0,25.063,121.564
74DA38F7C600,2026-02-18,01:10:38,21.37,52.0,2.0,25.07,121.586
74DA38F2104E,2026-02-18,01:10:44,24.37,100.0,32.0,23.108,120.7
74DA38F210F6,2026-02-18,01:10:44,21.25,100.0,0.0,22.757426,121.158891
74DA38F20B5C,2026-02-18,01:10:48,-4.0,0.0,26.0,22.798,120.293
74DA38F20E6E,2026-02-18,01:10:48,13.0,93.0,0.0,24.41,120.902
74DA38F20B88,2026-02-18,01:10:50,17.87,100.0,0.0,22.75,120.316
74DA38F7C514,2026-02-18,01:10:51,15.62,96.0,7.0,25.051,121.518
74DA38F20AE6,2026-02-18,01:10:55,24.75,100.0,9.0,22.63,120.348
74DA38F20D2A,2026-02-18,01:11:01,16.12,72.0,0.0,25.048,121.573
74DA38F20E9E,2026-02-18,01:11:07,14.25,100.0,3.0,24.648,121.151
74DA38F209A4,2026-02-18,01:11:08,19.75,100.0,0.0,22.702,120.572
74DA38F7C616,2026-02-18,01:11:12,14.87,100.0,0.0,25.031,121.563
74DA38F7C5A0,2026-02-18,01:11:43,16.25,90.0,0.0,25.107,121.518
74DA38F209DE,2026-02-18,01:11:47,15.12,100.0,1.0,24.861,120.964
74DA38F7C53C,2026-02-18,01:11:47,13.5,100.0,0.0,25.11,121.804
74DA38F20BE0,2026-02-18,01:11:51,19.75,100.0,0.0,22.73,120.346
74DA38F20EB2,2026-02-18,01:11:52,9.75,100.0,17.0,24.324,120.835
74DA38F7C4DE,2026-02-18,01:11:53,16.5,100.0,0.0,25.09,121.462
74DA38F7C59C,2026-02-18,01:11:54,16.37,75.0,9.0,25.103,121.487
74DA38F209A8,2026-02-18,01:11:59,-4.0,0.0,0.0,22.401,120.577
74DA38ED0630,2026-02-18,01:12:00,18.5,100.0,0.0,23.994,121.594
74DA38F7C29C,2026-02-18,01:12:14,15.87,100.0,7.0,25.02,121.416
74DA38ED06E0,2026-02-18,01:12:21,19.62,95.0,0.0,23.601,121.521
74DA38F7C30C,2026-02-18,01:12:24,15.0,99.0,0.0,24.975,121.532
74DA38ED04F2,2026-02-18,01:12:25,18.25,100.0,0.0,23.468,121.496
74DA38F209EE,2026-02-18,01:12:26,21.37,100.0,0.0,23.026,121.33
74DA38F7C3B2,2026-02-18,01:12:27,19.37,69.0,3.0,24.929,121.378
74DA38F20D6C,2026-02-18,01:12:29,19.25,81.0,0.0,22.661,120.301
74DA38F21088,2026-02-18,01:12:31,15.0,100.0,0.0,25.068,121.588
74DA38F20D1E,2026-02-18,01:12:33,15.0,100.0,10.0,25.048,121.573
74DA38F7C5BE,2026-02-18,01:12:36,15.75,78.0,9.0,25.092,121.523
74DA38ED05EA,2026-02-18,01:12:38,17.75,100.0,1.0,23.394,121.357
74DA38F7C5CE,2026-02-18,01:12:40,14.12,96.0,0.0,25.066,121.656
74DA38F210E4,2026-02-18,01:12:42,20.25,100.0,11.0,23.24,120.696
74DA38F7C40C,2026-02-18,01:12:46,14.5,100.0,0.0,24.995,121.52
74DA38F210A2,2026-02-18,01:12:54,15.75,100.0,1.0,25.12,121.466
74DA38F20AA4,2026-02-18,01:13:02,23.62,92.0,24.0,22.685,120.492
74DA38F20A30,2026-02-18,01:13:04,14.62,90.0,0.0,24.948,121.372
74DA38F7C560,2026-02-18,01:13:11,14.62,100.0,0.0,25.079,121.671
74DA38F2113E,2026-02-18,01:13:14,-4.0,0.0,7.0,22.728,120.313
74DA38F20AAA,2026-02-18,01:13:16,13.62,100.0,4.0,24.6,120.999
74DA38F2118E,2026-02-18,01:13:20,11.0,100.0,56.0,26.148,119.935
74DA38F20DC0,2026-02-18,01:13:35,18.87,100.0,0.0,22.711,120.295
74DA38F7C5E6,2026-02-18,01:13:40,16.25,100.0,3.0,25.107,121.843
74DA38F21204,2026-02-18,01:13:41,21.62,100.0,0.0,25.062,121.451
74DA38F7C3BA,2026-02-18,01:13:42,118.87,46.0,97.0,25.174,121.441
74DA38F7C464,2026-02-18,01:13:54,13.87,40.0,0.0,25.006,121.413
74DA38F7C63C,2026-02-18,01:13:58,85.25,100.0,4.0,24.998,121.425
74DA38F7C566,2026-02-18,01:14:00,16.12,100.0,0.0,25.051,121.448
74DA38ED059C,2026-02-18,01:14:04,16.75,100.0,1.0,23.706,121.412
74DA38F20B82,2026-02-18,01:14:04,-4.0,0.0,2.0,22.847,120.465
74DA38F20D1A,2026-02-18,01:14:05,15.25,84.0,0.0,25.078,121.541
74DA38F20976,2026-02-18,01:14:07,15.0,93.0,9.0,25.127,121.746
74DA38F20D16,2026-02-18,01:14:13,15.87,99.0,9.0,25.062,121.526
74DA38F208E2,2026-02-18,01:14:21,15.0,100.0,6.0,24.688,121.766
74DA38ED0640,2026-02-18,01:14:34,16.25,100.0,1.0,23.154,121.266
74DA38F7C39A,2026-02-18,01:14:36,15.25,100.0,0.0,25.002,121.414
74DA38F7C41E,2026-02-18,01:14:38,16.37,73.0,6.0,25.054,121.517
74DA38F20BD0,2026-02-18,01:14:39,-4.0,0.0,23.0,22.688,120.408
74DA38F21024,2026-02-18,01:14:43,15.75,100.0,0.0,24.93,121.036
74DA38F20A78,2026-02-18,01:14:52,17.37,100.0,0.0,22.904,121.124
74DA38F20C22,2026-02-18,01:14:53,19.0,100.0,0.0,22.729,120.357
74DA38F7C524,2026-02-18,01:14:54,13.12,100.0,24.0,25.002,121.552
74DA38F20902,2026-02-18,01:14:55,22.37,97.0,0.0,22.204,120.7
74DA38F7C562,2026-02-18,01:15:01,15.25,86.0,8.0,25.021,121.418
74DA38F20D4C,2026-02-18,01:15:04,22.25,100.0,0.0,22.971,121.303
74DA38ED05B6,2026-02-18,01:15:07,17.87,100.0,1.0,23.43,121.348
74DA38F21048,2026-02-18,01:15:07,19.0,100.0,29.0,22.595,120.341
74DA38F21136,2026-02-18,01:15:11,15.5,99.0,5.0,25.119,121.505
74DA38F7C4CC,2026-02-18,01:15:13,15.12,100.0,5.0,25.062,121.451
74DA38F7C31C,2026-02-18,01:15:20,14.5,100.0,0.0,24.93,121.372
74DA38F20F0A,2026-02-18,01:15:22,22.62,100.0,19.0,22.995,120.635
74DA38F7C37C,2026-02-18,01:15:29,12.25,100.0,0.0,25.111,121.856
74DA38F20C26,2026-02-18,01:15:33,18.87,81.0,25.0,22.676,120.342
74DA38ED0454,2026-02-18,01:15:35,18.5,100.0,3.0,24.053,121.599
74DA38F20E34,2026-02-18,01:15:43,20.25,76.0,27.0,22.586,120.313
74DA38F20BE4,2026-02-18,01:15:44,13.87,100.0,12.0,24.791,120.957
74DA38F20BCA,2026-02-18,01:15:46,14.37,100.0,0.0,25.079,121.58
74DA38F7C570,2026-02-18,01:15:52,13.62,100.0,0.0,25.239,121.63
74DA38F7C260,2026-02-18,01:16:03,15.62,100.0,0.0,25.065,121.425
74DA38F21054,2026-02-18,01:16:05,24.5,63.0,17.0,22.898,120.627
74DA38F20D70,2026-02-18,01:16:10,17.62,100.0,0.0,23.05,121.164
74DA38F20B80,2026-02-18,01:16:12,17.62,100.0,1.0,22.599,120.35
74DA38F7C47C,2026-02-18,01:16:13,16.12,97.0,0.0,25.055,121.455
74DA38F7C366,2026-02-18,01:16:17,15.0,100.0,3.0,25.002,121.516
74DA38F7C3DC,2026-02-18,01:16:18,14.0,100.0,8.0,25.003,121.539
74DA38F7C3DE,2026-02-18,01:16:24,15.87,100.0,313.0,24.972,121.537
74DA38F209B2,2026-02-18,01:16:28,21.37,100.0,0.0,22.363,120.599
74DA38F207DE,2026-02-18,01:16:30,20.25,100.0,36.0,22.603,120.34
74DA38F20D2E,2026-02-18,01:16:31,15.5,100.0,0.0,25.06,121.545
74DA38F20DD0,2026-02-18,01:16:36,18.25,100.0,0.0,22.6080258,120.3229833
74DA38F7C47E,2026-02-18,01:16:39,16.37,100.0,10.0,25.053963,121.427681
74DA38F7C610,2026-02-18,01:16:39,17.12,79.0,7.0,25.063,121.564
74DA38F209F8,2026-02-18,01:16:41,18.75,100.0,0.0,23.157,121.4
74DA38F20DE0,2026-02-18,01:16:42,21.25,100.0,0.0,22.589,120.328
74DA38F7C600,2026-02-18,01:16:44,21.25,55.0,2.0,25.07,121.586
74DA38F7C3D6,2026-02-18,01:16:48,15.37,100.0,0.0,25.045,121.541
74DA38F210F6,2026-02-18,01:16:49,21.25,100.0,0.0,22.757426,121.158891
74DA38F20E6E,2026-02-18,01:16:50,13.12,92.0,0.0,24.41,120.902
74DA38F2104E,2026-02-18,01:16:56,25.0,98.0,30.0,23.108,120.7
74DA38F7C514,2026-02-18,01:16:59,15.75,95.0,7.0,25.051,121.518
74DA38F20AE6,2026-02-18,01:17:03,24.75,100.0,10.0,22.63,120.348
74DA38F20E9E,2026-02-18,01:17:13,14.25,100.0,4.0,24.648,121.151
74DA38F7C30E,2026-02-18,01:17:15,15.0,100.0,7.0,24.949,121.382
74DA38F20B88,2026-02-18,01:17:18,18.25,100.0,0.0,22.75,120.316
74DA38F7C616,2026-02-18,01:17:19,15.12,100.0,0.0,25.031,121.563
74DA38F20D2A,2026-02-18,01:17:29,16.0,72.0,0.0,25.048,121.573
74DA38F209A4,2026-02-18,01:17:40,19.87,100.0,0.0,22.702,120.572
74DA38F20EB2,2026-02-18,01:18:01,10.12,100.0,17.0,24.324,120.835
74DA38F7C4DE,2026-02-18,01:18:01,16.5,100.0,0.0,25.09,121.462
74DA38F7C59C,2026-02-18,01:18:01,16.25,75.0,9.0,25.103,121.487
74DA38F7C5A0,2026-02-18,01:18:14,16.37,90.0,0.0,25.107,121.518
74DA38F7C53C,2026-02-18,01:18:16,13.62,100.0,0.0,25.11,121.804
74DA38F209DE,2026-02-18,01:18:17,15.0,100.0,3.0,24.861,120.964
74DA38F20BE0,2026-02-18,01:18:19,19.75,100.0,0.0,22.73,120.346
74DA38F7C29C,2026-02-18,01:18:21,16.0,100.0,8.0,25.02,121.416
74DA38ED06E0,2026-02-18,01:18:27,19.5,94.0,0.0,23.601,121.521
74DA38ED0630,2026-02-18,01:18:30,18.37,100.0,0.0,23.994,121.594
74DA38F209EE,2026-02-18,01:18:32,21.5,100.0,0.0,23.026,121.33
74DA38F7C3B2,2026-02-18,01:18:33,19.5,69.0,4.0,24.929,121.378
74DA38ED04F2,2026-02-18,01:18:34,18.25,100.0,0.0,23.468,121.496
74DA38F20D1E,2026-02-18,01:18:41,15.12,100.0,10.0,25.048,121.573
74DA38F7C30C,2026-02-18,01:18:41,14.87,99.0,0.0,24.975,121.532
74DA38F7C5BE,2026-02-18,01:18:42,15.62,78.0,9.0,25.092,121.523
74DA38ED05EA,2026-02-18,01:18:44,17.75,100.0,2.0,23.394,121.357
74DA38F210E4,2026-02-18,01:18:53,20.37,100.0,12.0,23.24,120.696
74DA38F7C40C,2026-02-18,01:18:54,14.5,100.0,0.0,24.995,121.52
74DA38F20D6C,2026-02-18,01:18:57,19.12,81.0,0.0,22.661,120.301
74DA38F21088,2026-02-18,01:19:00,15.0,100.0,0.0,25.068,121.588
74DA38F210A2,2026-02-18,01:19:00,15.87,100.0,1.0,25.12,121.466
74DA38F7C5CE,2026-02-18,01:19:07,14.25,96.0,0.0,25.066,121.656
74DA38F20AA4,2026-02-18,01:19:09,23.62,92.0,22.0,22.685,120.492
74DA38F20AAA,2026-02-18,01:19:23,13.75,100.0,4.0,24.6,120.999
74DA38F20A30,2026-02-18,01:19:32,14.62,89.0,0.0,24.948,121.372
74DA38F7C560,2026-02-18,01:19:40,14.5,100.0,0.0,25.079,121.671
74DA38F7C3BA,2026-02-18,01:19:44,118.87,46.0,100.0,25.174,121.441
74DA38F21204,2026-02-18,01:19:47,21.62,100.0,0.0,25.062,121.451
74DA38F7C5E6,2026-02-18,01:19:47,16.25,100.0,3.0,25.107,121.843
74DA38F2118E,2026-02-18,01:19:56,11.0,100.0,55.0,26.148,119.935
74DA38F20DC0,2026-02-18,01:20:03,19.12,100.0,0.0,22.711,120.295
74DA38F7C63C,2026-02-18,01:20:05,85.25,100.0,5.0,24.998,121.425
74DA38ED059C,2026-02-18,01:20:11,16.75,100.0,1.0,23.706,121.412
74DA38F20976,2026-02-18,01:20:14,15.0,90.0,9.0,25.127,121.746
74DA38F20B5C,2026-02-18,01:20:15,-4.0,0.0,25.0,22.798,120.293
74DA38F20D16,2026-02-18,01:20:23,15.87,100.0,8.0,25.062,121.526
74DA38F208E2,2026-02-18,01:20:27,15.25,100.0,6.0,24.688,121.766
74DA38F7C464,2026-02-18,01:20:27,13.87,46.0,0.0,25.006,121.413
74DA38F7C566,2026-02-18,01:20:27,16.12,100.0,0.0,25.051,121.448
74DA38F2113E,2026-02-18,01:20:30,-4.0,0.0,8.0,22.728,120.313
74DA38F20D1A,2026-02-18,01:20:34,15.37,84.0,0.0,25.078,121.541
74DA38ED0640,2026-02-18,01:20:41,16.25,100.0,1.0,23.154,121.266
74DA38F7C41E,2026-02-18,01:20:45,16.37,73.0,7.0,25.054,121.517
74DA38F20A78,2026-02-18,01:21:00,17.62,100.0,5.0,22.904,121.124
74DA38F20902,2026-02-18,01:21:01,22.5,97.0,0.0,22.204,120.7
74DA38F7C39A,2026-02-18,01:21:04,15.37,100.0,0.0,25.002,121.414
74DA38F21024,2026-02-18,01:21:11,15.75,100.0,0.0,24.93,121.036
74DA38ED05B6,2026-02-18,01:21:12,18.0,100.0,1.0,23.43,121.348
74DA38F7C562,2026-02-18,01:21:13,15.5,99.0,8.0,25.021,121.418
74DA38F21136,2026-02-18,01:21:17,15.62,99.0,5.0,25.119,121.505
74DA38F7C4CC,2026-02-18,01:21:19,15.25,100.0,4.0,25.062,121.451
74DA38F20C22,2026-02-18,01:21:21,19.25,100.0,0.0,22.729,120.357
74DA38F7C524,2026-02-18,01:21:23,13.12,100.0,25.0,25.002,121.552
74DA38F20D4C,2026-02-18,01:21:31,22.25,100.0,0.0,22.971,121.303
74DA38F20F0A,2026-02-18,01:21:31,22.87,100.0,18.0,22.995,120.635
74DA38F209A8,2026-02-18,01:21:39,-4.0,0.0,0.0,22.401,120.577
74DA38F21048,2026-02-18,01:21:39,19.12,100.0,30.0,22.595,120.341
74DA38ED0454,2026-02-18,01:21:43,18.62,100.0,3.0,24.053,121.599
74DA38F20C26,2026-02-18,01:21:48,19.12,81.0,26.0,22.676,120.342
74DA38F20BE4,2026-02-18,01:21:50,14.0,100.0,13.0,24.791,120.957
74DA38F7C31C,2026-02-18,01:21:51,14.62,100.0,0.0,24.93,121.372
74DA38F20E34,2026-02-18,01:21:55,20.37,76.0,26.0,22.586,120.313
74DA38F7C37C,2026-02-18,01:21:58,12.25,100.0,0.0,25.111,121.856
74DA38F21054,2026-02-18,01:22:13,24.5,63.0,17.0,22.898,120.627
74DA38F20BCA,2026-02-18,01:22:15,14.25,99.0,0.0,25.079,121.58
74DA38F20D70,2026-02-18,01:22:16,17.62,100.0,0.0,23.05,121.164
74DA38F7C3DE,2026-02-18,01:22:20,16.0,100.0,294.0,24.972,121.537
74DA38F7C570,2026-02-18,01:22:21,13.62,100.0,0.0,25.239,121.63
74DA38F7C47C,2026-02-18,01:22:22,16.0,97.0,0.0,25.055,121.455
74DA38F7C366,2026-02-18,01:22:23,15.0,100.0,4.0,25.002,121.516
74DA38F7C3DC,2026-02-18,01:22:25,14.0,100.0,9.0,25.003,121.539
74DA38F7C260,2026-02-18,01:22:33,15.62,100.0,0.0,25.065,121.425
74DA38F207DE,2026-02-18,01:22:40,20.75,100.0,35.0,22.603,120.34
74DA38F20B80,2026-02-18,01:22:40,17.75,100.0,1.0,22.599,120.35
74DA38F7C610,2026-02-18,01:22:46,17.12,79.0,7.0,25.063,121.564
74DA38F7C47E,2026-02-18,01:22:47,16.37,100.0,9.0,25.053963,121.427681
74DA38F7C600,2026-02-18,01:22:50,21.0,59.0,2.0,25.07,121.586
74DA38F20E6E,2026-02-18,01:22:51,13.0,92.0,0.0,24.41,120.902
74DA38F209B2,2026-02-18,01:22:54,21.25,100.0,0.0,22.363,120.599
74DA38F210F6,2026-02-18,01:22:54,21.25,100.0,0.0,22.757426,121.158891
74DA38F20D2E,2026-02-18,01:23:00,15.5,100.0,0.0,25.06,121.545
74DA38F20DD0,2026-02-18,01:23:04,18.5,100.0,0.0,22.6080258,120.3229833
74DA38F2104E,2026-02-18,01:23:05,25.37,96.0,31.0,23.108,120.7
74DA38F7C514,2026-02-18,01:23:06,15.5,95.0,7.0,25.051,121.518
74DA38F209F8,2026-02-18,01:23:08,18.87,100.0,0.0,23.157,121.4
74DA38F20AE6,2026-02-18,01:23:09,24.75,100.0,9.0,22.63,120.348
74DA38F20DE0,2026-02-18,01:23:11,21.25,100.0,0.0,22.589,120.328
74DA38F7C3D6,2026-02-18,01:23:16,15.5,100.0,0.0,25.045,121.541
74DA38F20E9E,2026-02-18,01:23:18,14.37,100.0,5.0,24.648,121.151
74DA38F7C30E,2026-02-18,01:23:23,15.0,100.0,7.0,24.949,121.382
74DA38F20B26,2026-02-18,01:23:25,20.62,100.0,22.0,22.783,120.247
74DA38F20B82,2026-02-18,01:23:36,-4.0,0.0,1.0,22.847,120.465
74DA38F20B88,2026-02-18,01:23:46,18.5,100.0,0.0,22.75,120.316
74DA38F20D2A,2026-02-18,01:23:59,16.0,72.0,0.0,25.048,121.573
74DA38F209A4,2026-02-18,01:24:07,20.0,100.0,0.0,22.702,120.572
74DA38F7C59C,2026-02-18,01:24:07,16.37,73.0,11.0,25.103,121.487
74DA38F7C4DE,2026-02-18,01:24:09,16.37,100.0,0.0,25.09,121.462
74DA38F20EB2,2026-02-18,01:24:11,10.37,100.0,16.0,24.324,120.835
74DA38F7C29C,2026-02-18,01:24:28,16.12,100.0,8.0,25.02,121.416
74DA38ED06E0,2026-02-18,01:24:33,19.5,94.0,0.0,23.601,121.521
74DA38F209EE,2026-02-18,01:24:39,21.5,100.0,0.0,23.026,121.33
74DA38F7C3B2,2026-02-18,01:24:39,19.5,69.0,4.0,24.929,121.378
74DA38F7C5A0,2026-02-18,01:24:43,16.37,89.0,0.0,25.107,121.518
74DA38F7C53C,2026-02-18,01:24:44,13.62,100.0,0.0,25.11,121.804
74DA38F209DE,2026-02-18,01:24:45,15.0,100.0,1.0,24.861,120.964
74DA38F20BE0,2026-02-18,01:24:47,20.0,100.0,0.0,22.73,120.346
74DA38F7C5BE,2026-02-18,01:24:48,15.62,78.0,10.0,25.092,121.523
74DA38ED05EA,2026-02-18,01:24:50,17.75,100.0,2.0,23.394,121.357
74DA38F20D1E,2026-02-18,01:24:51,15.25,100.0,12.0,25.048,121.573
74DA38F7C30C,2026-02-18,01:24:52,15.0,99.0,0.0,24.975,121.532
74DA38ED04F2,2026-02-18,01:24:55,18.37,100.0,0.0,23.468,121.496
74DA38ED0630,2026-02-18,01:24:59,18.25,100.0,0.0,23.994,121.594
74DA38F7C40C,2026-02-18,01:25:00,14.5,100.0,0.0,24.995,121.52
74DA38F210E4,2026-02-18,01:25:02,20.37,100.0,12.0,23.24,120.696
74DA38F210A2,2026-02-18,01:25:06,16.0,100.0,1.0,25.12,121.466
74DA38F20BD0,2026-02-18,01:25:10,-4.0,0.0,23.0,22.688,120.408
74DA38F20AA4,2026-02-18,01:25:16,23.75,92.0,24.0,22.685,120.492
74DA38F20D6C,2026-02-18,01:25:27,19.37,81.0,0.0,22.661,120.301
74DA38F20AAA,2026-02-18,01:25:29,13.75,100.0,4.0,24.6,120.999
74DA38F21088,2026-02-18,01:25:29,15.12,100.0,0.0,25.068,121.588
74DA38F7C5CE,2026-02-18,01:25:35,14.25,95.0,0.0,25.066,121.656
74DA38F7C3BA,2026-02-18,01:25:44,118.87,46.0,106.0,25.174,121.441
74DA38F7C5E6,2026-02-18,01:25:55,16.25,100.0,3.0,25.107,121.843
74DA38F21204,2026-02-18,01:25:58,21.5,100.0,0.0,25.062,121.451
74DA38F20A30,2026-02-18,01:26:05,14.75,89.0,0.0,24.948,121.372
74DA38F7C560,2026-02-18,01:26:09,14.5,100.0,0.0,25.079,121.671
74DA38F7C63C,2026-02-18,01:26:13,85.25,100.0,5.0,24.998,121.425
74DA38ED059C,2026-02-18,01:26:18,16.75,100.0,1.0,23.706,121.412
74DA38F20976,2026-02-18,01:26:25,15.0,91.0,9.0,25.127,121.746
74DA38F20D16,2026-02-18,01:26:29,16.0,100.0,9.0,25.062,121.526
74DA38F20DC0,2026-02-18,01:26:31,19.25,100.0,0.0,22.711,120.295
74DA38F208E2,2026-02-18,01:26:32,15.37,100.0,7.0,24.688,121.766
74DA38F2118E,2026-02-18,01:26:32,11.12,100.0,55.0,26.148,119.935
74DA38ED0640,2026-02-18,01:26:48,16.37,100.0,1.0,23.154,121.266
74DA38F7C41E,2026-02-18,01:26:51,16.37,73.0,8.0,25.054,121.517
74DA38F7C464,2026-02-18,01:26:55,14.0,37.0,0.0,25.006,121.413
74DA38F7C566,2026-02-18,01:26:56,16.12,100.0,0.0,25.051,121.448
74DA38F20D1A,2026-02-18,01:27:03,15.5,85.0,0.0,25.078,121.541
74DA38F20902,2026-02-18,01:27:07,22.5,96.0,0.0,22.204,120.7
74DA38F20A78,2026-02-18,01:27:07,17.62,100.0,2.0,22.904,121.124
74DA38ED05B6,2026-02-18,01:27:18,17.87,100.0,3.0,23.43,121.348
74DA38F7C562,2026-02-18,01:27:23,15.75,99.0,8.0,25.021,121.418
74DA38F21136,2026-02-18,01:27:24,15.75,99.0,5.0,25.119,121.505
74DA38F7C4CC,2026-02-18,01:27:26,15.0,100.0,4.0,25.062,121.451
74DA38F7C39A,2026-02-18,01:27:32,15.37,100.0,0.0,25.002,121.414
74DA38F20F0A,2026-02-18,01:27:39,22.87,100.0,19.0,22.995,120.635
74DA38F21024,2026-02-18,01:27:39,15.75,100.0,0.0,24.93,121.036
74DA38F2113E,2026-02-18,01:27:48,-4.0,0.0,7.0,22.728,120.313
74DA38ED0454,2026-02-18,01:27:49,18.5,100.0,5.0,24.053,121.599
74DA38F20C22,2026-02-18,01:27:50,19.37,100.0,0.0,22.729,120.357
74DA38F7C524,2026-02-18,01:27:55,13.12,100.0,24.0,25.002,121.552
74DA38F20BE4,2026-02-18,01:27:56,14.0,100.0,13.0,24.791,120.957
74DA38F20D4C,2026-02-18,01:27:59,22.0,100.0,2.0,22.971,121.303
74DA38F20C26,2026-02-18,01:28:00,19.25,81.0,25.0,22.676,120.342
74DA38F20E34,2026-02-18,01:28:07,20.62,76.0,26.0,22.586,120.313
74DA38F21048,2026-02-18,01:28:12,19.62,100.0,31.0,22.595,120.341
74DA38F7C3DE,2026-02-18,01:28:15,16.12,100.0,291.0,24.972,121.537
74DA38F7C31C,2026-02-18,01:28:20,14.75,100.0,0.0,24.93,121.372
74DA38F21054,2026-02-18,01:28:21,24.5,63.0,17.0,22.898,120.627
74DA38F20D70,2026-02-18,01:28:23,17.5,100.0,0.0,23.05,121.164
74DA38F7C37C,2026-02-18,01:28:26,12.37,100.0,0.0,25.111,121.856
74DA38F7C366,2026-02-18,01:28:29,15.12,100.0,4.0,25.002,121.516
74DA38F7C338,2026-02-18,01:28:30,18.0,92.0,6.0,25.011,121.458
74DA38F7C3DC,2026-02-18,01:28:31,13.87,100.0,8.0,25.003,121.539
74DA38F7C47C,2026-02-18,01:28:31,16.0,97.0,0.0,25.055,121.455
74DA38F20BCA,2026-02-18,01:28:44,14.37,100.0,0.0,25.079,121.58
74DA38F7C570,2026-02-18,01:28:49,13.62,100.0,0.0,25.239,121.63
74DA38F207DE,2026-02-18,01:28:50,20.5,100.0,36.0,22.603,120.34
74DA38F7C610,2026-02-18,01:28:52,17.12,79.0,7.0,25.063,121.564
74DA38F20E6E,2026-02-18,01:28:53,13.12,92.0,0.0,24.41,120.902
74DA38F7C47E,2026-02-18,01:28:54,16.5,100.0,10.0,25.053963,121.427681
74DA38F7C600,2026-02-18,01:28:55,20.75,62.0,3.0,25.07,121.586
74DA38F210F6,2026-02-18,01:28:59,21.25,100.0,0.0,22.757426,121.158891
74DA38F7C260,2026-02-18,01:29:00,15.62,100.0,0.0,25.065,121.425
74DA38F20B80,2026-02-18,01:29:08,18.25,100.0,0.0,22.599,120.35
74DA38F7C514,2026-02-18,01:29:14,15.5,95.0,8.0,25.051,121.518
74DA38F20AE6,2026-02-18,01:29:15,24.75,100.0,10.0,22.63,120.348
74DA38F2104E,2026-02-18,01:29:15,25.75,95.0,29.0,23.108,120.7
74DA38F209B2,2026-02-18,01:29:24,21.25,100.0,1.0,22.363,120.599
74DA38F20E9E,2026-02-18,01:29:24,14.5,100.0,5.0,24.648,121.151
74DA38F20D2E,2026-02-18,01:29:29,15.37,100.0,0.0,25.06,121.545
74DA38F7C30E,2026-02-18,01:29:30,15.12,100.0,7.0,24.949,121.382
74DA38F20B26,2026-02-18,01:29:35,20.87,100.0,23.0,22.783,120.247
74DA38F209F8,2026-02-18,01:29:37,19.12,100.0,0.0,23.157,121.4
74DA38F20DE0,2026-02-18,01:29:41,21.5,100.0,0.0,22.589,120.328
74DA38F7C3D6,2026-02-18,01:29:44,15.62,100.0,0.0,25.045,121.541
74DA38F20DD0,2026-02-18,01:29:46,18.87,100.0,1.0,22.6080258,120.3229833
74DA38F20B5C,2026-02-18,01:29:48,-4.0,0.0,25.0,22.798,120.293
74DA38F7C616,2026-02-18,01:30:09,15.25,100.0,0.0,25.031,121.563
74DA38F7C59C,2026-02-18,01:30:13,16.37,73.0,10.0,25.103,121.487
74DA38F20B88,2026-02-18,01:30:17,18.5,100.0,1.0,22.75,120.316
74DA38F7C4DE,2026-02-18,01:30:19,16.37,100.0,0.0,25.09,121.462
74DA38F20EB2,2026-02-18,01:30:24,10.5,100.0,20.0,24.324,120.835
74DA38F20D2A,2026-02-18,01:30:29,16.0,72.0,0.0,25.048,121.573
74DA38F7C29C,2026-02-18,01:30:33,16.0,100.0,8.0,25.02,121.416
74DA38F209A4,2026-02-18,01:30:35,20.37,100.0,0.0,22.702,120.572
74DA38ED06E0,2026-02-18,01:30:40,19.5,95.0,0.0,23.601,121.521
74DA38F209EE,2026-02-18,01:30:45,21.5,100.0,0.0,23.026,121.33
74DA38F7C3B2,2026-02-18,01:30:46,19.5,68.0,4.0,24.929,121.378
74DA38F7C5BE,2026-02-18,01:30:55,15.75,78.0,10.0,25.092,121.523
74DA38ED05EA,2026-02-18,01:30:56,17.75,100.0,1.0,23.394,121.357
74DA38F7C30C,2026-02-18,01:31:04,15.0,99.0,0.0,24.975,121.532
74DA38ED04F2,2026-02-18,01:31:05,18.37,100.0,0.0,23.468,121.496
74DA38F20D1E,2026-02-18,01:31:06,15.25,100.0,10.0,25.048,121.573
74DA38F7C40C,2026-02-18,01:31:08,14.5,100.0,0.0,24.995,121.52
74DA38F210E4,2026-02-18,01:31:09,20.75,100.0,12.0,23.24,120.696
74DA38F7C53C,2026-02-18,01:31:11,13.62,100.0,0.0,25.11,121.804
74DA38F7C5A0,2026-02-18,01:31:11,16.12,89.0,0.0,25.107,121.518
74DA38F210A2,2026-02-18,01:31:12,16.0,100.0,1.0,25.12,121.466
74DA38F209DE,2026-02-18,01:31:13,15.25,100.0,0.0,24.861,120.964
74DA38F20BE0,2026-02-18,01:31:16,20.37,100.0,0.0,22.73,120.346
74DA38F209A8,2026-02-18,01:31:17,-4.0,0.0,1.0,22.401,120.577
74DA38F20AA4,2026-02-18,01:31:23,23.87,91.0,25.0,22.685,120.492
74DA38ED0630,2026-02-18,01:31:27,18.37,100.0,0.0,23.994,121.594
74DA38F20AAA,2026-02-18,01:31:34,13.75,100.0,4.0,24.6,120.999
74DA38F20D6C,2026-02-18,01:31:55,19.5,81.0,0.0,22.661,120.301
74DA38F21088,2026-02-18,01:31:57,15.12,100.0,0.0,25.068,121.588
74DA38F7C5E6,2026-02-18,01:32:01,16.25,100.0,4.0,25.107,121.843
74DA38F7C5CE,2026-02-18,01:32:03,14.37,95.0,0.0,25.066,121.656
74DA38F21204,2026-02-18,01:32:04,21.5,100.0,0.0,25.062,121.451
74DA38F7C63C,2026-02-18,01:32:21,85.25,100.0,6.0,24.998,121.425
74DA38ED059C,2026-02-18,01:32:25,16.87,100.0,1.0,23.706,121.412
74DA38F20976,2026-02-18,01:32:31,15.12,93.0,9.0,25.127,121.746
74DA38F20D16,2026-02-18,01:32:36,16.12,100.0,9.0,25.062,121.526
74DA38F20A30,2026-02-18,01:32:37,14.75,89.0,0.0,24.948,121.372
74DA38F208E2,2026-02-18,01:32:38,15.25,100.0,7.0,24.688,121.766
74DA38F7C560,2026-02-18,01:32:38,14.25,100.0,0.0,25.079,121.671
74DA38ED0640,2026-02-18,01:32:55,16.5,100.0,1.0,23.154,121.266
74DA38F7C41E,2026-02-18,01:32:59,16.37,74.0,7.0,25.054,121.517
74DA38F20DC0,2026-02-18,01:33:01,19.25,100.0,2.0,22.711,120.295
74DA38F2118E,2026-02-18,01:33:07,11.37,100.0,53.0,26.148,119.935
74DA38F20B82,2026-02-18,01:33:09,-4.0,0.0,2.0,22.847,120.465
74DA38F20902,2026-02-18,01:33:13,22.62,96.0,0.0,22.204,120.7
74DA38F20A78,2026-02-18,01:33:13,17.37,100.0,1.0,22.904,121.124
74DA38ED05B6,2026-02-18,01:33:24,18.0,100.0,1.0,23.43,121.348
74DA38F7C566,2026-02-18,01:33:25,16.12,100.0,0.0,25.051,121.448
74DA38F7C464,2026-02-18,01:33:26,14.12,40.0,0.0,25.006,121.413
74DA38F21136,2026-02-18,01:33:31,15.75,98.0,5.0,25.119,121.505
74DA38F20D1A,2026-02-18,01:33:32,15.37,84.0,0.0,25.078,121.541
74DA38F7C562,2026-02-18,01:33:33,15.87,88.0,8.0,25.021,121.418
74DA38F7C4CC,2026-02-18,01:33:38,15.25,100.0,5.0,25.062,121.451
74DA38F20F0A,2026-02-18,01:33:47,23.12,100.0,18.0,22.995,120.635
74DA38F7C39A,2026-02-18,01:34:02,15.37,100.0,0.0,25.002,121.414
74DA38F20BE4,2026-02-18,01:34:03,14.12,100.0,13.0,24.791,120.957
74DA38ED0454,2026-02-18,01:34:06,18.5,100.0,6.0,24.053,121.599
74DA38F21024,2026-02-18,01:34:07,15.87,100.0,0.0,24.93,121.036
74DA38F20C26,2026-02-18,01:34:11,19.62,80.0,25.0,22.676,120.342
74DA38F7C3DE,2026-02-18,01:34:11,16.25,100.0,305.0,24.972,121.537
74DA38F20C22,2026-02-18,01:34:19,19.62,100.0,1.0,22.729,120.357
74DA38F20E34,2026-02-18,01:34:22,20.62,75.0,26.0,22.586,120.313
74DA38F7C524,2026-02-18,01:34:24,13.12,100.0,24.0,25.002,121.552
74DA38F20D4C,2026-02-18,01:34:26,21.5,100.0,0.0,22.971,121.303
74DA38F20D70,2026-02-18,01:34:28,17.5,100.0,0.0,23.05,121.164
74DA38F21054,2026-02-18,01:34:28,24.5,63.0,18.0,22.898,120.627
74DA38F7C366,2026-02-18,01:34:36,15.12,100.0,4.0,25.002,121.516
74DA38F7C3DC,2026-02-18,01:34:37,14.0,100.0,8.0,25.003,121.539
74DA38F7C47C,2026-02-18,01:34:40,16.12,96.0,0.0,25.055,121.455
74DA38F21048,2026-02-18,01:34:44,19.75,100.0,30.0,22.595,120.341
74DA38F7C31C,2026-02-18,01:34:48,14.75,100.0,0.0,24.93,121.372
74DA38F20E6E,2026-02-18,01:34:54,13.0,92.0,0.0,24.41,120.902
74DA38F7C37C,2026-02-18,01:34:54,12.37,100.0,0.0,25.111,121.856
74DA38F7C610,2026-02-18,01:34:58,17.12,79.0,7.0,25.063,121.564
74DA38F207DE,2026-02-18,01:35:00,20.5,100.0,35.0,22.603,120.34
74DA38F7C47E,2026-02-18,01:35:01,16.5,100.0,9.0,25.053963,121.427681
74DA38F7C600,2026-02-18,01:35:01,20.62,61.0,3.0,25.07,121.586
74DA38F210F6,2026-02-18,01:35:04,21.37,100.0,1.0,22.757426,121.158891
74DA38F2113E,2026-02-18,01:35:08,-4.0,0.0,9.0,22.728,120.313
74DA38F20BCA,2026-02-18,01:35:13,14.5,100.0,0.0,25.079,121.58
74DA38F7C570,2026-02-18,01:35:17,13.62,100.0,0.0,25.239,121.63
74DA38F20AE6,2026-02-18,01:35:21,24.87,100.0,9.0,22.63,120.348
74DA38F7C514,2026-02-18,01:35:23,15.5,96.0,8.0,25.051,121.518
74DA38F7C260,2026-02-18,01:35:29,15.62,100.0,0.0,25.065,121.425
74DA38F20E9E,2026-02-18,01:35:30,14.37,100.0,5.0,24.648,121.151
74DA38F20B80,2026-02-18,01:35:35,18.62,100.0,0.0,22.599,120.35
74DA38F20BD0,2026-02-18,01:35:41,-4.0,0.0,23.0,22.688,120.408
74DA38F20B26,2026-02-18,01:35:47,21.12,100.0,23.0,22.783,120.247
74DA38F209B2,2026-02-18,01:35:52,21.12,100.0,1.0,22.363,120.599
74DA38F7C30E,2026-02-18,01:35:56,15.0,100.0,7.0,24.949,121.382
74DA38F20D2E,2026-02-18,01:35:57,15.5,100.0,0.0,25.06,121.545
74DA38F209F8,2026-02-18,01:36:05,19.75,100.0,0.0,23.157,121.4
74DA38F20DE0,2026-02-18,01:36:09,21.62,100.0,0.0,22.589,120.328
74DA38F7C3D6,2026-02-18,01:36:13,15.5,100.0,0.0,25.045,121.541
74DA38F20DD0,2026-02-18,01:36:18,19.12,100.0,1.0,22.6080258,120.3229833
74DA38F7C59C,2026-02-18,01:36:18,16.5,73.0,10.0,25.103,121.487
74DA38F7C4DE,2026-02-18,01:36:33,16.37,100.0,0.0,25.09,121.462
74DA38F7C29C,2026-02-18,01:36:39,15.75,100.0,8.0,25.02,121.416
74DA38F20EB2,2026-02-18,01:36:40,10.87,100.0,29.0,24.324,120.835
74DA38F20B88,2026-02-18,01:36:45,18.75,100.0,1.0,22.75,120.316
74DA38ED06E0,2026-02-18,01:36:47,19.5,95.0,0.0,23.601,121.521
74DA38F209EE,2026-02-18,01:36:51,21.37,100.0,0.0,23.026,121.33
74DA38F7C3B2,2026-02-18,01:36:53,19.5,68.0,4.0,24.929,121.378
74DA38F20D2A,2026-02-18,01:36:59,16.25,72.0,0.0,25.048,121.573
74DA38ED05EA,2026-02-18,01:37:02,17.75,100.0,2.0,23.394,121.357
74DA38F7C5BE,2026-02-18,01:37:03,15.62,78.0,9.0,25.092,121.523
74DA38F209A4,2026-02-18,01:37:06,20.75,100.0,0.0,22.702,120.572
74DA38ED04F2,2026-02-18,01:37:14,18.5,100.0,1.0,23.468,121.496
74DA38F20D1E,2026-02-18,01:37:15,15.37,100.0,10.0,25.048,121.573
74DA38F7C40C,2026-02-18,01:37:15,14.5,100.0,0.0,24.995,121.52
74DA38F210E4,2026-02-18,01:37:17,20.75,100.0,12.0,23.24,120.696
74DA38F7C30C,2026-02-18,01:37:20,15.0,99.0,0.0,24.975,121.532
74DA38F210A2,2026-02-18,01:37:26,16.12,100.0,1.0,25.12,121.466
74DA38F20AA4,2026-02-18,01:37:30,23.87,91.0,24.0,22.685,120.492
74DA38F7C53C,2026-02-18,01:37:40,13.62,100.0,0.0,25.11,121.804
74DA38F7C5A0,2026-02-18,01:37:40,16.12,89.0,0.0,25.107,121.518
74DA38F20AAA,2026-02-18,01:37:41,13.62,100.0,4.0,24.6,120.999
74DA38F209DE,2026-02-18,01:37:42,15.25,100.0,1.0,24.861,120.964
74DA38F20BE0,2026-02-18,01:37:44,20.62,100.0,0.0,22.73,120.346
74DA38ED0630,2026-02-18,01:37:55,18.37,100.0,0.0,23.994,121.594
74DA38F21204,2026-02-18,01:38:11,21.5,100.0,0.0,25.062,121.451
74DA38F7C5E6,2026-02-18,01:38:15,16.25,100.0,4.0,25.107,121.843
74DA38F7C3BA,2026-02-18,01:38:18,118.87,46.0,94.0,25.174,121.441
74DA38F20D6C,2026-02-18,01:38:22,19.5,81.0,0.0,22.661,120.301
74DA38F21088,2026-02-18,01:38:27,15.25,100.0,0.0,25.068,121.588
74DA38F7C63C,2026-02-18,01:38:28,85.25,100.0,6.0,24.998,121.425
74DA38ED059C,2026-02-18,01:38:32,16.87,100.0,1.0,23.706,121.412
74DA38F7C5CE,2026-02-18,01:38:32,14.5,95.0,0.0,25.066,121.656
74DA38F20976,2026-02-18,01:38:37,15.12,93.0,9.0,25.127,121.746
74DA38F208E2,2026-02-18,01:38:43,15.62,100.0,6.0,24.688,121.766
74DA38F20D16,2026-02-18,01:38:43,16.0,100.0,10.0,25.062,121.526
74DA38ED0640,2026-02-18,01:39:01,16.5,100.0,1.0,23.154,121.266
74DA38F7C41E,2026-02-18,01:39:06,16.25,73.0,7.0,25.054,121.517
74DA38F20A30,2026-02-18,01:39:07,14.62,88.0,0.0,24.948,121.372
74DA38F7C560,2026-02-18,01:39:07,14.12,100.0,0.0,25.079,121.671
74DA38F20B5C,2026-02-18,01:39:18,-4.0,0.0,26.0,22.798,120.293
74DA38F20902,2026-02-18,01:39:19,22.62,96.0,0.0,22.204,120.7
74DA38F20A78,2026-02-18,01:39:20,17.62,100.0,0.0,22.904,121.124
74DA38F20DC0,2026-02-18,01:39:29,19.5,100.0,0.0,22.711,120.295
74DA38ED05B6,2026-02-18,01:39:30,18.0,100.0,0.0,23.43,121.348
74DA38F21136,2026-02-18,01:39:37,15.87,98.0,5.0,25.119,121.505
74DA38F2118E,2026-02-18,01:39:42,11.37,100.0,53.0,26.148,119.935
74DA38F7C562,2026-02-18,01:39:46,15.75,64.0,8.0,25.021,121.418
74DA38F7C4CC,2026-02-18,01:39:48,15.37,100.0,5.0,25.062,121.451
74DA38F7C566,2026-02-18,01:39:53,16.12,100.0,0.0,25.051,121.448
74DA38F20F0A,2026-02-18,01:39:54,23.25,100.0,17.0,22.995,120.635
74DA38F7C464,2026-02-18,01:39:55,14.12,37.0,0.0,25.006,121.413
74DA38F20D1A,2026-02-18,01:40:00,15.25,84.0,0.0,25.078,121.541
74DA38F7C3DE,2026-02-18,01:40:06,16.25,100.0,302.0,24.972,121.537
74DA38F20BE4,2026-02-18,01:40:10,14.25,100.0,13.0,24.791,120.957
74DA38ED0454,2026-02-18,01:40:13,18.62,100.0,7.0,24.053,121.599
74DA38F20C26,2026-02-18,01:40:24,20.0,79.0,26.0,22.676,120.342
74DA38F7C39A,2026-02-18,01:40:29,15.25,100.0,0.0,25.002,121.414
74DA38F20E34,2026-02-18,01:40:30,20.75,75.0,25.0,22.586,120.313
74DA38F20D70,2026-02-18,01:40:33,17.5,100.0,0.0,23.05,121.164
74DA38F21024,2026-02-18,01:40:35,15.87,100.0,0.0,24.93,121.036
74DA38F21054,2026-02-18,01:40:35,24.5,63.0,18.0,22.898,120.627
74DA38F7C366,2026-02-18,01:40:42,15.12,100.0,4.0,25.002,121.516
74DA38F7C3DC,2026-02-18,01:40:44,14.12,100.0,9.0,25.003,121.539
74DA38F20C22,2026-02-18,01:40:49,19.75,100.0,0.0,22.729,120.357
74DA38F7C47C,2026-02-18,01:40:49,16.0,96.0,0.0,25.055,121.455
74DA38F20D4C,2026-02-18,01:40:53,21.37,100.0,0.0,22.971,121.303
74DA38F20E6E,2026-02-18,01:40:55,12.87,92.0,0.0,24.41,120.902
74DA38F7C524,2026-02-18,01:40:55,13.12,100.0,25.0,25.002,121.552
74DA38F209A8,2026-02-18,01:40:59,-4.0,0.0,0.0,22.401,120.577
74DA38F7C610,2026-02-18,01:41:04,17.25,79.0,7.0,25.063,121.564
74DA38F7C47E,2026-02-18,01:41:07,16.5,100.0,10.0,25.053963,121.427681
74DA38F7C600,2026-02-18,01:41:07,20.5,61.0,3.0,25.07,121.586
74DA38F207DE,2026-02-18,01:41:10,20.62,100.0,37.0,22.603,120.34
74DA38F210F6,2026-02-18,01:41:10,21.37,100.0,1.0,22.757426,121.158891
74DA38F21048,2026-02-18,01:41:17,19.75,100.0,30.0,22.595,120.341
74DA38F7C31C,2026-02-18,01:41:19,14.75,100.0,0.0,24.93,121.372
74DA38F7C37C,2026-02-18,01:41:22,12.25,100.0,0.0,25.111,121.856
74DA38F20AE6,2026-02-18,01:41:27,24.87,100.0,9.0,22.63,120.348
74DA38F7C514,2026-02-18,01:41:31,15.62,96.0,8.0,25.051,121.518
74DA38F20E9E,2026-02-18,01:41:36,14.37,100.0,5.0,24.648,121.151
74DA38F20BCA,2026-02-18,01:41:42,14.5,100.0,0.0,25.079,121.58
74DA38F7C570,2026-02-18,01:41:46,13.62,100.0,0.0,25.239,121.63
74DA38F7C338,2026-02-18,01:41:56,18.0,92.0,7.0,25.011,121.458
74DA38F20B26,2026-02-18,01:41:58,21.25,100.0,23.0,22.783,120.247
74DA38F7C260,2026-02-18,01:41:58,15.75,100.0,0.0,25.065,121.425
74DA38F20B80,2026-02-18,01:42:04,18.62,100.0,0.0,22.599,120.35
74DA38F7C30E,2026-02-18,01:42:05,15.0,100.0,7.0,24.949,121.382
74DA38F209B2,2026-02-18,01:42:20,21.0,100.0,0.0,22.363,120.599
74DA38F2104E,2026-02-18,01:42:24,25.25,94.0,30.0,23.108,120.7
74DA38F2113E,2026-02-18,01:42:25,-4.0,0.0,6.0,22.728,120.313
74DA38F7C59C,2026-02-18,01:42:25,16.62,73.0,9.0,25.103,121.487
74DA38F20D2E,2026-02-18,01:42:26,15.62,100.0,0.0,25.06,121.545
74DA38F209F8,2026-02-18,01:42:32,20.75,100.0,0.0,23.157,121.4
74DA38F20DE0,2026-02-18,01:42:39,21.75,100.0,0.0,22.589,120.328
74DA38F7C3D6,2026-02-18,01:42:40,15.62,100.0,0.0,25.045,121.541
74DA38F20B82,2026-02-18,01:42:41,-4.0,0.0,2.0,22.847,120.465
74DA38F7C4DE,2026-02-18,01:42:41,16.5,100.0,0.0,25.09,121.462
74DA38F7C616,2026-02-18,01:42:41,15.5,100.0,0.0,25.031,121.563
74DA38F20DD0,2026-02-18,01:42:45,19.12,100.0,1.0,22.6080258,120.3229833
74DA38F7C29C,2026-02-18,01:42:46,16.0,100.0,7.0,25.02,121.416
74DA38ED06E0,2026-02-18,01:42:53,19.5,94.0,0.0,23.601,121.521
74DA38F20EB2,2026-02-18,01:42:54,11.25,100.0,24.0,24.324,120.835
74DA38F209EE,2026-02-18,01:42:57,21.37,100.0,0.0,23.026,121.33
74DA38F7C3B2,2026-02-18,01:43:01,19.37,68.0,4.0,24.929,121.378
74DA38ED05EA,2026-02-18,01:43:09,17.75,100.0,17.0,23.394,121.357
74DA38F7C5BE,2026-02-18,01:43:09,15.5,79.0,10.0,25.092,121.523
74DA38F20B88,2026-02-18,01:43:15,18.87,100.0,1.0,22.75,120.316
74DA38ED04F2,2026-02-18,01:43:21,18.62,100.0,1.0,23.468,121.496
74DA38F20D1E,2026-02-18,01:43:22,15.37,100.0,11.0,25.048,121.573
74DA38F7C40C,2026-02-18,01:43:22,14.5,100.0,0.0,24.995,121.52
74DA38F210E4,2026-02-18,01:43:23,20.62,100.0,12.0,23.24,120.696
74DA38F20D2A,2026-02-18,01:43:29,16.0,72.0,0.0,25.048,121.573
74DA38F210A2,2026-02-18,01:43:32,16.25,100.0,1.0,25.12,121.466
74DA38F7C30C,2026-02-18,01:43:32,15.12,99.0,0.0,24.975,121.532
74DA38F209A4,2026-02-18,01:43:35,20.87,100.0,0.0,22.702,120.572
74DA38F20AA4,2026-02-18,01:43:38,23.87,91.0,24.0,22.685,120.492
74DA38F20AAA,2026-02-18,01:43:48,13.5,100.0,4.0,24.6,120.999
74DA38F7C53C,2026-02-18,01:44:08,13.62,100.0,1.0,25.11,121.804
74DA38F7C5A0,2026-02-18,01:44:08,16.0,88.0,0.0,25.107,121.518
74DA38F209DE,2026-02-18,01:44:10,15.25,100.0,1.0,24.861,120.964
74DA38F20BE0,2026-02-18,01:44:13,20.87,100.0,0.0,22.73,120.346
74DA38F21204,2026-02-18,01:44:18,21.5,100.0,0.0,25.062,121.451
74DA38ED0630,2026-02-18,01:44:23,18.5,100.0,0.0,23.994,121.594
74DA38F7C3BA,2026-02-18,01:44:23,118.87,46.0,102.0,25.174,121.441
74DA38F7C5E6,2026-02-18,01:44:25,16.25,100.0,4.0,25.107,121.843
74DA38F7C63C,2026-02-18,01:44:35,85.25,100.0,6.0,24.998,121.425
74DA38ED059C,2026-02-18,01:44:38,16.75,100.0,1.0,23.706,121.412
74DA38F20976,2026-02-18,01:44:45,15.0,89.0,10.0,25.127,121.746
74DA38F208E2,2026-02-18,01:44:49,15.87,100.0,7.0,24.688,121.766
74DA38F20D16,2026-02-18,01:44:49,16.0,100.0,9.0,25.062,121.526
74DA38F20D6C,2026-02-18,01:44:51,19.62,81.0,0.0,22.661,120.301
74DA38F21088,2026-02-18,01:44:56,15.25,100.0,0.0,25.068,121.588
74DA38F7C5CE,2026-02-18,01:44:59,14.5,94.0,0.0,25.066,121.656
74DA38ED0640,2026-02-18,01:45:08,16.37,100.0,1.0,23.154,121.266
74DA38F7C41E,2026-02-18,01:45:16,16.25,73.0,7.0,25.054,121.517
74DA38F20902,2026-02-18,01:45:25,22.75,95.0,0.0,22.204,120.7
74DA38F20A78,2026-02-18,01:45:26,17.62,100.0,0.0,22.904,121.124
74DA38ED05B6,2026-02-18,01:45:36,18.0,100.0,1.0,23.43,121.348
74DA38F7C560,2026-02-18,01:45:36,14.12,100.0,0.0,25.079,121.671
74DA38F20A30,2026-02-18,01:45:37,14.75,88.0,0.0,24.948,121.372
74DA38F21136,2026-02-18,01:45:43,16.0,99.0,5.0,25.119,121.505
74DA38F7C4CC,2026-02-18,01:45:56,15.37,100.0,5.0,25.062,121.451
74DA38F7C562,2026-02-18,01:45:58,15.62,75.0,7.0,25.021,121.418
74DA38F7C3DE,2026-02-18,01:46:01,16.25,100.0,291.0,24.972,121.537
74DA38F20F0A,2026-02-18,01:46:04,23.37,100.0,18.0,22.995,120.635
74DA38F20BD0,2026-02-18,01:46:09,-4.0,0.0,24.0,22.688,120.408
74DA38F20DC0,2026-02-18,01:46:10,19.5,100.0,1.0,22.711,120.295
74DA38F20BE4,2026-02-18,01:46:16,14.5,100.0,14.0,24.791,120.957
74DA38F2118E,2026-02-18,01:46:19,11.62,100.0,52.0,26.148,119.935
74DA38F7C566,2026-02-18,01:46:21,16.25,100.0,0.0,25.051,121.448
74DA38F7C464,2026-02-18,01:46:25,14.0,47.0,0.0,25.006,121.413
74DA38ED0454,2026-02-18,01:46:28,18.62,100.0,6.0,24.053,121.599
74DA38F20D1A,2026-02-18,01:46:29,15.25,84.0,0.0,25.078,121.541
74DA38F20C26,2026-02-18,01:46:35,20.25,79.0,25.0,22.676,120.342
74DA38F20E34,2026-02-18,01:46:41,20.87,75.0,26.0,22.586,120.313
74DA38F20D70,2026-02-18,01:46:42,17.5,100.0,0.0,23.05,121.164
74DA38F21054,2026-02-18,01:46:42,24.5,63.0,18.0,22.898,120.627
74DA38F7C366,2026-02-18,01:46:48,15.12,100.0,4.0,25.002,121.516
74DA38F7C3DC,2026-02-18,01:46:52,14.25,100.0,9.0,25.003,121.539
74DA38F20E6E,2026-02-18,01:46:57,13.0,92.0,0.0,24.41,120.902
74DA38F7C47C,2026-02-18,01:46:57,16.12,96.0,0.0,25.055,121.455
74DA38F7C39A,2026-02-18,01:46:58,15.37,100.0,0.0,25.002,121.414
74DA38F21024,2026-02-18,01:47:03,15.87,100.0,0.0,24.93,121.036
74DA38F7C610,2026-02-18,01:47:09,17.25,78.0,7.0,25.063,121.564
74DA38F7C47E,2026-02-18,01:47:13,16.5,100.0,9.0,25.053963,121.427681
74DA38F7C600,2026-02-18,01:47:13,20.62,60.0,3.0,25.07,121.586
74DA38F210F6,2026-02-18,01:47:15,21.62,100.0,0.0,22.757426,121.158891
74DA38F20C22,2026-02-18,01:47:16,19.87,100.0,0.0,22.729,120.357
74DA38F207DE,2026-02-18,01:47:21,20.75,100.0,36.0,22.603,120.34
74DA38F20D4C,2026-02-18,01:47:21,21.25,100.0,0.0,22.971,121.303
74DA38F7C524,2026-02-18,01:47:27,13.25,100.0,24.0,25.002,121.552
74DA38F20AE6,2026-02-18,01:47:33,24.87,100.0,9.0,22.63,120.348
74DA38F7C514,2026-02-18,01:47:38,15.62,95.0,8.0,25.051,121.518
74DA38F20E9E,2026-02-18,01:47:41,14.37,100.0,5.0,24.648,121.151
74DA38F7C31C,2026-02-18,01:47:49,14.87,100.0,0.0,24.93,121.372
74DA38F21048,2026-02-18,01:47:50,20.0,100.0,31.0,22.595,120.341
74DA38F7C37C,2026-02-18,01:47:51,12.25,100.0,0.0,25.111,121.856
74DA38F20B26,2026-02-18,01:48:07,21.37,100.0,24.0,22.783,120.247
74DA38F20BCA,2026-02-18,01:48:12,14.62,100.0,0.0,25.079,121.58
74DA38F7C570,2026-02-18,01:48:14,13.62,100.0,0.0,25.239,121.63
74DA38F7C30E,2026-02-18,01:48:15,15.0,100.0,7.0,24.949,121.382
74DA38F7C260,2026-02-18,01:48:27,15.75,100.0,0.0,25.065,121.425
74DA38F7C338,2026-02-18,01:48:29,18.0,91.0,7.0,25.011,121.458
74DA38F7C59C,2026-02-18,01:48:30,16.75,73.0,9.0,25.103,121.487
74DA38F20B80,2026-02-18,01:48:31,19.0,100.0,0.0,22.599,120.35
74DA38F2104E,2026-02-18,01:48:36,24.62,96.0,31.0,23.108,120.7
74DA38F209B2,2026-02-18,01:48:48,21.0,100.0,0.0,22.363,120.599
74DA38F20B5C,2026-02-18,01:48:48,-4.0,0.0,26.0,22.798,120.293
74DA38F7C616,2026-02-18,01:48:48,15.62,100.0,0.0,25.031,121.563
74DA38F7C4DE,2026-02-18,01:48:49,16.62,100.0,0.0,25.09,121.462
74DA38F7C29C,2026-02-18,01:48:52,16.0,100.0,7.0,25.02,121.416
74DA38F20D2E,2026-02-18,01:48:55,15.62,100.0,0.0,25.06,121.545
74DA38ED06E0,2026-02-18,01:49:00,19.5,94.0,0.0,23.601,121.521
74DA38F209F8,2026-02-18,01:49:00,20.37,100.0,0.0,23.157,121.4
74DA38F209EE,2026-02-18,01:49:03,21.37,100.0,0.0,23.026,121.33
74DA38F20DE0,2026-02-18,01:49:07,22.0,100.0,0.0,22.589,120.328
74DA38F7C3B2,2026-02-18,01:49:07,19.37,68.0,4.0,24.929,121.378
74DA38F20EB2,2026-02-18,01:49:08,11.37,100.0,27.0,24.324,120.835
74DA38F7C3D6,2026-02-18,01:49:08,16.0,100.0,0.0,25.045,121.541
74DA38ED05EA,2026-02-18,01:49:15,17.75,100.0,15.0,23.394,121.357
74DA38F20DD0,2026-02-18,01:49:16,19.12,100.0,2.0,22.6080258,120.3229833
74DA38F7C5BE,2026-02-18,01:49:17,15.75,79.0,10.0,25.092,121.523
74DA38ED04F2,2026-02-18,01:49:30,18.62,100.0,0.0,23.468,121.496
74DA38F7C40C,2026-02-18,01:49:30,14.5,100.0,0.0,24.995,121.52
74DA38F20D1E,2026-02-18,01:49:31,15.5,100.0,10.0,25.048,121.573
74DA38F210E4,2026-02-18,01:49:31,20.37,100.0,13.0,23.24,120.696
74DA38F210A2,2026-02-18,01:49:38,16.37,100.0,0.0,25.12,121.466
74DA38F7C30C,2026-02-18,01:49:40,15.12,99.0,0.0,24.975,121.532
74DA38F20B88,2026-02-18,01:49:45,19.25,100.0,0.0,22.75,120.316
74DA38F20AA4,2026-02-18,01:49:46,24.12,91.0,24.0,22.685,120.492
74DA38F2113E,2026-02-18,01:49:48,-4.0,0.0,9.0,22.728,120.313
74DA38F20AAA,2026-02-18,01:49:54,13.62,100.0,4.0,24.6,120.999
74DA38F20D2A,2026-02-18,01:49:58,16.12,71.0,0.0,25.048,121.573
74DA38F209A4,2026-02-18,01:50:04,21.12,100.0,0.0,22.702,120.572
74DA38F21204,2026-02-18,01:50:23,21.5,100.0,0.0,25.062,121.451
74DA38F7C3BA,2026-02-18,01:50:23,118.87,46.0,98.0,25.174,121.441
74DA38F7C5E6,2026-02-18,01:50:32,16.37,100.0,4.0,25.107,121.843
74DA38F7C53C,2026-02-18,01:50:36,13.62,100.0,0.0,25.11,121.804
74DA38F7C5A0,2026-02-18,01:50:36,16.0,89.0,0.0,25.107,121.518
74DA38F209A8,2026-02-18,01:50:38,-4.0,0.0,0.0,22.401,120.577
74DA38F209DE,2026-02-18,01:50:38,15.5,100.0,0.0,24.861,120.964
74DA38F20BE0,2026-02-18,01:50:43,21.0,100.0,0.0,22.73,120.346
74DA38F7C63C,2026-02-18,01:50:43,85.25,100.0,4.0,24.998,121.425
74DA38ED059C,2026-02-18,01:50:45,16.75,100.0,0.0,23.706,121.412
74DA38ED0630,2026-02-18,01:50:51,18.5,100.0,0.0,23.994,121.594
74DA38F208E2,2026-02-18,01:50:54,15.62,100.0,6.0,24.688,121.766
74DA38F20976,2026-02-18,01:50:54,15.0,92.0,11.0,25.127,121.746
74DA38F20D16,2026-02-18,01:50:57,16.0,99.0,10.0,25.062,121.526
74DA38ED0640,2026-02-18,01:51:14,16.5,100.0,1.0,23.154,121.266
74DA38F20D6C,2026-02-18,01:51:21,19.62,81.0,0.0,22.661,120.301
74DA38F21088,2026-02-18,01:51:23,15.25,100.0,0.0,25.068,121.588
74DA38F7C5CE,2026-02-18,01:51:28,14.5,94.0,0.0,25.066,121.656
74DA38F20902,2026-02-18,01:51:31,22.75,95.0,0.0,22.204,120.7
74DA38F7C41E,2026-02-18,01:51:31,16.25,74.0,7.0,25.054,121.517
74DA38F20A78,2026-02-18,01:51:33,17.75,100.0,0.0,22.904,121.124
74DA38ED05B6,2026-02-18,01:51:42,18.12,100.0,1.0,23.43,121.348
74DA38F21136,2026-02-18,01:51:49,16.0,99.0,5.0,25.119,121.505
74DA38F7C3DE,2026-02-18,01:51:57,16.37,100.0,279.0,24.972,121.537
74DA38F7C4CC,2026-02-18,01:52:02,15.37,100.0,4.0,25.062,121.451
74DA38F7C560,2026-02-18,01:52:05,14.12,100.0,0.0,25.079,121.671
74DA38F7C562,2026-02-18,01:52:08,15.62,61.0,9.0,25.021,121.418
74DA38F20F0A,2026-02-18,01:52:11,23.37,100.0,17.0,22.995,120.635
74DA38F20A30,2026-02-18,01:52:14,14.87,88.0,0.0,24.948,121.372
74DA38F20B82,2026-02-18,01:52:14,-4.0,0.0,2.0,22.847,120.465
74DA38F20BE4,2026-02-18,01:52:22,14.5,100.0,13.0,24.791,120.957
74DA38F20DC0,2026-02-18,01:52:38,19.75,100.0,0.0,22.711,120.295
74DA38ED0454,2026-02-18,01:52:40,18.62,100.0,6.0,24.053,121.599
74DA38F21054,2026-02-18,01:52:48,24.5,63.0,19.0,22.898,120.627
74DA38F20C26,2026-02-18,01:52:50,20.25,78.0,25.0,22.676,120.342
74DA38F20D70,2026-02-18,01:52:50,17.62,100.0,0.0,23.05,121.164
74DA38F7C566,2026-02-18,01:52:50,16.37,100.0,0.0,25.051,121.448
74DA38F20E34,2026-02-18,01:52:52,21.0,75.0,26.0,22.586,120.313
74DA38F2118E,2026-02-18,01:52:54,11.87,100.0,51.0,26.148,119.935
74DA38F7C366,2026-02-18,01:52:54,15.37,100.0,4.0,25.002,121.516
74DA38F20D1A,2026-02-18,01:52:57,15.25,84.0,0.0,25.078,121.541
74DA38F7C464,2026-02-18,01:52:58,14.0,45.0,0.0,25.006,121.413
74DA38F20E6E,2026-02-18,01:52:59,13.0,92.0,0.0,24.41,120.902
74DA38F7C3DC,2026-02-18,01:52:59,14.25,100.0,8.0,25.003,121.539
74DA38F7C47C,2026-02-18,01:53:06,16.0,96.0,0.0,25.055,121.455
74DA38F7C600,2026-02-18,01:53:18,20.62,60.0,3.0,25.07,121.586
74DA38F7C610,2026-02-18,01:53:18,17.25,78.0,7.0,25.063,121.564
74DA38F210F6,2026-02-18,01:53:20,21.62,100.0,1.0,22.757426,121.158891
74DA38F7C47E,2026-02-18,01:53:21,16.62,100.0,10.0,25.053963,121.427681
74DA38F7C39A,2026-02-18,01:53:27,15.37,100.0,0.0,25.002,121.414
74DA38F21024,2026-02-18,01:53:31,15.87,100.0,0.0,24.93,121.036
74DA38F207DE,2026-02-18,01:53:32,20.62,100.0,36.0,22.603,120.34
74DA38F20AE6,2026-02-18,01:53:39,24.87,100.0,9.0,22.63,120.348
74DA38F7C514,2026-02-18,01:53:44,15.87,95.0,8.0,25.051,121.518
74DA38F20C22,2026-02-18,01:53:45,20.12,100.0,1.0,22.729,120.357
74DA38F20E9E,2026-02-18,01:53:47,14.12,100.0,5.0,24.648,121.151
74DA38F20D4C,2026-02-18,01:53:48,21.25,100.0,0.0,22.971,121.303
74DA38F7C524,2026-02-18,01:53:59,13.25,100.0,24.0,25.002,121.552
74DA38F7C31C,2026-02-18,01:54:17,15.0,100.0,0.0,24.93,121.372
74DA38F7C37C,2026-02-18,01:54:19,12.25,100.0,0.0,25.111,121.856
74DA38F21048,2026-02-18,01:54:21,20.12,100.0,31.0,22.595,120.341
74DA38F20B26,2026-02-18,01:54:22,21.62,100.0,23.0,22.783,120.247
74DA38F7C30E,2026-02-18,01:54:25,15.12,100.0,7.0,24.949,121.382
74DA38F7C59C,2026-02-18,01:54:37,16.62,73.0,9.0,25.103,121.487
74DA38F20BCA,2026-02-18,01:54:40,14.75,100.0,0.0,25.079,121.58
74DA38F7C570,2026-02-18,01:54:42,13.5,100.0,0.0,25.239,121.63
74DA38F2104E,2026-02-18,01:54:48,24.75,96.0,32.0,23.108,120.7
74DA38F7C260,2026-02-18,01:54:56,15.75,100.0,0.0,25.065,121.425
74DA38F7C4DE,2026-02-18,01:54:57,16.75,100.0,0.0,25.09,121.462
74DA38F7C29C,2026-02-18,01:54:58,16.0,100.0,8.0,25.02,121.416
74DA38F20B80,2026-02-18,01:55:00,19.25,100.0,0.0,22.599,120.35
74DA38F7C616,2026-02-18,01:55:03,15.5,100.0,0.0,25.031,121.563
74DA38F7C338,2026-02-18,01:55:04,18.0,91.0,6.0,25.011,121.458
74DA38ED06E0,2026-02-18,01:55:07,19.5,95.0,0.0,23.601,121.521
74DA38F209EE,2026-02-18,01:55:08,21.5,100.0,0.0,23.026,121.33
74DA38F7C3B2,2026-02-18,01:55:13,19.37,68.0,4.0,24.929,121.378
74DA38F209B2,2026-02-18,01:55:17,21.0,100.0,1.0,22.363,120.599
74DA38ED05EA,2026-02-18,01:55:20,17.87,100.0,4.0,23.394,121.357
74DA38F20EB2,2026-02-18,01:55:21,11.75,100.0,28.0,24.324,120.835
74DA38F20D2E,2026-02-18,01:55:23,15.75,100.0,0.0,25.06,121.545
74DA38F7C5BE,2026-02-18,01:55:23,15.62,79.0,10.0,25.092,121.523
74DA38F209F8,2026-02-18,01:55:28,20.0,100.0,0.0,23.157,121.4
74DA38F20DE0,2026-02-18,01:55:35,22.12,100.0,0.0,22.589,120.328
74DA38F7C3D6,2026-02-18,01:55:36,16.0,100.0,0.0,25.045,121.541
74DA38F7C40C,2026-02-18,01:55:37,14.62,100.0,0.0,24.995,121.52
74DA38ED04F2,2026-02-18,01:55:39,18.75,100.0,0.0,23.468,121.496
74DA38F20D1E,2026-02-18,01:55:39,15.5,100.0,10.0,25.048,121.573
74DA38F210E4,2026-02-18,01:55:40,20.5,100.0,12.0,23.24,120.696
74DA38F210A2,2026-02-18,01:55:44,16.25,100.0,1.0,25.12,121.466
74DA38F20DD0,2026-02-18,01:55:46,19.62,100.0,0.0,22.6080258,120.3229833
74DA38F7C30C,2026-02-18,01:55:46,15.12,99.0,0.0,24.975,121.532
74DA38F20AA4,2026-02-18,01:55:54,24.25,91.0,24.0,22.685,120.492
74DA38F20AAA,2026-02-18,01:56:02,13.62,100.0,5.0,24.6,120.999
74DA38F20B88,2026-02-18,01:56:12,19.75,100.0,0.0,22.75,120.316
74DA38F7C3BA,2026-02-18,01:56:25,118.87,46.0,100.0,25.174,121.441
74DA38F20D2A,2026-02-18,01:56:27,16.0,71.0,0.0,25.048,121.573
74DA38F209A4,2026-02-18,01:56:33,21.37,100.0,0.0,22.702,120.572
74DA38F21204,2026-02-18,01:56:34,21.62,100.0,0.0,25.062,121.451
74DA38F7C5E6,2026-02-18,01:56:39,16.5,100.0,4.0,25.107,121.843
74DA38F20BD0,2026-02-18,01:56:40,-4.0,0.0,25.0,22.688,120.408
74DA38F7C63C,2026-02-18,01:56:51,85.25,100.0,5.0,24.998,121.425
74DA38ED059C,2026-02-18,01:56:52,16.87,100.0,1.0,23.706,121.412
74DA38F208E2,2026-02-18,01:56:59,15.5,100.0,8.0,24.688,121.766
74DA38F20976,2026-02-18,01:57:01,15.0,91.0,11.0,25.127,121.746
74DA38F20D16,2026-02-18,01:57:03,16.25,99.0,9.0,25.062,121.526
74DA38F7C53C,2026-02-18,01:57:05,13.62,100.0,0.0,25.11,121.804
74DA38F7C5A0,2026-02-18,01:57:06,15.87,89.0,0.0,25.107,121.518
74DA38F209DE,2026-02-18,01:57:07,15.62,100.0,1.0,24.861,120.964
74DA38F2113E,2026-02-18,01:57:09,-4.0,0.0,10.0,22.728,120.313
74DA38F20BE0,2026-02-18,01:57:19,21.25,100.0,0.0,22.73,120.346
74DA38ED0630,2026-02-18,01:57:21,18.37,100.0,0.0,23.994,121.594
74DA38ED0640,2026-02-18,01:57:21,16.75,100.0,1.0,23.154,121.266
74DA38F7C41E,2026-02-18,01:57:37,16.25,74.0,6.0,25.054,121.517
74DA38F20902,2026-02-18,01:57:38,22.87,95.0,0.0,22.204,120.7
74DA38F20A78,2026-02-18,01:57:40,17.62,100.0,0.0,22.904,121.124
74DA38ED05B6,2026-02-18,01:57:48,18.0,100.0,1.0,23.43,121.348
74DA38F20D6C,2026-02-18,01:57:50,19.62,81.0,0.0,22.661,120.301
74DA38F21088,2026-02-18,01:57:52,15.25,100.0,0.0,25.068,121.588
74DA38F7C3DE,2026-02-18,01:57:52,16.5,100.0,291.0,24.972,121.537
74DA38F7C5CE,2026-02-18,01:57:55,14.5,94.0,0.0,25.066,121.656
74DA38F21136,2026-02-18,01:57:57,15.87,99.0,5.0,25.119,121.505
74DA38F7C4CC,2026-02-18,01:58:09,15.25,100.0,5.0,25.062,121.451
74DA38F20B5C,2026-02-18,01:58:16,-4.0,0.0,28.0,22.798,120.293
74DA38F20F0A,2026-02-18,01:58:19,23.5,100.0,18.0,22.995,120.635
74DA38F7C562,2026-02-18,01:58:20,15.37,31.0,8.0,25.021,121.418
74DA38F20BE4,2026-02-18,01:58:30,14.75,100.0,14.0,24.791,120.957
74DA38F7C560,2026-02-18,01:58:37,14.0,100.0,0.0,25.079,121.671
74DA38F20A30,2026-02-18,01:58:44,14.87,88.0,0.0,24.948,121.372
74DA38F21054,2026-02-18,01:58:55,24.5,63.0,18.0,22.898,120.627
74DA38F20D70,2026-02-18,01:58:56,17.62,100.0,0.0,23.05,121.164
74DA38F20E6E,2026-02-18,01:59:00,12.87,91.0,0.0,24.41,120.902
74DA38F7C366,2026-02-18,01:59:00,15.25,100.0,4.0,25.002,121.516
74DA38F20C26,2026-02-18,01:59:01,20.12,79.0,25.0,22.676,120.342
74DA38F20E34,2026-02-18,01:59:05,21.12,75.0,26.0,22.586,120.313
74DA38F20DC0,2026-02-18,01:59:06,19.75,100.0,0.0,22.711,120.295
74DA38F7C3DC,2026-02-18,01:59:06,14.25,100.0,9.0,25.003,121.539
74DA38F7C47C,2026-02-18,01:59:15,16.12,96.0,0.0,25.055,121.455
74DA38F7C566,2026-02-18,01:59:18,16.5,100.0,0.0,25.051,121.448
74DA38F7C600,2026-02-18,01:59:24,20.75,60.0,3.0,25.07,121.586
74DA38F7C610,2026-02-18,01:59:24,17.25,78.0,8.0,25.063,121.564
74DA38F210F6,2026-02-18,01:59:25,21.62,100.0,0.0,22.757426,121.158891
74DA38F20D1A,2026-02-18,01:59:26,15.25,84.0,0.0,25.078,121.541
74DA38F7C464,2026-02-18,01:59:27,14.0,37.0,0.0,25.006,121.413
74DA38F7C47E,2026-02-18,01:59:27,16.62,100.0,10.0,25.053963,121.427681
74DA38F2118E,2026-02-18,01:59:30,12.37,100.0,51.0,26.148,119.935
74DA38F20AE6,2026-02-18,01:59:44,24.87,100.0,9.0,22.63,120.348
74DA38F207DE,2026-02-18,01:59:46,20.62,100.0,36.0,22.603,120.34
74DA38F7C514,2026-02-18,01:59:52,16.0,95.0,8.0,25.051,121.518
74DA38F20E9E,2026-02-18,01:59:53,14.25,100.0,5.0,24.648,121.151
74DA38F7C39A,2026-02-18,01:59:54,15.37,100.0,0.0,25.002,121.414
74DA38F21024,2026-02-18,01:59:59,16.0,100.0,0.0,24.93,121.036
74DA38F20C22,2026-02-18,02:00:14,20.25,100.0,0.0,22.729,120.357
74DA38F20D4C,2026-02-18,02:00:16,21.12,100.0,0.0,22.971,121.303
74DA38F209A8,2026-02-18,02:00:17,-4.0,0.0,0.0,22.401,120.577
74DA38F7C524,2026-02-18,02:00:30,13.37,100.0,24.0,25.002,121.552
74DA38F20B26,2026-02-18,02:00:36,21.62,100.0,23.0,22.783,120.247
74DA38F7C59C,2026-02-18,02:00:42,16.62,73.0,9.0,25.103,121.487
74DA38F7C30E,2026-02-18,02:00:43,15.25,100.0,7.0,24.949,121.382
74DA38F7C31C,2026-02-18,02:00:46,15.0,100.0,0.0,24.93,121.372
74DA38F7C37C,2026-02-18,02:00:50,12.25,100.0,0.0,25.111,121.856
74DA38F21048,2026-02-18,02:00:54,20.37,100.0,32.0,22.595,120.341
74DA38F2104E,2026-02-18,02:00:58,25.0,96.0,32.0,23.108,120.7
74DA38F7C29C,2026-02-18,02:01:04,16.12,100.0,8.0,25.02,121.416
74DA38F20BCA,2026-02-18,02:01:09,14.75,100.0,0.0,25.079,121.58
74DA38F7C570,2026-02-18,02:01:11,13.62,100.0,0.0,25.239,121.63
74DA38ED06E0,2026-02-18,02:01:14,19.5,95.0,0.0,23.601,121.521
74DA38F209EE,2026-02-18,02:01:14,21.25,100.0,0.0,23.026,121.33
74DA38F7C3B2,2026-02-18,02:01:21,19.37,68.0,4.0,24.929,121.378
74DA38F7C260,2026-02-18,02:01:24,15.75,100.0,0.0,25.065,121.425
74DA38ED05EA,2026-02-18,02:01:26,17.87,100.0,4.0,23.394,121.357
74DA38F7C616,2026-02-18,02:01:27,15.75,100.0,0.0,25.031,121.563
74DA38F20B80,2026-02-18,02:01:28,19.5,100.0,0.0,22.599,120.35
74DA38F7C5BE,2026-02-18,02:01:30,15.5,79.0,10.0,25.092,121.523
74DA38F20EB2,2026-02-18,02:01:33,12.25,100.0,18.0,24.324,120.835
74DA38F7C338,2026-02-18,02:01:38,18.0,90.0,7.0,25.011,121.458
74DA38F209B2,2026-02-18,02:01:44,21.0,100.0,0.0,22.363,120.599
74DA38F7C40C,2026-02-18,02:01:44,14.62,100.0,0.0,24.995,121.52
74DA38F20B82,2026-02-18,02:01:46,-4.0,0.0,1.0,22.847,120.465
74DA38ED04F2,2026-02-18,02:01:48,18.75,100.0,0.0,23.468,121.496
74DA38F210E4,2026-02-18,02:01:49,20.37,100.0,13.0,23.24,120.696
74DA38F20D1E,2026-02-18,02:01:52,15.5,100.0,10.0,25.048,121.573
74DA38F20D2E,2026-02-18,02:01:52,15.62,100.0,0.0,25.06,121.545
74DA38F210A2,2026-02-18,02:01:53,16.5,100.0,1.0,25.12,121.466
74DA38F209F8,2026-02-18,02:01:55,20.0,100.0,0.0,23.157,121.4
74DA38F7C30C,2026-02-18,02:01:58,15.25,99.0,0.0,24.975,121.532
74DA38F20AA4,2026-02-18,02:02:01,24.37,91.0,25.0,22.685,120.492
74DA38F20DE0,2026-02-18,02:02:04,22.12,100.0,0.0,22.589,120.328
74DA38F7C3D6,2026-02-18,02:02:04,15.87,100.0,0.0,25.045,121.541
74DA38F20AAA,2026-02-18,02:02:09,13.75,100.0,4.0,24.6,120.999
74DA38F20DD0,2026-02-18,02:02:16,19.87,100.0,0.0,22.6080258,120.3229833
74DA38F7C3BA,2026-02-18,02:02:29,118.87,46.0,100.0,25.174,121.441
74DA38F20B88,2026-02-18,02:02:42,19.75,100.0,0.0,22.75,120.316
74DA38F21204,2026-02-18,02:02:43,21.75,100.0,0.0,25.062,121.451
74DA38F7C5E6,2026-02-18,02:02:46,16.5,100.0,4.0,25.107,121.843
74DA38F7C63C,2026-02-18,02:02:57,85.25,100.0,5.0,24.998,121.425
74DA38ED059C,2026-02-18,02:02:58,17.0,100.0,0.0,23.706,121.412
74DA38F209A4,2026-02-18,02:03:02,21.75,100.0,0.0,22.702,120.572
74DA38F208E2,2026-02-18,02:03:06,15.62,100.0,10.0,24.688,121.766
74DA38F20976,2026-02-18,02:03:06,15.0,92.0,11.0,25.127,121.746
74DA38F20D2A,2026-02-18,02:03:06,16.0,71.0,0.0,25.048,121.573
74DA38F20D16,2026-02-18,02:03:09,16.12,100.0,9.0,25.062,121.526
74DA38ED0640,2026-02-18,02:03:28,16.87,100.0,1.0,23.154,121.266
74DA38F7C53C,2026-02-18,02:03:33,13.62,100.0,0.0,25.11,121.804
74DA38F7C5A0,2026-02-18,02:03:34,15.75,89.0,0.0,25.107,121.518
74DA38F209DE,2026-02-18,02:03:35,15.5,100.0,1.0,24.861,120.964
74DA38F7C41E,2026-02-18,02:03:43,16.25,74.0,7.0,25.054,121.517
74DA38F20902,2026-02-18,02:03:46,23.0,95.0,0.0,22.204,120.7
74DA38F20A78,2026-02-18,02:03:47,17.75,100.0,0.0,22.904,121.124
74DA38F20BE0,2026-02-18,02:03:47,21.5,100.0,0.0,22.73,120.346
74DA38F7C3DE,2026-02-18,02:03:47,16.37,100.0,294.0,24.972,121.537
74DA38ED0630,2026-02-18,02:03:51,18.5,100.0,0.0,23.994,121.594
74DA38ED05B6,2026-02-18,02:03:54,18.12,100.0,1.0,23.43,121.348
74DA38F21136,2026-02-18,02:04:04,16.0,99.0,5.0,25.119,121.505
74DA38F7C4CC,2026-02-18,02:04:16,15.37,100.0,5.0,25.062,121.451
74DA38F20D6C,2026-02-18,02:04:18,19.62,81.0,0.0,22.661,120.301
74DA38F21088,2026-02-18,02:04:21,15.37,100.0,0.0,25.068,121.588
74DA38F7C5CE,2026-02-18,02:04:24,14.5,93.0,0.0,25.066,121.656
74DA38F20F0A,2026-02-18,02:04:25,23.75,100.0,17.0,22.995,120.635
74DA38F2113E,2026-02-18,02:04:27,-4.0,0.0,6.0,22.728,120.313
74DA38F7C562,2026-02-18,02:04:27,15.0,55.0,9.0,25.021,121.418
74DA38F20BE4,2026-02-18,02:04:36,14.75,100.0,13.0,24.791,120.957
74DA38F20D70,2026-02-18,02:05:02,17.62,100.0,0.0,23.05,121.164
74DA38F20E6E,2026-02-18,02:05:02,13.0,91.0,0.0,24.41,120.902
74DA38F21054,2026-02-18,02:05:03,24.5,63.0,18.0,22.898,120.627
74DA38F7C560,2026-02-18,02:05:06,14.0,100.0,0.0,25.079,121.671
74DA38F7C366,2026-02-18,02:05:07,15.12,100.0,4.0,25.002,121.516
74DA38F20C26,2026-02-18,02:05:11,20.37,79.0,24.0,22.676,120.342
74DA38F7C3DC,2026-02-18,02:05:13,14.25,100.0,9.0,25.003,121.539
74DA38F20A30,2026-02-18,02:05:14,15.0,87.0,0.0,24.948,121.372
74DA38F20E34,2026-02-18,02:05:16,21.12,75.0,25.0,22.586,120.313
74DA38F7C47C,2026-02-18,02:05:23,16.25,94.0,0.0,25.055,121.455
74DA38F7C600,2026-02-18,02:05:29,20.75,59.0,3.0,25.07,121.586
74DA38F7C610,2026-02-18,02:05:29,17.25,78.0,7.0,25.063,121.564
74DA38F210F6,2026-02-18,02:05:30,21.75,100.0,3.0,22.757426,121.158891
74DA38F20DC0,2026-02-18,02:05:33,20.0,100.0,0.0,22.711,120.295
74DA38ED0454,2026-02-18,02:05:34,18.62,100.0,5.0,24.053,121.599
74DA38F7C47E,2026-02-18,02:05:34,16.62,100.0,11.0,25.053963,121.427681
74DA38F7C566,2026-02-18,02:05:49,16.5,100.0,0.0,25.051,121.448
74DA38F20AE6,2026-02-18,02:05:50,24.87,100.0,10.0,22.63,120.348
74DA38F20D1A,2026-02-18,02:05:55,15.37,85.0,0.0,25.078,121.541
74DA38F207DE,2026-02-18,02:05:56,20.87,100.0,37.0,22.603,120.34
74DA38F7C464,2026-02-18,02:05:57,14.12,46.0,0.0,25.006,121.413
74DA38F20E9E,2026-02-18,02:05:58,14.25,100.0,5.0,24.648,121.151
74DA38F7C514,2026-02-18,02:05:59,16.0,94.0,8.0,25.051,121.518
74DA38F2118E,2026-02-18,02:06:05,12.62,100.0,48.0,26.148,119.935
74DA38F7C39A,2026-02-18,02:06:24,15.5,100.0,0.0,25.002,121.414
74DA38F21024,2026-02-18,02:06:28,16.0,100.0,0.0,24.93,121.036
74DA38F20C22,2026-02-18,02:06:41,20.5,100.0,0.0,22.729,120.357
74DA38F20D4C,2026-02-18,02:06:43,20.87,100.0,0.0,22.971,121.303
74DA38F7C59C,2026-02-18,02:06:48,16.62,73.0,10.0,25.103,121.487
74DA38F20B26,2026-02-18,02:06:49,21.62,100.0,24.0,22.783,120.247
74DA38F7C30E,2026-02-18,02:06:57,15.25,100.0,7.0,24.949,121.382
74DA38F7C524,2026-02-18,02:07:01,13.37,100.0,24.0,25.002,121.552
74DA38F2104E,2026-02-18,02:07:10,25.0,96.0,31.0,23.108,120.7
74DA38F7C29C,2026-02-18,02:07:10,16.0,100.0,8.0,25.02,121.416
74DA38F7C31C,2026-02-18,02:07:16,15.12,100.0,0.0,24.93,121.372
74DA38F20BD0,2026-02-18,02:07:17,-4.0,0.0,25.0,22.688,120.408
74DA38F209EE,2026-02-18,02:07:20,21.37,100.0,0.0,23.026,121.33
74DA38F7C37C,2026-02-18,02:07:20,12.37,100.0,0.0,25.111,121.856
74DA38ED06E0,2026-02-18,02:07:22,19.62,95.0,0.0,23.601,121.521
74DA38F21048,2026-02-18,02:07:27,20.5,100.0,34.0,22.595,120.341
74DA38F7C3B2,2026-02-18,02:07:28,19.37,68.0,4.0,24.929,121.378
74DA38ED05EA,2026-02-18,02:07:32,17.87,100.0,4.0,23.394,121.357
74DA38F7C616,2026-02-18,02:07:34,15.87,100.0,0.0,25.031,121.563
74DA38F7C5BE,2026-02-18,02:07:37,15.5,79.0,11.0,25.092,121.523
74DA38F7C570,2026-02-18,02:07:39,13.62,100.0,0.0,25.239,121.63
74DA38F20BCA,2026-02-18,02:07:40,14.87,100.0,0.0,25.079,121.58
74DA38F20EB2,2026-02-18,02:07:40,11.75,100.0,14.0,24.324,120.835
74DA38F20B5C,2026-02-18,02:07:44,-4.0,0.0,34.0,22.798,120.293
74DA38F7C40C,2026-02-18,02:07:50,14.62,100.0,0.0,24.995,121.52
74DA38F7C260,2026-02-18,02:07:55,15.75,100.0,0.0,25.065,121.425
74DA38F210E4,2026-02-18,02:07:56,20.37,100.0,12.0,23.24,120.696
74DA38F20B80,2026-02-18,02:07:57,19.5,100.0,1.0,22.599,120.35
74DA38ED04F2,2026-02-18,02:07:59,18.62,100.0,0.0,23.468,121.496
74DA38F210A2,2026-02-18,02:07:59,16.5,100.0,1.0,25.12,121.466
74DA38F7C338,2026-02-18,02:08:06,18.0,90.0,7.0,25.011,121.458
74DA38F20AA4,2026-02-18,02:08:09,24.5,90.0,24.0,22.685,120.492
74DA38F7C30C,2026-02-18,02:08:11,15.37,99.0,0.0,24.975,121.532
74DA38F209B2,2026-02-18,02:08:13,21.12,100.0,1.0,22.363,120.599
74DA38F20D1E,2026-02-18,02:08:14,15.5,100.0,10.0,25.048,121.573
74DA38F20AAA,2026-02-18,02:08:16,13.87,100.0,5.0,24.6,120.999
74DA38F7C4DE,2026-02-18,02:08:16,16.87,100.0,0.0,25.09,121.462
74DA38F20D2E,2026-02-18,02:08:21,15.75,100.0,0.0,25.06,121.545
74DA38F209F8,2026-02-18,02:08:23,20.0,100.0,0.0,23.157,121.4
74DA38F7C3BA,2026-02-18,02:08:31,118.87,46.0,99.0,25.174,121.441
74DA38F7C3D6,2026-02-18,02:08:31,16.0,100.0,0.0,25.045,121.541
74DA38F20DE0,2026-02-18,02:08:32,22.0,100.0,0.0,22.589,120.328
74DA38F20DD0,2026-02-18,02:08:44,20.25,100.0,1.0,22.6080258,120.3229833
74DA38F21204,2026-02-18,02:08:50,21.75,100.0,0.0,25.062,121.451
74DA38F7C5E6,2026-02-18,02:08:52,16.5,100.0,4.0,25.107,121.843
74DA38F7C63C,2026-02-18,02:09:04,85.25,100.0,4.0,24.998,121.425
74DA38ED059C,2026-02-18,02:09:06,17.12,100.0,1.0,23.706,121.412
74DA38F208E2,2026-02-18,02:09:11,15.75,100.0,7.0,24.688,121.766
74DA38F20B88,2026-02-18,02:09:11,20.0,100.0,0.0,22.75,120.316
74DA38F20976,2026-02-18,02:09:13,15.0,94.0,12.0,25.127,121.746
74DA38F20D16,2026-02-18,02:09:16,16.12,99.0,9.0,25.062,121.526
74DA38F209A4,2026-02-18,02:09:31,22.0,100.0,0.0,22.702,120.572
74DA38ED0640,2026-02-18,02:09:38,16.87,100.0,1.0,23.154,121.266
74DA38F20D2A,2026-02-18,02:09:39,16.12,71.0,0.0,25.048,121.573
74DA38F7C3DE,2026-02-18,02:09:42,16.25,100.0,280.0,24.972,121.537
74DA38F7C41E,2026-02-18,02:09:50,16.25,74.0,7.0,25.054,121.517
74DA38F20902,2026-02-18,02:09:54,23.12,94.0,0.0,22.204,120.7
74DA38F20A78,2026-02-18,02:09:54,17.87,100.0,0.0,22.904,121.124
74DA38F209A8,2026-02-18,02:09:59,-4.0,0.0,1.0,22.401,120.577
74DA38ED05B6,2026-02-18,02:10:00,18.12,100.0,1.0,23.43,121.348
74DA38F7C53C,2026-02-18,02:10:00,13.62,100.0,0.0,25.11,121.804
74DA38F7C5A0,2026-02-18,02:10:02,15.75,89.0,0.0,25.107,121.518
74DA38F209DE,2026-02-18,02:10:03,15.62,100.0,1.0,24.861,120.964
74DA38F21136,2026-02-18,02:10:10,15.87,98.0,5.0,25.119,121.505
74DA38F20BE0,2026-02-18,02:10:17,21.87,100.0,0.0,22.73,120.346
74DA38ED0630,2026-02-18,02:10:21,18.5,100.0,0.0,23.994,121.594
74DA38F7C4CC,2026-02-18,02:10:23,15.5,100.0,5.0,25.062,121.451
74DA38F20F0A,2026-02-18,02:10:32,24.12,100.0,17.0,22.995,120.635
74DA38F20BE4,2026-02-18,02:10:42,14.75,100.0,13.0,24.791,120.957
74DA38F7C562,2026-02-18,02:10:44,15.12,49.0,10.0,25.021,121.418
74DA38F20D6C,2026-02-18,02:10:45,19.75,81.0,0.0,22.661,120.301
74DA38F21088,2026-02-18,02:10:49,15.25,100.0,0.0,25.068,121.588
74DA38F7C5CE,2026-02-18,02:10:52,14.5,93.0,0.0,25.066,121.656
74DA38F20E6E,2026-02-18,02:11:03,12.87,91.0,0.0,24.41,120.902
74DA38F20D70,2026-02-18,02:11:08,17.75,100.0,0.0,23.05,121.164
74DA38F21054,2026-02-18,02:11:10,24.5,63.0,18.0,22.898,120.627
74DA38F7C366,2026-02-18,02:11:13,15.25,100.0,4.0,25.002,121.516
74DA38F20B82,2026-02-18,02:11:19,-4.0,0.0,1.0,22.847,120.465
74DA38F7C3DC,2026-02-18,02:11:20,14.37,100.0,9.0,25.003,121.539
74DA38F20C26,2026-02-18,02:11:24,20.37,78.0,26.0,22.676,120.342
74DA38F20E34,2026-02-18,02:11:30,21.12,75.0,26.0,22.586,120.313
74DA38F7C47C,2026-02-18,02:11:32,16.12,94.0,0.0,25.055,121.455
74DA38F7C600,2026-02-18,02:11:34,21.0,59.0,3.0,25.07,121.586
74DA38F210F6,2026-02-18,02:11:35,21.75,100.0,1.0,22.757426,121.158891
74DA38F7C560,2026-02-18,02:11:35,13.87,100.0,0.0,25.079,121.671
74DA38F7C610,2026-02-18,02:11:35,17.25,78.0,8.0,25.063,121.564
74DA38F7C47E,2026-02-18,02:11:40,16.62,100.0,10.0,25.053963,121.427681
74DA38F20A30,2026-02-18,02:11:42,15.12,87.0,0.0,24.948,121.372
74DA38F2113E,2026-02-18,02:11:43,-4.0,0.0,6.0,22.728,120.313
74DA38ED0454,2026-02-18,02:11:46,18.62,100.0,7.0,24.053,121.599
74DA38F20AE6,2026-02-18,02:11:57,24.87,100.0,9.0,22.63,120.348
74DA38F20DC0,2026-02-18,02:12:01,20.37,100.0,0.0,22.711,120.295
74DA38F20E9E,2026-02-18,02:12:04,14.25,100.0,6.0,24.648,121.151
74DA38F7C514,2026-02-18,02:12:06,15.87,94.0,8.0,25.051,121.518
74DA38F207DE,2026-02-18,02:12:08,21.12,100.0,37.0,22.603,120.34
74DA38F7C566,2026-02-18,02:12:17,16.62,100.0,0.0,25.051,121.448
74DA38F20D1A,2026-02-18,02:12:23,15.5,84.0,0.0,25.078,121.541
74DA38F7C464,2026-02-18,02:12:26,14.25,41.0,0.0,25.006,121.413
74DA38F2118E,2026-02-18,02:12:40,12.87,100.0,47.0,26.148,119.935
74DA38F7C39A,2026-02-18,02:12:53,15.5,100.0,0.0,25.002,121.414
74DA38F7C59C,2026-02-18,02:12:54,16.62,73.0,10.0,25.103,121.487
74DA38F21024,2026-02-18,02:12:55,16.0,100.0,0.0,24.93,121.036
74DA38F20B26,2026-02-18,02:13:02,21.87,100.0,22.0,22.783,120.247
74DA38F7C30E,2026-02-18,02:13:03,15.25,100.0,7.0,24.949,121.382
74DA38F20D4C,2026-02-18,02:13:10,21.0,100.0,0.0,22.971,121.303
74DA38F7C29C,2026-02-18,02:13:16,16.25,100.0,8.0,25.02,121.416
74DA38F20C22,2026-02-18,02:13:21,20.75,100.0,0.0,22.729,120.357
74DA38F2104E,2026-02-18,02:13:22,25.0,96.0,30.0,23.108,120.7
74DA38F209EE,2026-02-18,02:13:26,21.5,100.0,0.0,23.026,121.33
74DA38ED06E0,2026-02-18,02:13:28,19.62,95.0,0.0,23.601,121.521
74DA38F7C524,2026-02-18,02:13:32,13.37,100.0,25.0,25.002,121.552
74DA38F7C3B2,2026-02-18,02:13:35,19.37,68.0,4.0,24.929,121.378
74DA38F7C616,2026-02-18,02:13:41,15.75,100.0,0.0,25.031,121.563
74DA38ED05EA,2026-02-18,02:13:44,18.0,100.0,36.0,23.394,121.357
74DA38F7C31C,2026-02-18,02:13:44,15.12,100.0,1.0,24.93,121.372
74DA38F20EB2,2026-02-18,02:13:48,11.87,100.0,14.0,24.324,120.835
74DA38F7C37C,2026-02-18,02:13:48,12.25,100.0,0.0,25.111,121.856
74DA38F7C40C,2026-02-18,02:13:58,14.62,100.0,0.0,24.995,121.52
74DA38F21048,2026-02-18,02:13:59,20.75,100.0,32.0,22.595,120.341
74DA38F210E4,2026-02-18,02:14:02,20.62,100.0,13.0,23.24,120.696
74DA38F210A2,2026-02-18,02:14:04,16.5,100.0,1.0,25.12,121.466
74DA38F7C570,2026-02-18,02:14:08,13.62,100.0,0.0,25.239,121.63
74DA38ED04F2,2026-02-18,02:14:09,18.75,100.0,1.0,23.468,121.496
74DA38F20BCA,2026-02-18,02:14:10,14.75,100.0,0.0,25.079,121.58
74DA38F20AA4,2026-02-18,02:14:17,24.62,90.0,25.0,22.685,120.492
74DA38F20AAA,2026-02-18,02:14:22,13.87,100.0,6.0,24.6,120.999
74DA38F20D1E,2026-02-18,02:14:22,15.37,100.0,11.0,25.048,121.573
74DA38F7C260,2026-02-18,02:14:23,15.75,100.0,0.0,25.065,121.425
74DA38F20B80,2026-02-18,02:14:24,19.62,100.0,0.0,22.599,120.35
74DA38F7C30C,2026-02-18,02:14:25,15.37,98.0,0.0,24.975,121.532
74DA38F7C338,2026-02-18,02:14:29,18.0,90.0,6.0,25.011,121.458
74DA38F7C3BA,2026-02-18,02:14:33,118.87,46.0,102.0,25.174,121.441
74DA38F7C4DE,2026-02-18,02:14:35,16.87,100.0,0.0,25.09,121.462
74DA38F209B2,2026-02-18,02:14:41,21.25,100.0,0.0,22.363,120.599
74DA38F20D2E,2026-02-18,02:14:50,15.62,100.0,0.0,25.06,121.545
74DA38F209F8,2026-02-18,02:14:52,20.0,100.0,0.0,23.157,121.4
74DA38F21204,2026-02-18,02:14:56,21.75,100.0,0.0,25.062,121.451
74DA38F7C5E6,2026-02-18,02:14:58,16.37,100.0,4.0,25.107,121.843
74DA38F7C3D6,2026-02-18,02:15:01,15.87,100.0,0.0,25.045,121.541
74DA38F20DE0,2026-02-18,02:15:02,22.12,100.0,0.0,22.589,120.328
74DA38F7C63C,2026-02-18,02:15:11,85.25,100.0,4.0,24.998,121.425
74DA38ED059C,2026-02-18,02:15:13,17.0,100.0,1.0,23.706,121.412
74DA38F20DD0,2026-02-18,02:15:13,20.5,100.0,1.0,22.6080258,120.3229833
74DA38F208E2,2026-02-18,02:15:17,16.0,100.0,3.0,24.688,121.766
74DA38F20976,2026-02-18,02:15:21,15.0,92.0,12.0,25.127,121.746
74DA38F20D16,2026-02-18,02:15:22,16.0,100.0,10.0,25.062,121.526
74DA38F7C3DE,2026-02-18,02:15:39,16.25,100.0,285.0,24.972,121.537
74DA38F20B88,2026-02-18,02:15:40,20.0,100.0,2.0,22.75,120.316
74DA38ED0640,2026-02-18,02:15:44,17.25,100.0,1.0,23.154,121.266
74DA38F7C41E,2026-02-18,02:15:56,16.37,74.0,7.0,25.054,121.517
74DA38F20902,2026-02-18,02:15:59,23.12,94.0,0.0,22.204,120.7
74DA38F20A78,2026-02-18,02:16:00,17.87,100.0,0.0,22.904,121.124
74DA38F209A4,2026-02-18,02:16:01,22.12,100.0,0.0,22.702,120.572
74DA38ED05B6,2026-02-18,02:16:06,18.12,100.0,1.0,23.43,121.348
74DA38F20D2A,2026-02-18,02:16:09,16.25,71.0,0.0,25.048,121.573
74DA38F21136,2026-02-18,02:16:17,15.87,99.0,5.0,25.119,121.505
74DA38F7C53C,2026-02-18,02:16:28,13.75,100.0,0.0,25.11,121.804
74DA38F7C4CC,2026-02-18,02:16:31,15.37,100.0,4.0,25.062,121.451
74DA38F209DE,2026-02-18,02:16:32,15.5,100.0,1.0,24.861,120.964
74DA38F7C5A0,2026-02-18,02:16:32,15.62,88.0,0.0,25.107,121.518
74DA38F20F0A,2026-02-18,02:16:40,24.25,100.0,15.0,22.995,120.635
74DA38F20BE0,2026-02-18,02:16:44,22.25,100.0,0.0,22.73,120.346
74DA38F20BE4,2026-02-18,02:16:48,14.75,100.0,13.0,24.791,120.957
74DA38ED0630,2026-02-18,02:16:49,18.5,100.0,0.0,23.994,121.594
74DA38F7C562,2026-02-18,02:17:01,15.0,44.0,9.0,25.021,121.418
74DA38F20E6E,2026-02-18,02:17:04,12.87,91.0,0.0,24.41,120.902
74DA38F20D6C,2026-02-18,02:17:13,19.75,81.0,0.0,22.661,120.301
74DA38F20B5C,2026-02-18,02:17:15,-4.0,0.0,27.0,22.798,120.293
74DA38F21054,2026-02-18,02:17:17,24.5,63.0,19.0,22.898,120.627
74DA38F20D70,2026-02-18,02:17:18,17.87,100.0,0.0,23.05,121.164
74DA38F21088,2026-02-18,02:17:18,15.12,100.0,0.0,25.068,121.588
74DA38F7C366,2026-02-18,02:17:20,15.25,100.0,4.0,25.002,121.516
74DA38F7C5CE,2026-02-18,02:17:20,14.5,93.0,0.0,25.066,121.656
74DA38F7C3DC,2026-02-18,02:17:27,14.5,100.0,9.0,25.003,121.539
74DA38F20C26,2026-02-18,02:17:37,20.62,78.0,29.0,22.676,120.342
74DA38F210F6,2026-02-18,02:17:40,21.75,100.0,0.0,22.757426,121.158891
74DA38F7C600,2026-02-18,02:17:40,21.12,59.0,3.0,25.07,121.586
74DA38F7C47C,2026-02-18,02:17:41,15.87,94.0,0.0,25.055,121.455
74DA38F20E34,2026-02-18,02:17:42,21.12,74.0,27.0,22.586,120.313
74DA38F7C610,2026-02-18,02:17:42,17.25,78.0,8.0,25.063,121.564
74DA38F7C47E,2026-02-18,02:17:47,16.75,100.0,11.0,25.053963,121.427681
74DA38F20BD0,2026-02-18,02:17:48,-4.0,0.0,23.0,22.688,120.408
74DA38ED0454,2026-02-18,02:17:52,18.75,100.0,9.0,24.053,121.599
74DA38F20AE6,2026-02-18,02:18:03,24.87,100.0,9.0,22.63,120.348
74DA38F7C560,2026-02-18,02:18:05,13.75,100.0,0.0,25.079,121.671
74DA38F20A30,2026-02-18,02:18:09,15.12,88.0,0.0,24.948,121.372
74DA38F20E9E,2026-02-18,02:18:10,14.37,100.0,7.0,24.648,121.151
74DA38F7C5BE,2026-02-18,02:18:10,15.5,79.0,11.0,25.092,121.523
74DA38F7C514,2026-02-18,02:18:13,15.75,95.0,8.0,25.051,121.518
74DA38F207DE,2026-02-18,02:18:26,21.62,100.0,36.0,22.603,120.34
74DA38F20DC0,2026-02-18,02:18:43,20.37,100.0,0.0,22.711,120.295
74DA38F7C566,2026-02-18,02:18:45,16.62,100.0,0.0,25.051,121.448
74DA38F20D1A,2026-02-18,02:18:52,15.5,84.0,0.0,25.078,121.541
74DA38F7C464,2026-02-18,02:18:55,14.25,41.0,0.0,25.006,121.413
74DA38F7C59C,2026-02-18,02:19:00,16.62,74.0,10.0,25.103,121.487
74DA38F2113E,2026-02-18,02:19:06,-4.0,0.0,4.0,22.728,120.313
74DA38F7C30E,2026-02-18,02:19:11,15.25,100.0,7.0,24.949,121.382
74DA38F2118E,2026-02-18,02:19:13,13.12,100.0,47.0,26.148,119.935
74DA38F20B26,2026-02-18,02:19:19,22.0,100.0,21.0,22.783,120.247
74DA38F7C39A,2026-02-18,02:19:21,15.5,100.0,0.0,25.002,121.414
74DA38F21024,2026-02-18,02:19:23,16.0,100.0,0.0,24.93,121.036
74DA38F7C29C,2026-02-18,02:19:23,16.25,100.0,9.0,25.02,121.416
74DA38F209EE,2026-02-18,02:19:32,21.62,100.0,0.0,23.026,121.33
74DA38F2104E,2026-02-18,02:19:33,25.0,96.0,30.0,23.108,120.7
74DA38ED06E0,2026-02-18,02:19:35,19.5,94.0,0.0,23.601,121.521
74DA38F20D4C,2026-02-18,02:19:38,21.0,100.0,0.0,22.971,121.303
74DA38F209A8,2026-02-18,02:19:40,-4.0,0.0,0.0,22.401,120.577
74DA38F7C3B2,2026-02-18,02:19:41,19.37,68.0,4.0,24.929,121.378
74DA38ED05EA,2026-02-18,02:19:50,18.0,100.0,6.0,23.394,121.357
74DA38F20C22,2026-02-18,02:19:51,20.87,100.0,1.0,22.729,120.357
74DA38F20EB2,2026-02-18,02:19:58,11.37,100.0,13.0,24.324,120.835
74DA38F7C40C,2026-02-18,02:20:05,14.62,100.0,0.0,24.995,121.52
74DA38F7C524,2026-02-18,02:20:05,13.5,100.0,24.0,25.002,121.552
74DA38F7C616,2026-02-18,02:20:08,15.37,100.0,0.0,25.031,121.563
74DA38F210A2,2026-02-18,02:20:10,16.37,100.0,1.0,25.12,121.466
74DA38F210E4,2026-02-18,02:20:10,20.75,100.0,13.0,23.24,120.696
74DA38F7C31C,2026-02-18,02:20:14,15.12,100.0,0.0,24.93,121.372
74DA38ED04F2,2026-02-18,02:20:16,18.75,100.0,1.0,23.468,121.496
74DA38F7C37C,2026-02-18,02:20:18,12.25,100.0,0.0,25.111,121.856
74DA38F20AA4,2026-02-18,02:20:26,24.75,90.0,25.0,22.685,120.492
74DA38F20AAA,2026-02-18,02:20:29,13.87,100.0,5.0,24.6,120.999
74DA38F20D1E,2026-02-18,02:20:29,15.25,100.0,10.0,25.048,121.573
74DA38F21048,2026-02-18,02:20:32,20.87,100.0,32.0,22.595,120.341
74DA38F7C30C,2026-02-18,02:20:35,15.37,98.0,0.0,24.975,121.532
74DA38F7C3BA,2026-02-18,02:20:35,118.87,46.0,99.0,25.174,121.441
74DA38F7C570,2026-02-18,02:20:36,13.62,100.0,0.0,25.239,121.63
74DA38F20BCA,2026-02-18,02:20:42,14.62,100.0,0.0,25.079,121.58
74DA38F7C338,2026-02-18,02:20:42,18.0,90.0,7.0,25.011,121.458
74DA38F7C4DE,2026-02-18,02:20:42,16.87,100.0,0.0,25.09,121.462
74DA38F20B80,2026-02-18,02:20:52,19.87,100.0,0.0,22.599,120.35
74DA38F20B82,2026-02-18,02:20:52,-4.0,0.0,1.0,22.847,120.465
74DA38F7C260,2026-02-18,02:20:54,15.75,100.0,0.0,25.065,121.425
74DA38F7C5E6,2026-02-18,02:21:07,16.37,100.0,3.0,25.107,121.843
74DA38F209B2,2026-02-18,02:21:09,21.12,100.0,1.0,22.363,120.599
74DA38F21204,2026-02-18,02:21:15,21.75,100.0,0.0,25.062,121.451
74DA38F209F8,2026-02-18,02:21:19,20.25,100.0,0.0,23.157,121.4
74DA38F20D2E,2026-02-18,02:21:19,15.62,100.0,0.0,25.06,121.545
74DA38F7C63C,2026-02-18,02:21:19,85.25,100.0,5.0,24.998,121.425
74DA38ED059C,2026-02-18,02:21:21,17.0,100.0,0.0,23.706,121.412
74DA38F208E2,2026-02-18,02:21:22,16.0,100.0,5.0,24.688,121.766
74DA38F7C3D6,2026-02-18,02:21:27,15.75,100.0,0.0,25.045,121.541
74DA38F20D16,2026-02-18,02:21:30,16.0,100.0,10.0,25.062,121.526
74DA38F20976,2026-02-18,02:21:31,15.0,92.0,12.0,25.127,121.746
74DA38F20DE0,2026-02-18,02:21:32,22.12,100.0,1.0,22.589,120.328
74DA38F7C3DE,2026-02-18,02:21:35,16.12,100.0,290.0,24.972,121.537
74DA38F20DD0,2026-02-18,02:21:43,20.62,100.0,1.0,22.6080258,120.3229833
74DA38ED0640,2026-02-18,02:21:50,17.62,100.0,1.0,23.154,121.266
74DA38F7C41E,2026-02-18,02:22:03,16.37,74.0,7.0,25.054,121.517
74DA38F20902,2026-02-18,02:22:05,23.0,94.0,0.0,22.204,120.7
74DA38F20A78,2026-02-18,02:22:07,17.87,100.0,0.0,22.904,121.124
74DA38F20B88,2026-02-18,02:22:08,20.37,100.0,0.0,22.75,120.316
74DA38ED05B6,2026-02-18,02:22:13,18.25,100.0,1.0,23.43,121.348
74DA38F21136,2026-02-18,02:22:24,15.87,99.0,7.0,25.119,121.505
74DA38F209A4,2026-02-18,02:22:31,21.87,100.0,0.0,22.702,120.572
74DA38F20D2A,2026-02-18,02:22:38,16.12,71.0,0.0,25.048,121.573
74DA38F7C4CC,2026-02-18,02:22:38,15.5,100.0,5.0,25.062,121.451
74DA38F20F0A,2026-02-18,02:22:47,24.37,100.0,16.0,22.995,120.635
74DA38F20BE4,2026-02-18,02:22:54,14.75,100.0,13.0,24.791,120.957
74DA38F7C53C,2026-02-18,02:22:58,13.62,100.0,0.0,25.11,121.804
74DA38F209DE,2026-02-18,02:23:00,15.5,100.0,0.0,24.861,120.964
74DA38F7C5A0,2026-02-18,02:23:00,15.5,89.0,0.0,25.107,121.518
74DA38F20E6E,2026-02-18,02:23:05,12.87,91.0,0.0,24.41,120.902
74DA38F7C562,2026-02-18,02:23:13,15.12,54.0,10.0,25.021,121.418
74DA38F20BE0,2026-02-18,02:23:14,22.37,100.0,0.0,22.73,120.346
74DA38ED0630,2026-02-18,02:23:19,18.5,100.0,0.0,23.994,121.594
74DA38F21054,2026-02-18,02:23:23,24.5,63.0,18.0,22.898,120.627
74DA38F20D70,2026-02-18,02:23:24,18.0,100.0,0.0,23.05,121.164
74DA38F7C366,2026-02-18,02:23:26,15.12,100.0,4.0,25.002,121.516
74DA38F7C3DC,2026-02-18,02:23:34,14.37,100.0,8.0,25.003,121.539
74DA38F20D6C,2026-02-18,02:23:42,20.0,80.0,0.0,22.661,120.301
74DA38F210F6,2026-02-18,02:23:45,21.75,100.0,0.0,22.757426,121.158891
74DA38F7C600,2026-02-18,02:23:45,21.25,59.0,3.0,25.07,121.586
74DA38F21088,2026-02-18,02:23:47,15.0,100.0,0.0,25.068,121.588
74DA38F7C610,2026-02-18,02:23:47,17.25,79.0,7.0,25.063,121.564
74DA38F20C26,2026-02-18,02:23:50,20.75,77.0,29.0,22.676,120.342
74DA38F7C47C,2026-02-18,02:23:50,16.0,95.0,0.0,25.055,121.455
74DA38F7C5CE,2026-02-18,02:23:51,14.5,93.0,0.0,25.066,121.656
74DA38F7C47E,2026-02-18,02:23:53,16.75,100.0,11.0,25.053963,121.427681
74DA38F20E34,2026-02-18,02:23:55,21.12,75.0,28.0,22.586,120.313
74DA38ED0454,2026-02-18,02:24:01,18.75,100.0,8.0,24.053,121.599
74DA38F20AE6,2026-02-18,02:24:09,24.87,100.0,9.0,22.63,120.348
74DA38F20E9E,2026-02-18,02:24:16,14.37,100.0,6.0,24.648,121.151
74DA38F7C5BE,2026-02-18,02:24:17,15.5,80.0,12.0,25.092,121.523
74DA38F7C514,2026-02-18,02:24:21,15.87,95.0,8.0,25.051,121.518
74DA38F7C560,2026-02-18,02:24:33,13.87,100.0,0.0,25.079,121.671
74DA38F207DE,2026-02-18,02:24:34,21.87,100.0,35.0,22.603,120.34
74DA38F20A30,2026-02-18,02:24:39,15.12,87.0,0.0,24.948,121.372
74DA38F7C59C,2026-02-18,02:25:06,16.62,73.0,9.0,25.103,121.487
74DA38F20DC0,2026-02-18,02:25:13,20.75,100.0,1.0,22.711,120.295
74DA38F7C566,2026-02-18,02:25:14,16.75,100.0,0.0,25.051,121.448
74DA38F7C30E,2026-02-18,02:25:18,15.25,100.0,7.0,24.949,121.382
74DA38F20D1A,2026-02-18,02:25:23,15.25,84.0,1.0,25.078,121.541
74DA38F7C464,2026-02-18,02:25:24,14.37,43.0,0.0,25.006,121.413
74DA38F7C29C,2026-02-18,02:25:29,16.25,100.0,8.0,25.02,121.416
74DA38F20B26,2026-02-18,02:25:31,22.12,100.0,21.0,22.783,120.247
74DA38F209EE,2026-02-18,02:25:37,21.62,100.0,0.0,23.026,121.33
74DA38ED06E0,2026-02-18,02:25:41,19.5,95.0,0.0,23.601,121.521
74DA38F2104E,2026-02-18,02:25:45,25.25,95.0,29.0,23.108,120.7
74DA38F7C3B2,2026-02-18,02:25:47,19.5,68.0,5.0,24.929,121.378
74DA38F2118E,2026-02-18,02:25:48,13.12,100.0,44.0,26.148,119.935
74DA38F21024,2026-02-18,02:25:51,16.0,100.0,0.0,24.93,121.036
74DA38F7C39A,2026-02-18,02:25:51,15.62,100.0,0.0,25.002,121.414
74DA38ED05EA,2026-02-18,02:25:56,18.0,100.0,1.0,23.394,121.357
74DA38F20D4C,2026-02-18,02:26:05,21.12,100.0,0.0,22.971,121.303
74DA38F20EB2,2026-02-18,02:26:07,11.12,100.0,12.0,24.324,120.835
74DA38F7C40C,2026-02-18,02:26:11,14.62,100.0,0.0,24.995,121.52
74DA38F210A2,2026-02-18,02:26:16,16.5,100.0,1.0,25.12,121.466
74DA38F210E4,2026-02-18,02:26:18,20.87,100.0,13.0,23.24,120.696
74DA38F20C22,2026-02-18,02:26:19,21.25,100.0,0.0,22.729,120.357
74DA38F7C616,2026-02-18,02:26:19,15.5,100.0,0.0,25.031,121.563
74DA38ED04F2,2026-02-18,02:26:23,18.75,100.0,0.0,23.468,121.496
74DA38F2113E,2026-02-18,02:26:23,-4.0,0.0,7.0,22.728,120.313
74DA38F7C524,2026-02-18,02:26:34,13.62,100.0,24.0,25.002,121.552
74DA38F20AA4,2026-02-18,02:26:35,24.75,90.0,26.0,22.685,120.492
74DA38F20AAA,2026-02-18,02:26:35,13.87,100.0,5.0,24.6,120.999
74DA38F20D1E,2026-02-18,02:26:37,15.12,100.0,12.0,25.048,121.573
74DA38F7C3BA,2026-02-18,02:26:38,118.87,46.0,105.0,25.174,121.441
74DA38F20B5C,2026-02-18,02:26:43,-4.0,0.0,26.0,22.798,120.293
74DA38F7C37C,2026-02-18,02:26:46,12.25,100.0,0.0,25.111,121.856
74DA38F7C30C,2026-02-18,02:26:49,15.37,98.0,0.0,24.975,121.532
74DA38F7C31C,2026-02-18,02:26:49,15.25,100.0,0.0,24.93,121.372
74DA38F7C4DE,2026-02-18,02:26:53,16.87,100.0,0.0,25.09,121.462
74DA38F7C338,2026-02-18,02:27:02,18.12,91.0,7.0,25.011,121.458
74DA38F21048,2026-02-18,02:27:03,20.87,100.0,31.0,22.595,120.341
74DA38F7C570,2026-02-18,02:27:04,13.62,100.0,0.0,25.239,121.63
74DA38F20BCA,2026-02-18,02:27:12,14.5,100.0,0.0,25.079,121.58
74DA38F7C5E6,2026-02-18,02:27:14,16.5,100.0,3.0,25.107,121.843
74DA38F21204,2026-02-18,02:27:21,21.87,100.0,0.0,25.062,121.451
74DA38F20B80,2026-02-18,02:27:22,20.0,100.0,1.0,22.599,120.35
74DA38F7C260,2026-02-18,02:27:22,15.75,100.0,0.0,25.065,121.425
74DA38F7C63C,2026-02-18,02:27:26,85.25,100.0,5.0,24.998,121.425
74DA38F208E2,2026-02-18,02:27:27,16.0,100.0,6.0,24.688,121.766
74DA38ED059C,2026-02-18,02:27:28,17.25,100.0,1.0,23.706,121.412
74DA38F7C3DE,2026-02-18,02:27:30,16.25,100.0,292.0,24.972,121.537
74DA38F20D16,2026-02-18,02:27:36,16.0,100.0,9.0,25.062,121.526
74DA38F20976,2026-02-18,02:27:37,15.0,93.0,12.0,25.127,121.746
74DA38F209B2,2026-02-18,02:27:37,21.0,100.0,0.0,22.363,120.599
74DA38F209F8,2026-02-18,02:27:47,20.25,100.0,0.0,23.157,121.4
74DA38F20D2E,2026-02-18,02:27:48,15.62,100.0,0.0,25.06,121.545
74DA38F7C3D6,2026-02-18,02:27:55,15.75,100.0,0.0,25.045,121.541
74DA38ED0640,2026-02-18,02:27:57,18.0,100.0,1.0,23.154,121.266
74DA38F20DE0,2026-02-18,02:28:05,22.37,100.0,0.0,22.589,120.328
74DA38F20DD0,2026-02-18,02:28:10,21.0,100.0,0.0,22.6080258,120.3229833
74DA38F7C41E,2026-02-18,02:28:11,16.37,74.0,7.0,25.054,121.517
74DA38F20902,2026-02-18,02:28:13,23.12,94.0,0.0,22.204,120.7
74DA38F20A78,2026-02-18,02:28:14,18.0,100.0,0.0,22.904,121.124
74DA38F20BD0,2026-02-18,02:28:17,-4.0,0.0,22.0,22.688,120.408
74DA38ED05B6,2026-02-18,02:28:19,18.25,100.0,1.0,23.43,121.348
74DA38F21136,2026-02-18,02:28:30,15.75,98.0,7.0,25.119,121.505
74DA38F20B88,2026-02-18,02:28:38,21.0,100.0,0.0,22.75,120.316
74DA38F7C4CC,2026-02-18,02:28:46,15.5,100.0,5.0,25.062,121.451
74DA38F20F0A,2026-02-18,02:28:55,24.37,100.0,16.0,22.995,120.635
74DA38F209A4,2026-02-18,02:28:58,21.87,100.0,0.0,22.702,120.572
74DA38F20BE4,2026-02-18,02:29:01,14.75,100.0,13.0,24.791,120.957
74DA38F20E6E,2026-02-18,02:29:06,12.87,91.0,0.0,24.41,120.902
74DA38F20D2A,2026-02-18,02:29:07,16.12,72.0,0.0,25.048,121.573
74DA38F209A8,2026-02-18,02:29:25,-4.0,0.0,3.0,22.401,120.577
74DA38F7C53C,2026-02-18,02:29:26,13.75,100.0,0.0,25.11,121.804
74DA38F209DE,2026-02-18,02:29:28,15.75,100.0,0.0,24.861,120.964
74DA38F7C562,2026-02-18,02:29:29,15.25,17.0,9.0,25.021,121.418
74DA38F7C5A0,2026-02-18,02:29:29,15.62,89.0,0.0,25.107,121.518
74DA38F20D70,2026-02-18,02:29:30,18.0,100.0,0.0,23.05,121.164
74DA38F21054,2026-02-18,02:29:31,24.62,63.0,19.0,22.898,120.627
74DA38F7C366,2026-02-18,02:29:33,15.0,100.0,4.0,25.002,121.516
74DA38F7C3DC,2026-02-18,02:29:40,14.5,100.0,9.0,25.003,121.539
74DA38F20BE0,2026-02-18,02:29:43,22.37,100.0,0.0,22.73,120.346
74DA38ED0630,2026-02-18,02:29:47,18.37,100.0,0.0,23.994,121.594
74DA38F210F6,2026-02-18,02:29:51,21.75,100.0,0.0,22.757426,121.158891
74DA38F7C600,2026-02-18,02:29:51,21.37,58.0,3.0,25.07,121.586
74DA38F7C610,2026-02-18,02:29:53,17.25,78.0,8.0,25.063,121.564
74DA38F7C47C,2026-02-18,02:29:59,16.12,95.0,0.0,25.055,121.455
74DA38F7C47E,2026-02-18,02:30:00,16.75,100.0,12.0,25.053963,121.427681
74DA38F20C26,2026-02-18,02:30:01,21.12,77.0,25.0,22.676,120.342
74DA38F20E34,2026-02-18,02:30:06,21.12,75.0,27.0,22.586,120.313
74DA38ED0454,2026-02-18,02:30:09,18.87,100.0,7.0,24.053,121.599
74DA38F20D6C,2026-02-18,02:30:11,20.12,81.0,0.0,22.661,120.301
74DA38F20AE6,2026-02-18,02:30:15,25.0,100.0,9.0,22.63,120.348
74DA38F21088,2026-02-18,02:30:15,15.12,100.0,0.0,25.068,121.588
74DA38F7C5CE,2026-02-18,02:30:20,14.5,92.0,0.0,25.066,121.656
74DA38F20E9E,2026-02-18,02:30:23,14.37,100.0,6.0,24.648,121.151
74DA38F20B82,2026-02-18,02:30:24,-4.0,0.0,1.0,22.847,120.465
74DA38F7C5BE,2026-02-18,02:30:24,15.62,80.0,12.0,25.092,121.523
74DA38F7C514,2026-02-18,02:30:27,15.87,95.0,8.0,25.051,121.518
74DA38F207DE,2026-02-18,02:30:46,21.75,100.0,36.0,22.603,120.34
74DA38F7C560,2026-02-18,02:31:01,13.75,100.0,0.0,25.079,121.671
74DA38F20A30,2026-02-18,02:31:11,15.12,87.0,0.0,24.948,121.372
74DA38F7C59C,2026-02-18,02:31:13,16.62,74.0,10.0,25.103,121.487
74DA38F7C30E,2026-02-18,02:31:34,15.25,100.0,7.0,24.949,121.382
74DA38F7C29C,2026-02-18,02:31:35,16.12,100.0,8.0,25.02,121.416
74DA38F20DC0,2026-02-18,02:31:41,20.87,100.0,1.0,22.711,120.295
74DA38F7C566,2026-02-18,02:31:41,16.62,100.0,0.0,25.051,121.448
74DA38F209EE,2026-02-18,02:31:43,21.75,100.0,0.0,23.026,121.33
74DA38ED06E0,2026-02-18,02:31:47,19.37,94.0,0.0,23.601,121.521
74DA38F20B26,2026-02-18,02:31:50,22.37,100.0,22.0,22.783,120.247
74DA38F7C464,2026-02-18,02:31:51,14.37,46.0,0.0,25.006,121.413
74DA38F20D1A,2026-02-18,02:31:52,15.25,84.0,0.0,25.078,121.541
74DA38F7C3B2,2026-02-18,02:31:54,19.37,68.0,4.0,24.929,121.378
74DA38F2104E,2026-02-18,02:31:57,25.5,94.0,29.0,23.108,120.7
74DA38ED05EA,2026-02-18,02:32:02,18.0,100.0,1.0,23.394,121.357
74DA38F20EB2,2026-02-18,02:32:13,11.37,100.0,11.0,24.324,120.835
74DA38F21024,2026-02-18,02:32:19,16.0,100.0,0.0,24.93,121.036
74DA38F7C40C,2026-02-18,02:32:19,14.62,100.0,0.0,24.995,121.52
74DA38F7C39A,2026-02-18,02:32:20,15.62,100.0,0.0,25.002,121.414
74DA38F2118E,2026-02-18,02:32:21,13.12,100.0,42.0,26.148,119.935
74DA38F210A2,2026-02-18,02:32:22,16.37,100.0,1.0,25.12,121.466
74DA38F210E4,2026-02-18,02:32:26,21.0,100.0,13.0,23.24,120.696
74DA38ED04F2,2026-02-18,02:32:32,18.75,100.0,0.0,23.468,121.496
74DA38F20D4C,2026-02-18,02:32:32,21.25,100.0,0.0,22.971,121.303
74DA38F7C616,2026-02-18,02:32:38,15.5,100.0,0.0,25.031,121.563
74DA38F7C3BA,2026-02-18,02:32:40,118.87,46.0,106.0,25.174,121.441
74DA38F20AAA,2026-02-18,02:32:41,14.0,100.0,5.0,24.6,120.999
74DA38F20AA4,2026-02-18,02:32:45,24.87,90.0,26.0,22.685,120.492
74DA38F20D1E,2026-02-18,02:32:45,15.0,100.0,12.0,25.048,121.573
74DA38F20C22,2026-02-18,02:32:47,21.37,100.0,0.0,22.729,120.357
74DA38F7C30C,2026-02-18,02:33:00,15.37,97.0,0.0,24.975,121.532
74DA38F7C524,2026-02-18,02:33:08,13.62,100.0,26.0,25.002,121.552
74DA38F7C4DE,2026-02-18,02:33:10,16.87,100.0,0.0,25.09,121.462
74DA38F7C37C,2026-02-18,02:33:14,12.25,100.0,0.0,25.111,121.856
74DA38F7C31C,2026-02-18,02:33:20,15.25,100.0,0.0,24.93,121.372
74DA38F7C5E6,2026-02-18,02:33:20,16.37,100.0,3.0,25.107,121.843
74DA38F7C3DE,2026-02-18,02:33:25,16.25,100.0,289.0,24.972,121.537
74DA38F21204,2026-02-18,02:33:27,22.0,100.0,0.0,25.062,121.451
74DA38F208E2,2026-02-18,02:33:32,16.25,100.0,6.0,24.688,121.766
74DA38F7C570,2026-02-18,02:33:32,13.62,100.0,0.0,25.239,121.63
74DA38F7C63C,2026-02-18,02:33:33,85.25,100.0,4.0,24.998,121.425
74DA38F21048,2026-02-18,02:33:34,21.0,100.0,29.0,22.595,120.341
74DA38ED059C,2026-02-18,02:33:35,17.25,100.0,1.0,23.706,121.412
74DA38F2113E,2026-02-18,02:33:40,-4.0,0.0,6.0,22.728,120.313
74DA38F20BCA,2026-02-18,02:33:41,14.5,100.0,0.0,25.079,121.58
74DA38F20D16,2026-02-18,02:33:42,16.0,100.0,10.0,25.062,121.526
74DA38F20976,2026-02-18,02:33:45,15.0,92.0,13.0,25.127,121.746
74DA38F20B80,2026-02-18,02:33:50,20.25,100.0,0.0,22.599,120.35
74DA38F7C260,2026-02-18,02:33:51,15.75,100.0,0.0,25.065,121.425
74DA38ED0640,2026-02-18,02:34:02,18.25,100.0,1.0,23.154,121.266
74DA38F209B2,2026-02-18,02:34:04,21.0,100.0,0.0,22.363,120.599
74DA38F209F8,2026-02-18,02:34:15,20.25,100.0,0.0,23.157,121.4
74DA38F20D2E,2026-02-18,02:34:17,15.62,100.0,0.0,25.06,121.545
74DA38F20902,2026-02-18,02:34:18,23.12,94.0,0.0,22.204,120.7
74DA38F7C41E,2026-02-18,02:34:18,16.25,74.0,8.0,25.054,121.517
74DA38F20A78,2026-02-18,02:34:21,18.0,100.0,0.0,22.904,121.124
74DA38F7C3D6,2026-02-18,02:34:24,15.75,100.0,0.0,25.045,121.541
74DA38ED05B6,2026-02-18,02:34:25,18.25,100.0,1.0,23.43,121.348
74DA38F20DE0,2026-02-18,02:34:37,22.5,100.0,1.0,22.589,120.328
74DA38F21136,2026-02-18,02:34:37,15.87,99.0,6.0,25.119,121.505
74DA38F20DD0,2026-02-18,02:34:39,21.25,100.0,1.0,22.6080258,120.3229833
74DA38F7C4CC,2026-02-18,02:34:55,15.37,100.0,4.0,25.062,121.451
74DA38F20F0A,2026-02-18,02:35:01,24.5,100.0,15.0,22.995,120.635
74DA38F20BE4,2026-02-18,02:35:07,14.87,100.0,14.0,24.791,120.957
74DA38F20E6E,2026-02-18,02:35:08,13.0,91.0,0.0,24.41,120.902
74DA38F20B88,2026-02-18,02:35:10,21.25,100.0,0.0,22.75,120.316
74DA38F209A4,2026-02-18,02:35:26,22.0,100.0,0.0,22.702,120.572
74DA38F20D2A,2026-02-18,02:35:35,16.25,72.0,0.0,25.048,121.573
74DA38F20D70,2026-02-18,02:35:36,18.0,100.0,0.0,23.05,121.164
74DA38F7C562,2026-02-18,02:35:36,15.12,45.0,10.0,25.021,121.418
74DA38F21054,2026-02-18,02:35:37,24.5,63.0,18.0,22.898,120.627
74DA38F7C366,2026-02-18,02:35:39,15.0,100.0,5.0,25.002,121.516
74DA38F7C3DC,2026-02-18,02:35:46,14.37,100.0,9.0,25.003,121.539
74DA38F210F6,2026-02-18,02:35:55,21.87,100.0,0.0,22.757426,121.158891
74DA38F7C53C,2026-02-18,02:35:55,13.62,100.0,0.0,25.11,121.804
74DA38F7C600,2026-02-18,02:35:56,21.37,58.0,3.0,25.07,121.586
74DA38F209DE,2026-02-18,02:35:57,15.5,100.0,2.0,24.861,120.964
74DA38F7C5A0,2026-02-18,02:35:58,15.75,89.0,0.0,25.107,121.518
74DA38F7C610,2026-02-18,02:35:59,17.12,79.0,9.0,25.063,121.564
74DA38F7C47C,2026-02-18,02:36:07,16.12,94.0,0.0,25.055,121.455
74DA38F7C47E,2026-02-18,02:36:07,16.75,100.0,12.0,25.053963,121.427681
74DA38F20BE0,2026-02-18,02:36:12,22.62,100.0,0.0,22.73,120.346
74DA38F20C26,2026-02-18,02:36:12,21.25,76.0,26.0,22.676,120.342
74DA38F20B5C,2026-02-18,02:36:13,-4.0,0.0,28.0,22.798,120.293
74DA38ED0630,2026-02-18,02:36:15,18.37,100.0,0.0,23.994,121.594
74DA38F20E34,2026-02-18,02:36:16,21.37,75.0,26.0,22.586,120.313
74DA38F20AE6,2026-02-18,02:36:21,25.0,100.0,9.0,22.63,120.348
74DA38F20E9E,2026-02-18,02:36:28,14.5,100.0,7.0,24.648,121.151
74DA38F7C5BE,2026-02-18,02:36:32,15.62,80.0,12.0,25.092,121.523
74DA38F7C514,2026-02-18,02:36:33,16.0,95.0,8.0,25.051,121.518
74DA38F20D6C,2026-02-18,02:36:38,20.25,80.0,0.0,22.661,120.301
74DA38F21088,2026-02-18,02:36:44,15.12,100.0,0.0,25.068,121.588
74DA38F7C5CE,2026-02-18,02:36:47,14.62,93.0,0.0,25.066,121.656
74DA38F207DE,2026-02-18,02:36:57,21.75,100.0,36.0,22.603,120.34
74DA38F7C59C,2026-02-18,02:37:19,16.62,74.0,10.0,25.103,121.487
74DA38F7C560,2026-02-18,02:37:31,13.62,100.0,0.0,25.079,121.671
74DA38F7C29C,2026-02-18,02:37:40,16.25,100.0,9.0,25.02,121.416
74DA38F20A30,2026-02-18,02:37:41,15.25,87.0,1.0,24.948,121.372
74DA38F7C30E,2026-02-18,02:37:41,15.37,100.0,8.0,24.949,121.382
74DA38F209EE,2026-02-18,02:37:48,21.75,100.0,0.0,23.026,121.33
74DA38ED06E0,2026-02-18,02:37:54,19.5,94.0,0.0,23.601,121.521
74DA38F7C3B2,2026-02-18,02:38:00,19.37,68.0,4.0,24.929,121.378
74DA38F20B26,2026-02-18,02:38:04,22.62,100.0,22.0,22.783,120.247
74DA38F2104E,2026-02-18,02:38:07,25.25,94.0,29.0,23.108,120.7
74DA38ED05EA,2026-02-18,02:38:08,18.12,100.0,1.0,23.394,121.357
74DA38F7C566,2026-02-18,02:38:10,16.62,100.0,0.0,25.051,121.448
74DA38F20DC0,2026-02-18,02:38:11,20.87,100.0,2.0,22.711,120.295
74DA38F20EB2,2026-02-18,02:38:20,11.37,100.0,11.0,24.324,120.835
74DA38F20D1A,2026-02-18,02:38:21,15.12,85.0,0.0,25.078,121.541
74DA38F7C464,2026-02-18,02:38:21,14.25,42.0,0.0,25.006,121.413
74DA38F7C40C,2026-02-18,02:38:26,14.5,100.0,0.0,24.995,121.52
74DA38F210A2,2026-02-18,02:38:28,16.37,100.0,1.0,25.12,121.466
74DA38F210E4,2026-02-18,02:38:33,21.0,100.0,13.0,23.24,120.696
74DA38ED04F2,2026-02-18,02:38:41,18.75,100.0,0.0,23.468,121.496
74DA38F7C3BA,2026-02-18,02:38:42,118.87,46.0,106.0,25.174,121.441
74DA38F20BD0,2026-02-18,02:38:44,-4.0,0.0,22.0,22.688,120.408
74DA38F20AAA,2026-02-18,02:38:47,14.0,100.0,5.0,24.6,120.999
74DA38F21024,2026-02-18,02:38:47,16.0,100.0,0.0,24.93,121.036
74DA38F7C39A,2026-02-18,02:38:48,15.5,100.0,0.0,25.002,121.414
74DA38F20AA4,2026-02-18,02:38:53,25.0,90.0,26.0,22.685,120.492
74DA38F2118E,2026-02-18,02:38:54,13.25,100.0,45.0,26.148,119.935
74DA38F20D4C,2026-02-18,02:39:00,21.25,100.0,0.0,22.971,121.303
74DA38F209A8,2026-02-18,02:39:02,-4.0,0.0,1.0,22.401,120.577
74DA38F7C30C,2026-02-18,02:39:10,15.12,98.0,0.0,24.975,121.532
74DA38F20D1E,2026-02-18,02:39:13,15.25,100.0,12.0,25.048,121.573
74DA38F20C22,2026-02-18,02:39:15,21.37,100.0,0.0,22.729,120.357
74DA38F7C616,2026-02-18,02:39:15,15.5,100.0,0.0,25.031,121.563
74DA38F7C3DE,2026-02-18,02:39:21,16.25,100.0,283.0,24.972,121.537
74DA38F7C4DE,2026-02-18,02:39:24,17.0,100.0,0.0,25.09,121.462
74DA38F7C5E6,2026-02-18,02:39:26,16.37,100.0,3.0,25.107,121.843
74DA38F21204,2026-02-18,02:39:33,22.12,100.0,0.0,25.062,121.451
74DA38F208E2,2026-02-18,02:39:38,16.25,100.0,2.0,24.688,121.766
74DA38F7C63C,2026-02-18,02:39:40,85.25,100.0,4.0,24.998,121.425
74DA38F7C524,2026-02-18,02:39:41,13.75,100.0,25.0,25.002,121.552
74DA38ED059C,2026-02-18,02:39:42,17.25,100.0,1.0,23.706,121.412
74DA38F7C37C,2026-02-18,02:39:43,12.25,100.0,0.0,25.111,121.856
74DA38F20D16,2026-02-18,02:39:48,16.0,100.0,11.0,25.062,121.526
74DA38F7C31C,2026-02-18,02:39:53,15.12,100.0,0.0,24.93,121.372
74DA38F20B82,2026-02-18,02:39:57,-4.0,0.0,1.0,22.847,120.465
74DA38F7C570,2026-02-18,02:40:01,13.75,100.0,0.0,25.239,121.63
74DA38F20976,2026-02-18,02:40:02,15.12,91.0,13.0,25.127,121.746
74DA38F21048,2026-02-18,02:40:06,21.0,100.0,30.0,22.595,120.341
74DA38ED0640,2026-02-18,02:40:09,18.37,100.0,1.0,23.154,121.266
74DA38F7C338,2026-02-18,02:40:10,18.0,90.0,7.0,25.011,121.458
74DA38F20BCA,2026-02-18,02:40:12,14.37,100.0,0.0,25.079,121.58
74DA38F20B80,2026-02-18,02:40:16,20.5,100.0,0.0,22.599,120.35
74DA38F7C260,2026-02-18,02:40:22,15.75,100.0,0.0,25.065,121.425
74DA38F7C41E,2026-02-18,02:40:24,16.25,74.0,8.0,25.054,121.517
74DA38F20902,2026-02-18,02:40:25,23.0,94.0,0.0,22.204,120.7
74DA38F20A78,2026-02-18,02:40:29,18.12,100.0,0.0,22.904,121.124
74DA38ED05B6,2026-02-18,02:40:32,18.12,100.0,1.0,23.43,121.348
74DA38F209B2,2026-02-18,02:40:32,21.0,100.0,1.0,22.363,120.599
74DA38F209F8,2026-02-18,02:40:42,20.12,100.0,0.0,23.157,121.4
74DA38F21136,2026-02-18,02:40:42,15.75,98.0,6.0,25.119,121.505
74DA38F20D2E,2026-02-18,02:40:46,15.62,100.0,0.0,25.06,121.545
74DA38F7C3D6,2026-02-18,02:40:51,15.75,100.0,0.0,25.045,121.541
74DA38F2113E,2026-02-18,02:41:01,-4.0,0.0,4.0,22.728,120.313
74DA38F20DE0,2026-02-18,02:41:06,22.75,100.0,1.0,22.589,120.328
74DA38F7C4CC,2026-02-18,02:41:06,15.37,100.0,5.0,25.062,121.451
74DA38F20F0A,2026-02-18,02:41:08,24.5,100.0,16.0,22.995,120.635
74DA38F20E6E,2026-02-18,02:41:09,13.0,91.0,0.0,24.41,120.902
74DA38F20DD0,2026-02-18,02:41:12,21.37,100.0,1.0,22.6080258,120.3229833
74DA38F20BE4,2026-02-18,02:41:13,14.87,100.0,15.0,24.791,120.957
74DA38F20B88,2026-02-18,02:41:41,21.25,100.0,0.0,22.75,120.316
74DA38F20D70,2026-02-18,02:41:41,18.12,100.0,0.0,23.05,121.164
74DA38F21054,2026-02-18,02:41:43,24.62,63.0,18.0,22.898,120.627
74DA38F7C366,2026-02-18,02:41:46,14.87,100.0,5.0,25.002,121.516
74DA38F7C3DC,2026-02-18,02:41:53,14.12,100.0,9.0,25.003,121.539
74DA38F209A4,2026-02-18,02:41:56,22.25,100.0,0.0,22.702,120.572
74DA38F7C562,2026-02-18,02:41:58,14.87,51.0,9.0,25.021,121.418
74DA38F210F6,2026-02-18,02:42:01,22.12,100.0,0.0,22.757426,121.158891
74DA38F7C600,2026-02-18,02:42:02,21.37,55.0,3.0,25.07,121.586
74DA38F20D2A,2026-02-18,02:42:04,16.25,71.0,0.0,25.048,121.573
74DA38F7C610,2026-02-18,02:42:04,17.25,79.0,8.0,25.063,121.564
74DA38F7C47E,2026-02-18,02:42:14,16.87,100.0,12.0,25.053963,121.427681
74DA38F7C47C,2026-02-18,02:42:16,16.12,94.0,0.0,25.055,121.455
74DA38F7C53C,2026-02-18,02:42:22,13.75,100.0,0.0,25.11,121.804
74DA38F209DE,2026-02-18,02:42:25,15.62,100.0,0.0,24.861,120.964
74DA38F20E34,2026-02-18,02:42:26,21.37,74.0,26.0,22.586,120.313
74DA38F7C5A0,2026-02-18,02:42:26,15.75,89.0,0.0,25.107,121.518
74DA38F20C26,2026-02-18,02:42:27,21.37,76.0,24.0,22.676,120.342
74DA38F20AE6,2026-02-18,02:42:28,25.0,100.0,9.0,22.63,120.348
74DA38F20E9E,2026-02-18,02:42:34,14.75,100.0,8.0,24.648,121.151
74DA38F20BE0,2026-02-18,02:42:40,22.62,100.0,0.0,22.73,120.346
74DA38F7C5BE,2026-02-18,02:42:40,15.62,79.0,12.0,25.092,121.523
74DA38F7C514,2026-02-18,02:42:41,16.0,95.0,9.0,25.051,121.518
74DA38ED0630,2026-02-18,02:42:44,18.37,100.0,0.0,23.994,121.594
74DA38F207DE,2026-02-18,02:43:05,22.12,100.0,35.0,22.603,120.34
74DA38F20D6C,2026-02-18,02:43:06,20.37,80.0,0.0,22.661,120.301
74DA38F21088,2026-02-18,02:43:12,15.12,100.0,0.0,25.068,121.588
74DA38ED0454,2026-02-18,02:43:13,19.0,100.0,5.0,24.053,121.599
74DA38F7C5CE,2026-02-18,02:43:15,14.5,92.0,0.0,25.066,121.656
74DA38F7C59C,2026-02-18,02:43:26,16.75,73.0,10.0,25.103,121.487
74DA38F7C29C,2026-02-18,02:43:46,16.12,100.0,8.0,25.02,121.416
74DA38F7C30E,2026-02-18,02:43:49,15.37,100.0,7.0,24.949,121.382
74DA38F209EE,2026-02-18,02:43:55,21.75,100.0,0.0,23.026,121.33
74DA38F7C560,2026-02-18,02:43:59,13.5,100.0,0.0,25.079,121.671
74DA38ED06E0,2026-02-18,02:44:00,19.5,93.0,0.0,23.601,121.521
74DA38F7C3B2,2026-02-18,02:44:07,19.37,68.0,5.0,24.929,121.378
74DA38F20A30,2026-02-18,02:44:09,15.25,87.0,0.0,24.948,121.372
74DA38ED05EA,2026-02-18,02:44:14,18.12,100.0,1.0,23.394,121.357
74DA38F2104E,2026-02-18,02:44:19,25.37,94.0,28.0,23.108,120.7
74DA38F20EB2,2026-02-18,02:44:27,11.62,100.0,11.0,24.324,120.835
74DA38F210A2,2026-02-18,02:44:34,16.37,100.0,1.0,25.12,121.466
74DA38F7C40C,2026-02-18,02:44:34,14.5,100.0,0.0,24.995,121.52
74DA38F7C566,2026-02-18,02:44:39,16.62,100.0,0.0,25.051,121.448
74DA38F210E4,2026-02-18,02:44:40,20.87,100.0,13.0,23.24,120.696
74DA38F7C3BA,2026-02-18,02:44:43,118.87,46.0,112.0,25.174,121.441
74DA38ED04F2,2026-02-18,02:44:49,18.75,100.0,1.0,23.468,121.496
74DA38F20D1A,2026-02-18,02:44:50,15.0,84.0,0.0,25.078,121.541
74DA38F7C464,2026-02-18,02:44:53,14.37,41.0,0.0,25.006,121.413
74DA38F20AAA,2026-02-18,02:44:54,14.0,100.0,5.0,24.6,120.999
74DA38F20AA4,2026-02-18,02:45:01,25.0,90.0,26.0,22.685,120.492
74DA38F20DC0,2026-02-18,02:45:08,21.0,100.0,3.0,22.711,120.295
74DA38F21024,2026-02-18,02:45:16,16.0,100.0,0.0,24.93,121.036
74DA38F7C39A,2026-02-18,02:45:16,15.5,100.0,0.0,25.002,121.414
74DA38F7C3DE,2026-02-18,02:45:16,16.25,100.0,287.0,24.972,121.537
74DA38F20D1E,2026-02-18,02:45:21,15.25,100.0,12.0,25.048,121.573
74DA38F7C616,2026-02-18,02:45:21,15.5,100.0,0.0,25.031,121.563
74DA38F20D4C,2026-02-18,02:45:27,21.25,100.0,0.0,22.971,121.303
74DA38F7C30C,2026-02-18,02:45:27,15.12,98.0,0.0,24.975,121.532
74DA38F2118E,2026-02-18,02:45:29,13.37,100.0,43.0,26.148,119.935
74DA38F7C5E6,2026-02-18,02:45:32,16.37,100.0,3.0,25.107,121.843
74DA38F7C4DE,2026-02-18,02:45:37,16.87,100.0,0.0,25.09,121.462
74DA38F21204,2026-02-18,02:45:39,22.12,100.0,0.0,25.062,121.451
74DA38F20B5C,2026-02-18,02:45:43,-4.0,0.0,26.0,22.798,120.293
74DA38F208E2,2026-02-18,02:45:44,16.12,100.0,3.0,24.688,121.766
74DA38F20C22,2026-02-18,02:45:44,21.5,100.0,0.0,22.729,120.357
74DA38F7C63C,2026-02-18,02:45:47,85.25,100.0,5.0,24.998,121.425
74DA38ED059C,2026-02-18,02:45:50,17.25,100.0,1.0,23.706,121.412
74DA38F20D16,2026-02-18,02:45:54,16.0,100.0,11.0,25.062,121.526
74DA38F20976,2026-02-18,02:46:09,15.12,93.0,13.0,25.127,121.746
74DA38F7C37C,2026-02-18,02:46:11,12.25,100.0,0.0,25.111,121.856
74DA38F7C524,2026-02-18,02:46:12,13.62,100.0,25.0,25.002,121.552
74DA38ED0640,2026-02-18,02:46:16,18.25,100.0,1.0,23.154,121.266
74DA38F7C31C,2026-02-18,02:46:23,15.25,100.0,0.0,24.93,121.372
74DA38F7C570,2026-02-18,02:46:28,13.75,100.0,0.0,25.239,121.63
74DA38F20902,2026-02-18,02:46:31,23.12,95.0,0.0,22.204,120.7
74DA38F7C41E,2026-02-18,02:46:31,16.25,74.0,9.0,25.054,121.517
74DA38ED05B6,2026-02-18,02:46:37,18.12,100.0,1.0,23.43,121.348
74DA38F20A78,2026-02-18,02:46:40,18.25,100.0,0.0,22.904,121.124
74DA38F20BCA,2026-02-18,02:46:40,14.62,100.0,0.0,25.079,121.58
74DA38F21048,2026-02-18,02:46:40,21.12,100.0,33.0,22.595,120.341
74DA38F20B80,2026-02-18,02:46:45,20.87,100.0,0.0,22.599,120.35
74DA38F209B2,2026-02-18,02:46:59,21.12,100.0,0.0,22.363,120.599
74DA38F7C260,2026-02-18,02:46:59,15.75,100.0,0.0,25.065,121.425
74DA38F209F8,2026-02-18,02:47:10,20.0,100.0,0.0,23.157,121.4
74DA38F20E6E,2026-02-18,02:47:10,13.0,91.0,0.0,24.41,120.902
74DA38F20F0A,2026-02-18,02:47:14,24.62,100.0,16.0,22.995,120.635
74DA38F20D2E,2026-02-18,02:47:15,15.62,100.0,0.0,25.06,121.545
74DA38F20BE4,2026-02-18,02:47:19,14.75,100.0,16.0,24.791,120.957
74DA38F7C3D6,2026-02-18,02:47:19,15.62,100.0,0.0,25.045,121.541
74DA38F7C4CC,2026-02-18,02:47:20,15.37,100.0,4.0,25.062,121.451
74DA38F20DE0,2026-02-18,02:47:34,22.87,100.0,0.0,22.589,120.328
74DA38F20DD0,2026-02-18,02:47:42,21.37,100.0,2.0,22.6080258,120.3229833
74DA38F20D70,2026-02-18,02:47:48,18.25,100.0,0.0,23.05,121.164
74DA38F21054,2026-02-18,02:47:51,24.62,63.0,19.0,22.898,120.627
74DA38F7C366,2026-02-18,02:47:52,14.87,100.0,5.0,25.002,121.516
74DA38F7C3DC,2026-02-18,02:48:00,14.12,100.0,10.0,25.003,121.539
74DA38F210F6,2026-02-18,02:48:06,22.37,100.0,0.0,22.757426,121.158891
74DA38F7C562,2026-02-18,02:48:06,14.62,69.0,9.0,25.021,121.418
74DA38F7C600,2026-02-18,02:48:07,21.5,54.0,3.0,25.07,121.586
74DA38F20B88,2026-02-18,02:48:09,21.37,100.0,0.0,22.75,120.316
74DA38F7C610,2026-02-18,02:48:12,17.25,79.0,8.0,25.063,121.564
74DA38F2113E,2026-02-18,02:48:16,-4.0,0.0,3.0,22.728,120.313
74DA38F7C47E,2026-02-18,02:48:21,16.87,100.0,12.0,25.053963,121.427681
74DA38F209A4,2026-02-18,02:48:24,22.37,100.0,0.0,22.702,120.572
74DA38F7C47C,2026-02-18,02:48:25,16.0,95.0,0.0,25.055,121.455
74DA38F20AE6,2026-02-18,02:48:34,25.0,100.0,10.0,22.63,120.348
74DA38F20C26,2026-02-18,02:48:36,21.25,76.0,23.0,22.676,120.342
74DA38F20D2A,2026-02-18,02:48:36,16.12,71.0,0.0,25.048,121.573
74DA38F20E9E,2026-02-18,02:48:40,14.87,100.0,7.0,24.648,121.151
74DA38F209A8,2026-02-18,02:48:41,-4.0,0.0,1.0,22.401,120.577
74DA38F20E34,2026-02-18,02:48:47,21.5,74.0,26.0,22.586,120.313
74DA38F7C5BE,2026-02-18,02:48:47,15.75,79.0,11.0,25.092,121.523
74DA38F7C514,2026-02-18,02:48:49,15.87,95.0,9.0,25.051,121.518
74DA38F7C53C,2026-02-18,02:48:50,13.75,100.0,0.0,25.11,121.804
74DA38F209DE,2026-02-18,02:48:53,15.37,100.0,1.0,24.861,120.964
74DA38F7C5A0,2026-02-18,02:48:54,15.75,89.0,0.0,25.107,121.518
74DA38F20BE0,2026-02-18,02:49:08,22.87,100.0,0.0,22.73,120.346
74DA38ED0630,2026-02-18,02:49:13,18.5,100.0,0.0,23.994,121.594
74DA38F20BD0,2026-02-18,02:49:14,-4.0,0.0,22.0,22.688,120.408
74DA38F207DE,2026-02-18,02:49:16,22.37,100.0,35.0,22.603,120.34
74DA38ED0454,2026-02-18,02:49:22,18.87,100.0,9.0,24.053,121.599
74DA38F20B82,2026-02-18,02:49:30,-4.0,0.0,1.0,22.847,120.465
74DA38F7C59C,2026-02-18,02:49:32,16.62,73.0,10.0,25.103,121.487
74DA38F20D6C,2026-02-18,02:49:38,20.37,80.0,0.0,22.661,120.301
74DA38F21088,2026-02-18,02:49:41,15.25,100.0,0.0,25.068,121.588
74DA38F7C5CE,2026-02-18,02:49:42,14.5,93.0,0.0,25.066,121.656
74DA38F7C29C,2026-02-18,02:49:52,16.0,100.0,8.0,25.02,121.416
74DA38F7C30E,2026-02-18,02:49:57,15.37,100.0,8.0,24.949,121.382
74DA38F209EE,2026-02-18,02:50:01,21.87,100.0,0.0,23.026,121.33
74DA38ED06E0,2026-02-18,02:50:07,19.5,93.0,0.0,23.601,121.521
74DA38F7C3B2,2026-02-18,02:50:14,19.37,68.0,4.0,24.929,121.378
74DA38ED05EA,2026-02-18,02:50:20,18.25,100.0,1.0,23.394,121.357
74DA38F2104E,2026-02-18,02:50:28,25.37,94.0,27.0,23.108,120.7
74DA38F7C560,2026-02-18,02:50:28,13.75,100.0,0.0,25.079,121.671
74DA38F20EB2,2026-02-18,02:50:34,11.62,100.0,10.0,24.324,120.835
74DA38F20A30,2026-02-18,02:50:37,15.25,87.0,0.0,24.948,121.372
74DA38F210A2,2026-02-18,02:50:41,16.5,100.0,2.0,25.12,121.466
74DA38F7C40C,2026-02-18,02:50:41,14.5,100.0,0.0,24.995,121.52
74DA38F7C3BA,2026-02-18,02:50:44,118.87,46.0,106.0,25.174,121.441
74DA38F210E4,2026-02-18,02:50:49,21.25,100.0,12.0,23.24,120.696
74DA38F20B26,2026-02-18,02:50:55,22.87,100.0,23.0,22.783,120.247
74DA38ED04F2,2026-02-18,02:50:58,18.87,100.0,1.0,23.468,121.496
74DA38F20AAA,2026-02-18,02:51:00,14.0,100.0,6.0,24.6,120.999
74DA38F7C566,2026-02-18,02:51:06,16.62,100.0,0.0,25.051,121.448
74DA38F20AA4,2026-02-18,02:51:09,25.0,90.0,25.0,22.685,120.492
74DA38F7C3DE,2026-02-18,02:51:12,16.12,100.0,292.0,24.972,121.537
74DA38F20D1A,2026-02-18,02:51:18,15.12,84.0,0.0,25.078,121.541
74DA38F7C464,2026-02-18,02:51:27,14.37,37.0,0.0,25.006,121.413
74DA38F7C616,2026-02-18,02:51:29,15.37,100.0,0.0,25.031,121.563
74DA38F20D1E,2026-02-18,02:51:35,15.25,100.0,12.0,25.048,121.573
74DA38F7C30C,2026-02-18,02:51:36,15.25,98.0,0.0,24.975,121.532
74DA38F20DC0,2026-02-18,02:51:38,21.12,100.0,2.0,22.711,120.295
74DA38F7C5E6,2026-02-18,02:51:39,16.37,100.0,4.0,25.107,121.843
74DA38F7C4DE,2026-02-18,02:51:43,16.75,100.0,0.0,25.09,121.462
74DA38F21024,2026-02-18,02:51:45,16.0,100.0,0.0,24.93,121.036
74DA38F21204,2026-02-18,02:51:45,22.25,100.0,0.0,25.062,121.451
74DA38F7C39A,2026-02-18,02:51:45,15.62,100.0,0.0,25.002,121.414
74DA38F208E2,2026-02-18,02:51:50,16.25,100.0,4.0,24.688,121.766
74DA38F20D4C,2026-02-18,02:51:54,21.25,100.0,0.0,22.971,121.303
74DA38F7C63C,2026-02-18,02:51:54,85.25,100.0,5.0,24.998,121.425
74DA38ED059C,2026-02-18,02:51:57,17.25,100.0,1.0,23.706,121.412
74DA38F20D16,2026-02-18,02:52:01,16.0,100.0,11.0,25.062,121.526
74DA38F2118E,2026-02-18,02:52:02,13.5,100.0,43.0,26.148,119.935
74DA38F20C22,2026-02-18,02:52:13,21.75,100.0,0.0,22.729,120.357
74DA38F20976,2026-02-18,02:52:16,15.12,93.0,14.0,25.127,121.746
74DA38ED0640,2026-02-18,02:52:22,18.25,100.0,1.0,23.154,121.266
74DA38F20902,2026-02-18,02:52:37,23.25,94.0,0.0,22.204,120.7
74DA38F7C41E,2026-02-18,02:52:38,16.25,74.0,8.0,25.054,121.517
74DA38F7C37C,2026-02-18,02:52:39,12.25,100.0,0.0,25.111,121.856
74DA38F7C524,2026-02-18,02:52:42,13.62,100.0,27.0,25.002,121.552
74DA38ED05B6,2026-02-18,02:52:43,18.12,100.0,2.0,23.43,121.348
74DA38F20A78,2026-02-18,02:52:47,18.25,100.0,0.0,22.904,121.124
74DA38F7C31C,2026-02-18,02:52:53,15.25,100.0,0.0,24.93,121.372
74DA38F7C570,2026-02-18,02:52:57,13.75,100.0,0.0,25.239,121.63
74DA38F20BCA,2026-02-18,02:53:10,14.62,100.0,0.0,25.079,121.58
74DA38F20E6E,2026-02-18,02:53:11,13.25,90.0,0.0,24.41,120.902
74DA38F20B80,2026-02-18,02:53:12,21.12,100.0,0.0,22.599,120.35
74DA38F21048,2026-02-18,02:53:12,21.12,100.0,31.0,22.595,120.341
74DA38F20F0A,2026-02-18,02:53:21,24.5,100.0,16.0,22.995,120.635
74DA38F20BE4,2026-02-18,02:53:26,14.75,100.0,18.0,24.791,120.957
74DA38F209B2,2026-02-18,02:53:27,21.12,100.0,0.0,22.363,120.599
74DA38F7C4CC,2026-02-18,02:53:29,15.37,100.0,5.0,25.062,121.451
74DA38F7C260,2026-02-18,02:53:37,15.87,100.0,0.0,25.065,121.425
74DA38F209F8,2026-02-18,02:53:39,20.0,100.0,0.0,23.157,121.4
74DA38F20D2E,2026-02-18,02:53:43,15.75,100.0,0.0,25.06,121.545
74DA38F7C3D6,2026-02-18,02:53:47,15.5,100.0,0.0,25.045,121.541
74DA38F20D70,2026-02-18,02:53:54,18.5,100.0,0.0,23.05,121.164
74DA38F21054,2026-02-18,02:53:57,24.62,63.0,19.0,22.898,120.627
74DA38F7C366,2026-02-18,02:53:58,14.87,100.0,5.0,25.002,121.516
74DA38F20DE0,2026-02-18,02:54:01,22.87,100.0,0.0,22.589,120.328
74DA38F7C3DC,2026-02-18,02:54:09,14.12,100.0,11.0,25.003,121.539
74DA38F210F6,2026-02-18,02:54:11,22.5,100.0,0.0,22.757426,121.158891
74DA38F7C600,2026-02-18,02:54:12,21.5,52.0,3.0,25.07,121.586
74DA38F20DD0,2026-02-18,02:54:13,21.25,100.0,3.0,22.6080258,120.3229833
74DA38F7C562,2026-02-18,02:54:14,14.62,65.0,10.0,25.021,121.418
74DA38F7C610,2026-02-18,02:54:19,17.25,79.0,8.0,25.063,121.564
74DA38F7C47E,2026-02-18,02:54:27,16.87,100.0,12.0,25.053963,121.427681
74DA38F7C47C,2026-02-18,02:54:33,16.0,95.0,0.0,25.055,121.455
74DA38F20B88,2026-02-18,02:54:37,21.25,100.0,1.0,22.75,120.316
74DA38F20AE6,2026-02-18,02:54:40,25.0,100.0,10.0,22.63,120.348
74DA38F20E9E,2026-02-18,02:54:46,14.87,100.0,8.0,24.648,121.151
74DA38F20C26,2026-02-18,02:54:47,21.5,76.0,24.0,22.676,120.342
74DA38F209A4,2026-02-18,02:54:53,22.5,100.0,0.0,22.702,120.572
74DA38F7C514,2026-02-18,02:54:56,15.87,95.0,9.0,25.051,121.518
74DA38F7C5BE,2026-02-18,02:54:56,15.87,79.0,12.0,25.092,121.523
74DA38F20D2A,2026-02-18,02:55:07,16.0,71.0,0.0,25.048,121.573
74DA38F20E34,2026-02-18,02:55:10,21.5,74.0,25.0,22.586,120.313
74DA38F20B5C,2026-02-18,02:55:14,-4.0,0.0,28.0,22.798,120.293
74DA38F7C53C,2026-02-18,02:55:18,13.62,100.0,0.0,25.11,121.804
74DA38F209DE,2026-02-18,02:55:22,15.37,100.0,1.0,24.861,120.964
74DA38F7C5A0,2026-02-18,02:55:24,15.75,89.0,0.0,25.107,121.518
74DA38F207DE,2026-02-18,02:55:25,22.62,100.0,35.0,22.603,120.34
74DA38F2113E,2026-02-18,02:55:35,-4.0,0.0,6.0,22.728,120.313
74DA38F20BE0,2026-02-18,02:55:37,22.87,100.0,0.0,22.73,120.346
74DA38F7C59C,2026-02-18,02:55:37,16.62,73.0,11.0,25.103,121.487
74DA38ED0630,2026-02-18,02:55:42,18.37,100.0,0.0,23.994,121.594
74DA38ED0454,2026-02-18,02:55:53,18.87,100.0,7.0,24.053,121.599
74DA38F7C29C,2026-02-18,02:55:57,16.12,100.0,9.0,25.02,121.416
74DA38F20D6C,2026-02-18,02:56:05,20.37,80.0,0.0,22.661,120.301
74DA38F7C30E,2026-02-18,02:56:05,15.37,100.0,7.0,24.949,121.382
74DA38F209EE,2026-02-18,02:56:07,21.87,100.0,0.0,23.026,121.33
74DA38F21088,2026-02-18,02:56:10,15.25,100.0,0.0,25.068,121.588
74DA38ED06E0,2026-02-18,02:56:13,19.5,93.0,0.0,23.601,121.521
74DA38F7C5CE,2026-02-18,02:56:13,14.5,93.0,0.0,25.066,121.656
74DA38F7C3B2,2026-02-18,02:56:21,19.37,68.0,4.0,24.929,121.378
74DA38ED05EA,2026-02-18,02:56:27,18.25,100.0,1.0,23.394,121.357
74DA38F2104E,2026-02-18,02:56:37,25.5,93.0,27.0,23.108,120.7
74DA38F20EB2,2026-02-18,02:56:41,11.62,100.0,10.0,24.324,120.835
74DA38F210A2,2026-02-18,02:56:46,16.37,100.0,1.0,25.12,121.466
74DA38F7C3BA,2026-02-18,02:56:46,118.87,46.0,102.0,25.174,121.441
74DA38F7C40C,2026-02-18,02:56:51,14.37,100.0,0.0,24.995,121.52
74DA38F7C560,2026-02-18,02:56:58,13.87,100.0,0.0,25.079,121.671
74DA38F210E4,2026-02-18,02:57:00,21.25,100.0,12.0,23.24,120.696
74DA38ED04F2,2026-02-18,02:57:05,18.75,100.0,2.0,23.468,121.496
74DA38F7C3DE,2026-02-18,02:57:06,16.0,100.0,282.0,24.972,121.537
74DA38F20A30,2026-02-18,02:57:07,15.25,86.0,0.0,24.948,121.372
74DA38F20AAA,2026-02-18,02:57:07,14.0,100.0,5.0,24.6,120.999
74DA38F20B26,2026-02-18,02:57:12,23.0,100.0,24.0,22.783,120.247
74DA38F20AA4,2026-02-18,02:57:19,25.12,90.0,25.0,22.685,120.492
74DA38F7C566,2026-02-18,02:57:34,16.62,100.0,0.0,25.051,121.448
74DA38F7C616,2026-02-18,02:57:37,15.37,100.0,0.0,25.031,121.563
74DA38F20D1E,2026-02-18,02:57:45,15.37,100.0,12.0,25.048,121.573
74DA38F20D1A,2026-02-18,02:57:47,15.12,85.0,0.0,25.078,121.541
74DA38F21204,2026-02-18,02:57:50,22.37,100.0,0.0,25.062,121.451
74DA38F7C4DE,2026-02-18,02:57:51,16.75,100.0,0.0,25.09,121.462
74DA38F7C464,2026-02-18,02:57:55,14.37,40.0,0.0,25.006,121.413
74DA38F208E2,2026-02-18,02:57:56,16.37,100.0,2.0,24.688,121.766
74DA38F7C30C,2026-02-18,02:58:01,15.25,98.0,0.0,24.975,121.532
74DA38F7C63C,2026-02-18,02:58:01,85.25,100.0,5.0,24.998,121.425
74DA38ED059C,2026-02-18,02:58:04,17.25,100.0,1.0,23.706,121.412
74DA38F20DC0,2026-02-18,02:58:04,21.0,100.0,2.0,22.711,120.295
74DA38F20D16,2026-02-18,02:58:07,16.0,100.0,11.0,25.062,121.526
74DA38F21024,2026-02-18,02:58:12,16.0,100.0,0.0,24.93,121.036
74DA38F7C39A,2026-02-18,02:58:13,15.5,100.0,0.0,25.002,121.414
74DA38F209A8,2026-02-18,02:58:22,-4.0,0.0,5.0,22.401,120.577
74DA38F20D4C,2026-02-18,02:58:22,21.25,100.0,0.0,22.971,121.303
74DA38F20976,2026-02-18,02:58:24,15.12,93.0,15.0,25.127,121.746
74DA38ED0640,2026-02-18,02:58:29,18.25,100.0,1.0,23.154,121.266
74DA38F2118E,2026-02-18,02:58:35,13.62,100.0,45.0,26.148,119.935
74DA38F20C22,2026-02-18,02:58:41,21.75,100.0,1.0,22.729,120.357
74DA38F20902,2026-02-18,02:58:43,23.25,94.0,0.0,22.204,120.7
74DA38F7C41E,2026-02-18,02:58:45,16.37,74.0,8.0,25.054,121.517
74DA38ED05B6,2026-02-18,02:58:49,18.12,100.0,2.0,23.43,121.348
74DA38F20A78,2026-02-18,02:58:53,18.12,100.0,0.0,22.904,121.124
74DA38F21136,2026-02-18,02:58:56,15.62,99.0,7.0,25.119,121.505
74DA38F20B82,2026-02-18,02:59:03,-4.0,0.0,1.0,22.847,120.465
74DA38F7C37C,2026-02-18,02:59:08,12.37,100.0,0.0,25.111,121.856
74DA38F20E6E,2026-02-18,02:59:13,13.12,89.0,0.0,24.41,120.902
74DA38F7C524,2026-02-18,02:59:13,13.5,100.0,28.0,25.002,121.552
74DA38F7C31C,2026-02-18,02:59:22,15.12,100.0,0.0,24.93,121.372
74DA38F7C570,2026-02-18,02:59:27,13.75,100.0,0.0,25.239,121.63
74DA38F20F0A,2026-02-18,02:59:29,24.25,100.0,18.0,22.995,120.635
74DA38F20BE4,2026-02-18,02:59:34,14.62,100.0,18.0,24.791,120.957
74DA38F7C4CC,2026-02-18,02:59:36,15.37,100.0,6.0,25.062,121.451
74DA38F20B80,2026-02-18,02:59:39,21.25,100.0,1.0,22.599,120.35
74DA38F7C338,2026-02-18,02:59:46,18.0,90.0,7.0,25.011,121.458
74DA38F21048,2026-02-18,02:59:47,21.25,100.0,30.0,22.595,120.341
74DA38F20BCA,2026-02-18,02:59:49,14.62,100.0,0.0,25.079,121.58
74DA38F20BD0,2026-02-18,02:59:49,-4.0,0.0,23.0,22.688,120.408
74DA38F209B2,2026-02-18,02:59:54,21.25,100.0,0.0,22.363,120.599
74DA38F20D70,2026-02-18,02:59:59,18.5,100.0,0.0,23.05,121.164
74DA38F21054,2026-02-18,03:00:05,24.62,63.0,19.0,22.898,120.627
74DA38F209F8,2026-02-18,03:00:06,20.0,100.0,0.0,23.157,121.4
74DA38F7C366,2026-02-18,03:00:06,14.87,100.0,5.0,25.002,121.516
74DA38F7C260,2026-02-18,03:00:08,15.87,100.0,0.0,25.065,121.425
74DA38F20D2E,2026-02-18,03:00:12,15.75,100.0,0.0,25.06,121.545
74DA38F210F6,2026-02-18,03:00:16,22.75,100.0,0.0,22.757426,121.158891
74DA38F7C3D6,2026-02-18,03:00:16,15.5,100.0,0.0,25.045,121.541
74DA38F7C3DC,2026-02-18,03:00:16,14.25,100.0,11.0,25.003,121.539
74DA38F7C600,2026-02-18,03:00:18,21.37,51.0,3.0,25.07,121.586
74DA38F7C562,2026-02-18,03:00:23,14.37,67.0,10.0,25.021,121.418
74DA38F7C610,2026-02-18,03:00:24,17.12,79.0,9.0,25.063,121.564
74DA38F20DE0,2026-02-18,03:00:31,23.0,100.0,0.0,22.589,120.328
74DA38F7C47E,2026-02-18,03:00:34,16.75,100.0,12.0,25.053963,121.427681
74DA38F7C47C,2026-02-18,03:00:41,16.0,95.0,0.0,25.055,121.455
74DA38F20DD0,2026-02-18,03:00:44,21.37,100.0,3.0,22.6080258,120.3229833
74DA38F20AE6,2026-02-18,03:00:47,25.0,100.0,9.0,22.63,120.348
74DA38F20E9E,2026-02-18,03:00:53,14.87,100.0,7.0,24.648,121.151
74DA38F20C26,2026-02-18,03:00:55,21.5,76.0,22.0,22.676,120.342
74DA38F7C514,2026-02-18,03:01:03,15.87,95.0,9.0,25.051,121.518
74DA38F7C5BE,2026-02-18,03:01:04,15.75,78.0,11.0,25.092,121.523
74DA38F20B88,2026-02-18,03:01:06,21.25,100.0,1.0,22.75,120.316
74DA38F20E34,2026-02-18,03:01:20,21.5,75.0,26.0,22.586,120.313
74DA38F209A4,2026-02-18,03:01:22,22.75,100.0,0.0,22.702,120.572
74DA38F207DE,2026-02-18,03:01:34,22.62,100.0,36.0,22.603,120.34
74DA38F20D2A,2026-02-18,03:01:37,16.12,72.0,0.0,25.048,121.573
74DA38F7C53C,2026-02-18,03:01:45,13.75,100.0,0.0,25.11,121.804
74DA38F7C59C,2026-02-18,03:01:45,16.62,73.0,12.0,25.103,121.487
74DA38F209DE,2026-02-18,03:01:51,15.37,100.0,2.0,24.861,120.964
74DA38F7C5A0,2026-02-18,03:01:51,15.75,89.0,0.0,25.107,121.518
74DA38F7C29C,2026-02-18,03:02:03,16.25,100.0,9.0,25.02,121.416
74DA38F20BE0,2026-02-18,03:02:05,22.87,100.0,0.0,22.73,120.346
74DA38ED0630,2026-02-18,03:02:11,18.5,100.0,0.0,23.994,121.594
74DA38F209EE,2026-02-18,03:02:12,21.75,100.0,0.0,23.026,121.33
74DA38F7C30E,2026-02-18,03:02:13,15.37,100.0,8.0,24.949,121.382
74DA38ED06E0,2026-02-18,03:02:20,19.5,93.0,0.0,23.601,121.521
74DA38F7C3B2,2026-02-18,03:02:29,19.37,68.0,4.0,24.929,121.378
74DA38ED05EA,2026-02-18,03:02:32,18.37,100.0,1.0,23.394,121.357
74DA38F20D6C,2026-02-18,03:02:33,20.5,80.0,0.0,22.661,120.301
74DA38F21088,2026-02-18,03:02:39,15.25,100.0,0.0,25.068,121.588
74DA38F7C5CE,2026-02-18,03:02:42,14.62,93.0,1.0,25.066,121.656
74DA38F2104E,2026-02-18,03:02:45,25.25,94.0,28.0,23.108,120.7
74DA38F20EB2,2026-02-18,03:02:47,12.25,100.0,9.0,24.324,120.835
74DA38F7C3BA,2026-02-18,03:02:48,118.87,46.0,103.0,25.174,121.441
74DA38F210A2,2026-02-18,03:02:52,16.37,100.0,1.0,25.12,121.466
74DA38F2113E,2026-02-18,03:02:52,-4.0,0.0,5.0,22.728,120.313
74DA38F7C40C,2026-02-18,03:02:58,14.37,100.0,0.0,24.995,121.52
74DA38F7C3DE,2026-02-18,03:03:01,16.0,100.0,294.0,24.972,121.537
74DA38F210E4,2026-02-18,03:03:09,21.25,100.0,14.0,23.24,120.696
74DA38ED04F2,2026-02-18,03:03:12,18.75,100.0,2.0,23.468,121.496
74DA38F20AAA,2026-02-18,03:03:13,14.0,100.0,5.0,24.6,120.999
74DA38F20B26,2026-02-18,03:03:23,23.12,100.0,25.0,22.783,120.247
74DA38F7C560,2026-02-18,03:03:26,14.12,100.0,0.0,25.079,121.671
74DA38F20AA4,2026-02-18,03:03:27,25.12,89.0,23.0,22.685,120.492
74DA38F20A30,2026-02-18,03:03:34,15.25,87.0,0.0,24.948,121.372
74DA38F7C616,2026-02-18,03:03:47,15.25,100.0,0.0,25.031,121.563
74DA38F20D1E,2026-02-18,03:03:53,15.37,100.0,14.0,25.048,121.573
74DA38F21204,2026-02-18,03:03:56,22.37,100.0,0.0,25.062,121.451
74DA38F208E2,2026-02-18,03:04:01,16.5,100.0,2.0,24.688,121.766
74DA38F7C566,2026-02-18,03:04:03,16.62,100.0,0.0,25.051,121.448
74DA38F7C5E6,2026-02-18,03:04:07,16.37,100.0,4.0,25.107,121.843
74DA38F7C63C,2026-02-18,03:04:09,85.25,100.0,4.0,24.998,121.425
74DA38ED059C,2026-02-18,03:04:11,17.12,100.0,2.0,23.706,121.412
74DA38F20D16,2026-02-18,03:04:14,16.0,100.0,12.0,25.062,121.526
74DA38F7C30C,2026-02-18,03:04:14,15.0,98.0,0.0,24.975,121.532
74DA38F20D1A,2026-02-18,03:04:16,15.12,85.0,0.0,25.078,121.541
74DA38F7C464,2026-02-18,03:04:23,14.37,36.0,0.0,25.006,121.413
74DA38F20976,2026-02-18,03:04:33,15.0,92.0,15.0,25.127,121.746
74DA38F20DC0,2026-02-18,03:04:33,21.12,100.0,1.0,22.711,120.295
74DA38ED0640,2026-02-18,03:04:35,18.25,100.0,1.0,23.154,121.266
74DA38F21024,2026-02-18,03:04:41,16.12,100.0,0.0,24.93,121.036
74DA38F7C39A,2026-02-18,03:04:43,15.62,100.0,0.0,25.002,121.414
74DA38F20B5C,2026-02-18,03:04:46,-4.0,0.0,27.0,22.798,120.293
74DA38F20902,2026-02-18,03:04:49,23.37,94.0,0.0,22.204,120.7
74DA38F20D4C,2026-02-18,03:04:50,21.12,100.0,0.0,22.971,121.303
74DA38F7C41E,2026-02-18,03:04:54,16.37,74.0,8.0,25.054,121.517
74DA38ED05B6,2026-02-18,03:04:55,18.25,100.0,2.0,23.43,121.348
74DA38F20A78,2026-02-18,03:04:59,18.37,100.0,0.0,22.904,121.124
74DA38F21136,2026-02-18,03:05:03,15.5,99.0,6.0,25.119,121.505
74DA38F20C22,2026-02-18,03:05:09,21.87,100.0,0.0,22.729,120.357
74DA38F2118E,2026-02-18,03:05:09,13.75,100.0,45.0,26.148,119.935
74DA38F20E6E,2026-02-18,03:05:15,13.12,89.0,0.0,24.41,120.902
74DA38F7C37C,2026-02-18,03:05:36,12.37,100.0,0.0,25.111,121.856
74DA38F20F0A,2026-02-18,03:05:39,24.25,100.0,19.0,22.995,120.635
74DA38F7C4CC,2026-02-18,03:05:42,15.37,100.0,6.0,25.062,121.451
74DA38F20BE4,2026-02-18,03:05:43,14.75,100.0,18.0,24.791,120.957
74DA38F7C524,2026-02-18,03:05:45,13.5,100.0,31.0,25.002,121.552
74DA38F7C31C,2026-02-18,03:05:50,15.12,100.0,0.0,24.93,121.372
74DA38F7C570,2026-02-18,03:05:57,13.75,100.0,0.0,25.239,121.63
74DA38F20D70,2026-02-18,03:06:05,18.5,100.0,0.0,23.05,121.164
74DA38F20B80,2026-02-18,03:06:07,21.37,100.0,4.0,22.599,120.35
74DA38F21054,2026-02-18,03:06:11,24.75,63.0,17.0,22.898,120.627
74DA38F7C366,2026-02-18,03:06:13,15.0,100.0,5.0,25.002,121.516
74DA38F21048,2026-02-18,03:06:20,21.12,100.0,30.0,22.595,120.341
74DA38F210F6,2026-02-18,03:06:21,22.75,100.0,0.0,22.757426,121.158891
74DA38F209B2,2026-02-18,03:06:22,21.12,100.0,0.0,22.363,120.599
74DA38F7C600,2026-02-18,03:06:23,21.25,56.0,4.0,25.07,121.586
74DA38F20BCA,2026-02-18,03:06:24,14.5,100.0,0.0,25.079,121.58
74DA38F7C3DC,2026-02-18,03:06:25,14.25,100.0,11.0,25.003,121.539
74DA38F7C610,2026-02-18,03:06:31,17.12,79.0,10.0,25.063,121.564
74DA38F209F8,2026-02-18,03:06:34,20.0,100.0,0.0,23.157,121.4
74DA38F7C562,2026-02-18,03:06:34,14.62,83.0,10.0,25.021,121.418
74DA38F7C260,2026-02-18,03:06:40,15.75,100.0,1.0,25.065,121.425
74DA38F7C47E,2026-02-18,03:06:41,16.75,100.0,13.0,25.053963,121.427681
74DA38F20D2E,2026-02-18,03:06:42,15.62,100.0,0.0,25.06,121.545
74DA38F7C3D6,2026-02-18,03:06:44,15.75,100.0,0.0,25.045,121.541
74DA38F7C47C,2026-02-18,03:06:50,16.12,94.0,0.0,25.055,121.455
74DA38F20AE6,2026-02-18,03:06:53,25.0,100.0,9.0,22.63,120.348
74DA38F20E9E,2026-02-18,03:06:58,15.0,100.0,7.0,24.648,121.151
74DA38F20DE0,2026-02-18,03:07:00,22.87,100.0,0.0,22.589,120.328
74DA38F20C26,2026-02-18,03:07:04,21.5,76.0,23.0,22.676,120.342
74DA38F7C514,2026-02-18,03:07:11,15.75,95.0,9.0,25.051,121.518
74DA38F7C5BE,2026-02-18,03:07:12,15.75,78.0,12.0,25.092,121.523
74DA38F20E34,2026-02-18,03:07:32,21.62,75.0,27.0,22.586,120.313
74DA38F20DD0,2026-02-18,03:07:35,21.5,100.0,0.0,22.6080258,120.3229833
74DA38F207DE,2026-02-18,03:07:43,22.62,100.0,35.0,22.603,120.34
74DA38F20B88,2026-02-18,03:07:43,21.62,100.0,1.0,22.75,120.316
74DA38F209A4,2026-02-18,03:07:50,23.0,100.0,0.0,22.702,120.572
74DA38F7C59C,2026-02-18,03:07:51,16.5,73.0,12.0,25.103,121.487
74DA38F209A8,2026-02-18,03:08:04,-4.0,0.0,3.0,22.401,120.577
74DA38F20D2A,2026-02-18,03:08:06,16.12,71.0,0.0,25.048,121.573
74DA38F7C29C,2026-02-18,03:08:08,16.25,100.0,9.0,25.02,121.416
74DA38F7C53C,2026-02-18,03:08:14,13.87,100.0,0.0,25.11,121.804
74DA38ED0454,2026-02-18,03:08:17,19.0,100.0,6.0,24.053,121.599
74DA38F209EE,2026-02-18,03:08:19,21.75,100.0,0.0,23.026,121.33
74DA38F7C30E,2026-02-18,03:08:20,15.25,100.0,7.0,24.949,121.382
74DA38F209DE,2026-02-18,03:08:21,15.37,100.0,3.0,24.861,120.964
74DA38F7C5A0,2026-02-18,03:08:21,15.75,89.0,0.0,25.107,121.518
74DA38ED06E0,2026-02-18,03:08:27,19.5,93.0,0.0,23.601,121.521
74DA38F20BE0,2026-02-18,03:08:33,22.87,100.0,0.0,22.73,120.346
74DA38F20B82,2026-02-18,03:08:36,-4.0,0.0,1.0,22.847,120.465
74DA38F7C3B2,2026-02-18,03:08:36,19.37,68.0,4.0,24.929,121.378
74DA38ED05EA,2026-02-18,03:08:38,18.25,100.0,1.0,23.394,121.357
74DA38ED0630,2026-02-18,03:08:39,18.5,100.0,0.0,23.994,121.594
74DA38F7C3BA,2026-02-18,03:08:51,118.87,46.0,104.0,25.174,121.441
74DA38F20EB2,2026-02-18,03:08:54,12.25,100.0,10.0,24.324,120.835
74DA38F2104E,2026-02-18,03:08:56,25.37,94.0,28.0,23.108,120.7
74DA38F210A2,2026-02-18,03:08:57,16.37,100.0,2.0,25.12,121.466
74DA38F7C3DE,2026-02-18,03:08:57,16.0,100.0,299.0,24.972,121.537
74DA38F20D6C,2026-02-18,03:09:01,20.62,79.0,0.0,22.661,120.301
74DA38F7C40C,2026-02-18,03:09:06,14.37,100.0,0.0,24.995,121.52
74DA38F21088,2026-02-18,03:09:07,15.37,100.0,0.0,25.068,121.588
74DA38F7C5CE,2026-02-18,03:09:10,14.5,93.0,0.0,25.066,121.656
74DA38F20AAA,2026-02-18,03:09:20,14.12,100.0,6.0,24.6,120.999
74DA38F210E4,2026-02-18,03:09:20,21.0,100.0,17.0,23.24,120.696
74DA38ED04F2,2026-02-18,03:09:22,18.75,100.0,2.0,23.468,121.496
74DA38F20AA4,2026-02-18,03:09:36,25.37,90.0,23.0,22.685,120.492
74DA38F7C560,2026-02-18,03:09:55,13.87,100.0,0.0,25.079,121.671
74DA38F7C616,2026-02-18,03:09:55,15.37,100.0,0.0,25.031,121.563
74DA38F21204,2026-02-18,03:10:03,22.37,100.0,0.0,25.062,121.451
74DA38F20A30,2026-02-18,03:10:04,15.25,86.0,0.0,24.948,121.372
74DA38F208E2,2026-02-18,03:10:06,16.37,100.0,6.0,24.688,121.766
74DA38F2113E,2026-02-18,03:10:10,-4.0,0.0,4.0,22.728,120.313
74DA38F7C5E6,2026-02-18,03:10:14,16.37,100.0,4.0,25.107,121.843
74DA38F7C63C,2026-02-18,03:10:15,85.25,100.0,5.0,24.998,121.425
74DA38ED059C,2026-02-18,03:10:19,16.62,100.0,11.0,23.706,121.412
74DA38F20D16,2026-02-18,03:10:20,16.12,100.0,11.0,25.062,121.526
74DA38F20BD0,2026-02-18,03:10:21,-4.0,0.0,22.0,22.688,120.408
74DA38F7C30C,2026-02-18,03:10:24,15.0,98.0,0.0,24.975,121.532
74DA38F7C4DE,2026-02-18,03:10:27,16.75,100.0,0.0,25.09,121.462
74DA38F7C566,2026-02-18,03:10:31,16.62,100.0,0.0,25.051,121.448
74DA38ED0640,2026-02-18,03:10:41,18.37,100.0,1.0,23.154,121.266
74DA38F20976,2026-02-18,03:10:41,15.0,94.0,15.0,25.127,121.746
74DA38F20D1A,2026-02-18,03:10:43,15.37,85.0,0.0,25.078,121.541
74DA38F7C464,2026-02-18,03:10:52,14.37,40.0,0.0,25.006,121.413
74DA38F20902,2026-02-18,03:10:55,23.5,93.0,0.0,22.204,120.7
74DA38F20DC0,2026-02-18,03:11:00,21.12,100.0,0.0,22.711,120.295
74DA38F7C41E,2026-02-18,03:11:01,16.37,74.0,8.0,25.054,121.517
74DA38ED05B6,2026-02-18,03:11:02,18.37,100.0,2.0,23.43,121.348
74DA38F20A78,2026-02-18,03:11:06,18.62,100.0,0.0,22.904,121.124
74DA38F21024,2026-02-18,03:11:09,16.12,100.0,0.0,24.93,121.036
74DA38F21136,2026-02-18,03:11:10,15.62,99.0,8.0,25.119,121.505
74DA38F7C39A,2026-02-18,03:11:12,15.5,100.0,0.0,25.002,121.414
74DA38F20D4C,2026-02-18,03:11:16,21.5,100.0,0.0,22.971,121.303
74DA38F20E6E,2026-02-18,03:11:17,13.25,89.0,0.0,24.41,120.902
74DA38F20C22,2026-02-18,03:11:39,21.87,100.0,1.0,22.729,120.357
74DA38F2118E,2026-02-18,03:11:41,13.62,100.0,47.0,26.148,119.935
74DA38F20F0A,2026-02-18,03:11:47,24.0,100.0,18.0,22.995,120.635
74DA38F7C4CC,2026-02-18,03:11:48,15.25,100.0,6.0,25.062,121.451
74DA38F20BE4,2026-02-18,03:11:50,14.75,100.0,18.0,24.791,120.957
74DA38F7C37C,2026-02-18,03:12:05,12.5,100.0,0.0,25.111,121.856
74DA38F20D70,2026-02-18,03:12:10,18.37,100.0,0.0,23.05,121.164
74DA38F7C524,2026-02-18,03:12:15,13.5,100.0,29.0,25.002,121.552
74DA38F21054,2026-02-18,03:12:18,24.75,63.0,20.0,22.898,120.627
74DA38F7C31C,2026-02-18,03:12:19,15.12,100.0,0.0,24.93,121.372
74DA38F7C366,2026-02-18,03:12:20,14.5,100.0,5.0,25.002,121.516
74DA38F7C570,2026-02-18,03:12:25,13.87,100.0,0.0,25.239,121.63
74DA38F210F6,2026-02-18,03:12:26,22.75,100.0,0.0,22.757426,121.158891
74DA38F7C600,2026-02-18,03:12:29,21.0,60.0,4.0,25.07,121.586
74DA38F7C3DC,2026-02-18,03:12:31,14.25,100.0,11.0,25.003,121.539
74DA38F20B80,2026-02-18,03:12:34,21.62,100.0,3.0,22.599,120.35
74DA38F7C610,2026-02-18,03:12:37,17.12,79.0,9.0,25.063,121.564
74DA38F7C562,2026-02-18,03:12:46,14.37,84.0,10.0,25.021,121.418
74DA38F7C47E,2026-02-18,03:12:48,16.62,100.0,12.0,25.053963,121.427681
74DA38F209B2,2026-02-18,03:12:50,21.37,100.0,0.0,22.363,120.599
74DA38F21048,2026-02-18,03:12:51,21.5,100.0,30.0,22.595,120.341
74DA38F7C338,2026-02-18,03:12:56,18.12,90.0,7.0,25.011,121.458
74DA38F20AE6,2026-02-18,03:12:59,25.0,100.0,10.0,22.63,120.348
74DA38F7C47C,2026-02-18,03:12:59,15.87,95.0,0.0,25.055,121.455
74DA38F20BCA,2026-02-18,03:13:00,14.5,100.0,0.0,25.079,121.58
74DA38F209F8,2026-02-18,03:13:02,19.75,100.0,0.0,23.157,121.4
74DA38F20E9E,2026-02-18,03:13:04,15.12,100.0,8.0,24.648,121.151
74DA38F7C260,2026-02-18,03:13:08,15.87,100.0,0.0,25.065,121.425
74DA38F20D2E,2026-02-18,03:13:10,15.75,100.0,0.0,25.06,121.545
74DA38F7C3D6,2026-02-18,03:13:12,15.62,100.0,0.0,25.045,121.541
74DA38F20C26,2026-02-18,03:13:14,21.75,76.0,24.0,22.676,120.342
74DA38F7C514,2026-02-18,03:13:18,15.75,96.0,9.0,25.051,121.518
74DA38F7C5BE,2026-02-18,03:13:20,15.75,79.0,12.0,25.092,121.523
74DA38F20DE0,2026-02-18,03:13:29,23.12,100.0,0.0,22.589,120.328
74DA38F20E34,2026-02-18,03:13:45,21.75,75.0,25.0,22.586,120.313
74DA38F7C59C,2026-02-18,03:13:59,16.25,72.0,12.0,25.103,121.487
74DA38F207DE,2026-02-18,03:14:04,22.5,100.0,35.0,22.603,120.34
74DA38F20DD0,2026-02-18,03:14:05,21.87,100.0,2.0,22.6080258,120.3229833
74DA38F20B88,2026-02-18,03:14:13,21.75,100.0,1.0,22.75,120.316
74DA38F20B5C,2026-02-18,03:14:14,-4.0,0.0,27.0,22.798,120.293
74DA38F7C29C,2026-02-18,03:14:15,16.25,100.0,9.0,25.02,121.416
74DA38F209A4,2026-02-18,03:14:18,23.12,100.0,0.0,22.702,120.572
74DA38F209EE,2026-02-18,03:14:25,21.75,100.0,0.0,23.026,121.33
74DA38F7C30E,2026-02-18,03:14:27,15.25,100.0,8.0,24.949,121.382
74DA38ED06E0,2026-02-18,03:14:33,19.5,92.0,0.0,23.601,121.521
74DA38F20D2A,2026-02-18,03:14:35,16.0,71.0,0.0,25.048,121.573
74DA38ED05EA,2026-02-18,03:14:43,18.25,100.0,1.0,23.394,121.357
74DA38F7C3B2,2026-02-18,03:14:43,19.37,68.0,4.0,24.929,121.378
74DA38F7C53C,2026-02-18,03:14:43,13.87,100.0,0.0,25.11,121.804
74DA38F209DE,2026-02-18,03:14:49,15.37,100.0,1.0,24.861,120.964
74DA38F7C5A0,2026-02-18,03:14:50,15.75,89.0,0.0,25.107,121.518
74DA38F7C3DE,2026-02-18,03:14:52,16.0,100.0,286.0,24.972,121.537
74DA38F7C3BA,2026-02-18,03:14:55,118.87,46.0,108.0,25.174,121.441
74DA38F20BE0,2026-02-18,03:15:02,23.0,100.0,0.0,22.73,120.346
74DA38F20EB2,2026-02-18,03:15:02,12.25,100.0,10.0,24.324,120.835
74DA38F210A2,2026-02-18,03:15:02,16.25,100.0,2.0,25.12,121.466
74DA38F2104E,2026-02-18,03:15:04,25.12,94.0,27.0,23.108,120.7
74DA38ED0630,2026-02-18,03:15:07,18.37,100.0,0.0,23.994,121.594
74DA38F7C40C,2026-02-18,03:15:14,14.25,100.0,0.0,24.995,121.52
74DA38F20AAA,2026-02-18,03:15:28,14.12,100.0,6.0,24.6,120.999
74DA38F20D6C,2026-02-18,03:15:28,20.75,79.0,0.0,22.661,120.301
74DA38F210E4,2026-02-18,03:15:29,21.0,100.0,17.0,23.24,120.696
74DA38ED04F2,2026-02-18,03:15:31,18.87,100.0,1.0,23.468,121.496
74DA38F21088,2026-02-18,03:15:36,15.12,100.0,0.0,25.068,121.588
74DA38F7C5CE,2026-02-18,03:15:38,14.5,92.0,0.0,25.066,121.656
74DA38F20AA4,2026-02-18,03:15:45,25.37,89.0,21.0,22.685,120.492
74DA38F7C616,2026-02-18,03:16:04,15.5,100.0,0.0,25.031,121.563
74DA38F21204,2026-02-18,03:16:10,22.25,100.0,0.0,25.062,121.451
74DA38F208E2,2026-02-18,03:16:11,16.37,100.0,6.0,24.688,121.766
74DA38F20B26,2026-02-18,03:16:11,23.37,100.0,22.0,22.783,120.247
74DA38F20D1E,2026-02-18,03:16:17,15.37,100.0,14.0,25.048,121.573
74DA38F7C5E6,2026-02-18,03:16:20,16.37,100.0,4.0,25.107,121.843
74DA38F7C63C,2026-02-18,03:16:22,85.25,100.0,5.0,24.998,121.425
74DA38F7C560,2026-02-18,03:16:24,14.0,100.0,0.0,25.079,121.671
74DA38ED059C,2026-02-18,03:16:26,16.25,100.0,7.0,23.706,121.412
74DA38F20D16,2026-02-18,03:16:27,16.0,100.0,12.0,25.062,121.526
74DA38F20A30,2026-02-18,03:16:32,15.25,86.0,0.0,24.948,121.372
74DA38F7C30C,2026-02-18,03:16:32,14.87,98.0,0.0,24.975,121.532
74DA38ED0640,2026-02-18,03:16:49,18.5,100.0,1.0,23.154,121.266
74DA38F20976,2026-02-18,03:16:49,15.12,94.0,14.0,25.127,121.746
74DA38F7C566,2026-02-18,03:16:59,16.62,100.0,0.0,25.051,121.448
74DA38F20902,2026-02-18,03:17:01,23.62,93.0,0.0,22.204,120.7
74DA38ED05B6,2026-02-18,03:17:07,18.37,100.0,2.0,23.43,121.348
74DA38F7C41E,2026-02-18,03:17:11,16.37,74.0,8.0,25.054,121.517
74DA38F20A78,2026-02-18,03:17:12,18.87,100.0,0.0,22.904,121.124
74DA38F20D1A,2026-02-18,03:17:13,15.37,85.0,0.0,25.078,121.541
74DA38F21136,2026-02-18,03:17:17,15.5,99.0,7.0,25.119,121.505
74DA38F20E6E,2026-02-18,03:17:18,13.37,89.0,0.0,24.41,120.902
74DA38F7C464,2026-02-18,03:17:24,14.25,45.0,0.0,25.006,121.413
74DA38F20DC0,2026-02-18,03:17:30,21.25,100.0,2.0,22.711,120.295
74DA38F21024,2026-02-18,03:17:37,16.12,100.0,0.0,24.93,121.036
74DA38F7C39A,2026-02-18,03:17:42,15.5,100.0,0.0,25.002,121.414
74DA38F209A8,2026-02-18,03:17:43,-4.0,0.0,3.0,22.401,120.577
74DA38F20D4C,2026-02-18,03:17:46,21.75,100.0,0.0,22.971,121.303
74DA38F2113E,2026-02-18,03:17:46,-4.0,0.0,5.0,22.728,120.313
74DA38F7C4CC,2026-02-18,03:17:55,15.37,100.0,6.0,25.062,121.451
74DA38F20F0A,2026-02-18,03:17:56,23.62,100.0,18.0,22.995,120.635
74DA38F20BE4,2026-02-18,03:17:58,14.75,100.0,20.0,24.791,120.957
74DA38F20B82,2026-02-18,03:18:08,-4.0,0.0,1.0,22.847,120.465
74DA38F20C22,2026-02-18,03:18:08,22.0,100.0,1.0,22.729,120.357
74DA38F20D70,2026-02-18,03:18:15,18.37,100.0,0.0,23.05,121.164
74DA38F2118E,2026-02-18,03:18:15,13.62,100.0,47.0,26.148,119.935
74DA38F21054,2026-02-18,03:18:23,24.62,63.0,18.0,22.898,120.627
74DA38F7C366,2026-02-18,03:18:26,14.75,100.0,5.0,25.002,121.516
74DA38F210F6,2026-02-18,03:18:31,22.75,100.0,0.0,22.757426,121.158891
74DA38F7C37C,2026-02-18,03:18:34,12.37,100.0,0.0,25.111,121.856
74DA38F7C600,2026-02-18,03:18:34,20.75,60.0,4.0,25.07,121.586
74DA38F7C3DC,2026-02-18,03:18:37,14.12,100.0,11.0,25.003,121.539
74DA38F7C610,2026-02-18,03:18:44,17.12,79.0,10.0,25.063,121.564
74DA38F7C524,2026-02-18,03:18:46,13.5,100.0,30.0,25.002,121.552
74DA38F7C31C,2026-02-18,03:18:47,15.12,100.0,0.0,24.93,121.372
74DA38F7C570,2026-02-18,03:18:53,13.87,100.0,0.0,25.239,121.63
74DA38F7C47E,2026-02-18,03:18:55,16.62,100.0,13.0,25.053963,121.427681
74DA38F20B80,2026-02-18,03:19:01,21.75,100.0,0.0,22.599,120.35
74DA38F7C562,2026-02-18,03:19:01,14.5,80.0,10.0,25.021,121.418
74DA38F20AE6,2026-02-18,03:19:04,25.0,100.0,10.0,22.63,120.348
74DA38F7C47C,2026-02-18,03:19:08,16.0,95.0,0.0,25.055,121.455
74DA38F20E9E,2026-02-18,03:19:10,15.12,100.0,9.0,24.648,121.151
74DA38F209B2,2026-02-18,03:19:16,21.5,100.0,0.0,22.363,120.599
74DA38F21048,2026-02-18,03:19:23,21.62,100.0,29.0,22.595,120.341
74DA38F20C26,2026-02-18,03:19:26,21.87,76.0,25.0,22.676,120.342
74DA38F7C514,2026-02-18,03:19:26,15.75,95.0,10.0,25.051,121.518
74DA38F7C5BE,2026-02-18,03:19:28,15.75,79.0,12.0,25.092,121.523
74DA38F209F8,2026-02-18,03:19:29,19.87,100.0,0.0,23.157,121.4
74DA38F20BCA,2026-02-18,03:19:30,14.75,100.0,0.0,25.079,121.58
74DA38F20D2E,2026-02-18,03:19:39,15.75,100.0,0.0,25.06,121.545
74DA38F7C3D6,2026-02-18,03:19:42,15.75,100.0,0.0,25.045,121.541
74DA38F7C260,2026-02-18,03:19:45,15.75,100.0,0.0,25.065,121.425
74DA38F20E34,2026-02-18,03:19:55,21.87,75.0,24.0,22.586,120.313
74DA38F20DE0,2026-02-18,03:19:58,23.25,100.0,0.0,22.589,120.328
74DA38F7C59C,2026-02-18,03:20:05,16.0,73.0,11.0,25.103,121.487
74DA38F207DE,2026-02-18,03:20:17,22.5,100.0,34.0,22.603,120.34
74DA38F7C29C,2026-02-18,03:20:21,16.25,100.0,9.0,25.02,121.416
74DA38F209EE,2026-02-18,03:20:30,21.87,100.0,0.0,23.026,121.33
74DA38F7C30E,2026-02-18,03:20:34,15.25,100.0,7.0,24.949,121.382
74DA38ED06E0,2026-02-18,03:20:40,19.5,91.0,0.0,23.601,121.521
74DA38F20B88,2026-02-18,03:20:41,22.0,100.0,0.0,22.75,120.316
74DA38F20DD0,2026-02-18,03:20:43,22.12,100.0,3.0,22.6080258,120.3229833
74DA38F209A4,2026-02-18,03:20:46,23.25,100.0,0.0,22.702,120.572
74DA38ED0454,2026-02-18,03:20:48,19.25,100.0,7.0,24.053,121.599
74DA38F7C3DE,2026-02-18,03:20:48,16.0,100.0,298.0,24.972,121.537
74DA38ED05EA,2026-02-18,03:20:50,18.25,100.0,1.0,23.394,121.357
74DA38F7C3B2,2026-02-18,03:20:50,19.37,68.0,5.0,24.929,121.378
74DA38F20BD0,2026-02-18,03:20:53,-4.0,0.0,21.0,22.688,120.408
74DA38F7C3BA,2026-02-18,03:20:56,118.87,46.0,103.0,25.174,121.441
74DA38F20D2A,2026-02-18,03:21:03,15.87,71.0,0.0,25.048,121.573
74DA38F20EB2,2026-02-18,03:21:09,12.37,100.0,11.0,24.324,120.835
74DA38F210A2,2026-02-18,03:21:11,16.37,100.0,2.0,25.12,121.466
74DA38F7C53C,2026-02-18,03:21:11,13.87,100.0,0.0,25.11,121.804
74DA38F2104E,2026-02-18,03:21:13,25.25,94.0,27.0,23.108,120.7
74DA38F209DE,2026-02-18,03:21:16,15.5,100.0,1.0,24.861,120.964
74DA38F7C5A0,2026-02-18,03:21:18,15.75,89.0,0.0,25.107,121.518
74DA38F7C40C,2026-02-18,03:21:21,14.25,100.0,0.0,24.995,121.52
74DA38F20BE0,2026-02-18,03:21:30,23.12,100.0,0.0,22.73,120.346
74DA38F20AAA,2026-02-18,03:21:33,14.25,100.0,6.0,24.6,120.999
74DA38ED0630,2026-02-18,03:21:35,18.5,100.0,0.0,23.994,121.594
74DA38F210E4,2026-02-18,03:21:40,21.25,100.0,14.0,23.24,120.696
74DA38ED04F2,2026-02-18,03:21:42,18.87,100.0,1.0,23.468,121.496
74DA38F20AA4,2026-02-18,03:21:52,25.5,89.0,19.0,22.685,120.492
74DA38F20D6C,2026-02-18,03:21:55,20.87,80.0,0.0,22.661,120.301
74DA38F7C5CE,2026-02-18,03:22:05,14.62,92.0,0.0,25.066,121.656
74DA38F21088,2026-02-18,03:22:06,15.25,100.0,0.0,25.068,121.588
74DA38F7C616,2026-02-18,03:22:11,15.37,100.0,0.0,25.031,121.563
74DA38F21204,2026-02-18,03:22:15,22.25,100.0,0.0,25.062,121.451
74DA38F208E2,2026-02-18,03:22:17,16.37,100.0,6.0,24.688,121.766
74DA38F20D1E,2026-02-18,03:22:25,15.12,100.0,14.0,25.048,121.573
74DA38F20B26,2026-02-18,03:22:26,23.37,100.0,22.0,22.783,120.247
74DA38F7C5E6,2026-02-18,03:22:28,16.37,100.0,5.0,25.107,121.843
74DA38F7C63C,2026-02-18,03:22:30,85.25,100.0,6.0,24.998,121.425
74DA38ED059C,2026-02-18,03:22:34,16.12,100.0,9.0,23.706,121.412
74DA38F20D16,2026-02-18,03:22:34,16.25,100.0,12.0,25.062,121.526
74DA38F7C30C,2026-02-18,03:22:45,15.0,98.0,0.0,24.975,121.532
74DA38F7C560,2026-02-18,03:22:52,14.0,100.0,0.0,25.079,121.671
74DA38ED0640,2026-02-18,03:22:55,18.37,100.0,1.0,23.154,121.266
74DA38F20976,2026-02-18,03:22:56,15.0,91.0,15.0,25.127,121.746
74DA38F20A30,2026-02-18,03:23:03,15.25,86.0,0.0,24.948,121.372
74DA38F20902,2026-02-18,03:23:07,23.62,93.0,0.0,22.204,120.7
74DA38ED05B6,2026-02-18,03:23:13,18.5,100.0,2.0,23.43,121.348
74DA38F7C4DE,2026-02-18,03:23:15,16.87,100.0,0.0,25.09,121.462
74DA38F7C41E,2026-02-18,03:23:17,16.5,74.0,8.0,25.054,121.517
74DA38F20A78,2026-02-18,03:23:20,19.12,100.0,0.0,22.904,121.124
74DA38F20E6E,2026-02-18,03:23:20,13.37,88.0,0.0,24.41,120.902
74DA38F21136,2026-02-18,03:23:24,15.5,99.0,7.0,25.119,121.505
74DA38F7C566,2026-02-18,03:23:27,16.75,100.0,0.0,25.051,121.448
74DA38F20D1A,2026-02-18,03:23:42,15.25,84.0,0.0,25.078,121.541
74DA38F20B5C,2026-02-18,03:23:44,-4.0,0.0,28.0,22.798,120.293
74DA38F7C464,2026-02-18,03:23:52,14.12,39.0,0.0,25.006,121.413
74DA38F20DC0,2026-02-18,03:23:59,21.12,100.0,3.0,22.711,120.295
74DA38F7C4CC,2026-02-18,03:24:02,15.37,100.0,7.0,25.062,121.451
74DA38F20F0A,2026-02-18,03:24:04,23.87,100.0,17.0,22.995,120.635
74DA38F20BE4,2026-02-18,03:24:06,14.87,100.0,21.0,24.791,120.957
74DA38F21024,2026-02-18,03:24:06,16.12,100.0,0.0,24.93,121.036
74DA38F7C39A,2026-02-18,03:24:12,15.37,100.0,0.0,25.002,121.414
74DA38F20D4C,2026-02-18,03:24:14,21.75,100.0,0.0,22.971,121.303
74DA38F20D70,2026-02-18,03:24:21,18.37,100.0,0.0,23.05,121.164
74DA38F21054,2026-02-18,03:24:30,24.75,63.0,19.0,22.898,120.627
74DA38F7C366,2026-02-18,03:24:33,14.62,100.0,6.0,25.002,121.516
74DA38F20C22,2026-02-18,03:24:36,22.12,100.0,0.0,22.729,120.357
74DA38F210F6,2026-02-18,03:24:37,22.87,100.0,0.0,22.757426,121.158891
74DA38F7C600,2026-02-18,03:24:40,20.62,60.0,4.0,25.07,121.586
74DA38F7C3DC,2026-02-18,03:24:44,14.12,100.0,12.0,25.003,121.539
74DA38F2118E,2026-02-18,03:24:50,13.37,100.0,48.0,26.148,119.935
74DA38F7C610,2026-02-18,03:24:50,17.12,79.0,10.0,25.063,121.564
74DA38F7C47E,2026-02-18,03:25:01,16.62,100.0,14.0,25.053963,121.427681
74DA38F7C37C,2026-02-18,03:25:02,12.5,100.0,0.0,25.111,121.856
74DA38F2113E,2026-02-18,03:25:05,-4.0,0.0,6.0,22.728,120.313
74DA38F20AE6,2026-02-18,03:25:10,25.0,100.0,9.0,22.63,120.348
74DA38F7C47C,2026-02-18,03:25:16,16.0,95.0,0.0,25.055,121.455
74DA38F7C562,2026-02-18,03:25:16,14.62,68.0,11.0,25.021,121.418
74DA38F20E9E,2026-02-18,03:25:17,15.12,100.0,10.0,24.648,121.151
74DA38F7C31C,2026-02-18,03:25:19,15.12,100.0,0.0,24.93,121.372
74DA38F7C524,2026-02-18,03:25:20,13.5,100.0,32.0,25.002,121.552
74DA38F7C570,2026-02-18,03:25:21,13.87,100.0,0.0,25.239,121.63
74DA38F20B80,2026-02-18,03:25:28,21.87,100.0,0.0,22.599,120.35
74DA38F7C514,2026-02-18,03:25:33,15.5,96.0,10.0,25.051,121.518
74DA38F20C26,2026-02-18,03:25:35,22.0,75.0,23.0,22.676,120.342
74DA38F7C5BE,2026-02-18,03:25:35,15.87,78.0,13.0,25.092,121.523
74DA38F209B2,2026-02-18,03:25:44,21.37,100.0,0.0,22.363,120.599
74DA38F7C338,2026-02-18,03:25:47,18.12,90.0,8.0,25.011,121.458
74DA38F21048,2026-02-18,03:25:54,21.62,100.0,29.0,22.595,120.341
74DA38F209F8,2026-02-18,03:25:58,19.87,100.0,0.0,23.157,121.4
74DA38F20BCA,2026-02-18,03:26:05,14.75,100.0,0.0,25.079,121.58
74DA38F20E34,2026-02-18,03:26:05,21.87,75.0,23.0,22.586,120.313
74DA38F20D2E,2026-02-18,03:26:09,15.75,100.0,0.0,25.06,121.545
74DA38F7C3D6,2026-02-18,03:26:10,15.75,100.0,0.0,25.045,121.541
74DA38F7C59C,2026-02-18,03:26:10,15.87,73.0,11.0,25.103,121.487
74DA38F7C260,2026-02-18,03:26:16,15.75,100.0,0.0,25.065,121.425
74DA38F20DE0,2026-02-18,03:26:26,23.5,100.0,0.0,22.589,120.328
74DA38F7C29C,2026-02-18,03:26:27,16.25,100.0,9.0,25.02,121.416
74DA38F207DE,2026-02-18,03:26:28,22.75,100.0,32.0,22.603,120.34
74DA38F209EE,2026-02-18,03:26:37,22.0,100.0,0.0,23.026,121.33
74DA38F7C30E,2026-02-18,03:26:40,15.25,100.0,9.0,24.949,121.382
74DA38F7C3DE,2026-02-18,03:26:44,15.87,100.0,292.0,24.972,121.537
74DA38ED06E0,2026-02-18,03:26:47,19.5,91.0,0.0,23.601,121.521
74DA38F7C3BA,2026-02-18,03:26:55,118.87,46.0,106.0,25.174,121.441
74DA38F7C3B2,2026-02-18,03:26:56,19.37,67.0,4.0,24.929,121.378
74DA38ED05EA,2026-02-18,03:26:57,18.25,100.0,1.0,23.394,121.357
74DA38ED0454,2026-02-18,03:27:01,19.25,100.0,6.0,24.053,121.599
74DA38F20B88,2026-02-18,03:27:09,22.12,100.0,0.0,22.75,120.316
74DA38F209A4,2026-02-18,03:27:14,23.5,100.0,0.0,22.702,120.572
74DA38F20DD0,2026-02-18,03:27:17,22.37,100.0,1.0,22.6080258,120.3229833
74DA38F20EB2,2026-02-18,03:27:17,12.12,100.0,11.0,24.324,120.835
74DA38F210A2,2026-02-18,03:27:17,16.37,100.0,2.0,25.12,121.466
74DA38F209A8,2026-02-18,03:27:21,-4.0,0.0,2.0,22.401,120.577
74DA38F2104E,2026-02-18,03:27:21,25.12,94.0,27.0,23.108,120.7
74DA38F7C40C,2026-02-18,03:27:28,14.37,100.0,0.0,24.995,121.52
74DA38F20D2A,2026-02-18,03:27:32,15.75,72.0,0.0,25.048,121.573
74DA38F7C53C,2026-02-18,03:27:38,14.0,100.0,0.0,25.11,121.804
74DA38F20AAA,2026-02-18,03:27:39,14.25,100.0,5.0,24.6,120.999
74DA38F20B82,2026-02-18,03:27:41,-4.0,0.0,1.0,22.847,120.465
74DA38F209DE,2026-02-18,03:27:45,15.62,100.0,0.0,24.861,120.964
74DA38F210E4,2026-02-18,03:27:47,21.37,100.0,12.0,23.24,120.696
74DA38F7C5A0,2026-02-18,03:27:47,15.75,89.0,0.0,25.107,121.518
74DA38ED04F2,2026-02-18,03:27:52,19.0,100.0,1.0,23.468,121.496
74DA38F20BE0,2026-02-18,03:27:58,23.37,100.0,0.0,22.73,120.346
74DA38F20AA4,2026-02-18,03:27:59,25.75,89.0,18.0,22.685,120.492
74DA38ED0630,2026-02-18,03:28:03,18.5,100.0,0.0,23.994,121.594
74DA38F7C616,2026-02-18,03:28:19,15.37,100.0,0.0,25.031,121.563
74DA38F208E2,2026-02-18,03:28:23,16.37,100.0,7.0,24.688,121.766
74DA38F20D6C,2026-02-18,03:28:23,20.87,80.0,0.0,22.661,120.301
74DA38F21204,2026-02-18,03:28:24,22.12,100.0,0.0,25.062,121.451
74DA38F7C5CE,2026-02-18,03:28:33,14.62,92.0,0.0,25.066,121.656
74DA38F21088,2026-02-18,03:28:34,15.25,100.0,0.0,25.068,121.588
74DA38F7C5E6,2026-02-18,03:28:34,16.37,100.0,5.0,25.107,121.843
74DA38F20B26,2026-02-18,03:28:36,23.37,100.0,21.0,22.783,120.247
74DA38F7C63C,2026-02-18,03:28:37,85.25,100.0,6.0,24.998,121.425
74DA38F20D1E,2026-02-18,03:28:38,15.25,100.0,15.0,25.048,121.573
74DA38F20D16,2026-02-18,03:28:40,16.12,100.0,12.0,25.062,121.526
74DA38ED059C,2026-02-18,03:28:41,16.0,100.0,7.0,23.706,121.412
74DA38ED0640,2026-02-18,03:29:01,18.37,100.0,1.0,23.154,121.266
74DA38F20976,2026-02-18,03:29:03,15.12,92.0,14.0,25.127,121.746
74DA38F20902,2026-02-18,03:29:16,23.62,93.0,0.0,22.204,120.7
74DA38F20E6E,2026-02-18,03:29:21,13.5,88.0,0.0,24.41,120.902
74DA38F7C560,2026-02-18,03:29:21,14.12,100.0,0.0,25.079,121.671
74DA38ED05B6,2026-02-18,03:29:22,18.5,100.0,3.0,23.43,121.348
74DA38F7C4DE,2026-02-18,03:29:24,16.87,100.0,0.0,25.09,121.462
74DA38F7C41E,2026-02-18,03:29:25,16.37,74.0,9.0,25.054,121.517
74DA38F20A78,2026-02-18,03:29:26,19.5,100.0,0.0,22.904,121.124
74DA38F21136,2026-02-18,03:29:29,15.25,99.0,6.0,25.119,121.505
74DA38F20A30,2026-02-18,03:29:32,15.12,86.0,0.0,24.948,121.372
74DA38F7C566,2026-02-18,03:29:55,16.75,100.0,0.0,25.051,121.448
74DA38F7C4CC,2026-02-18,03:30:09,15.37,100.0,6.0,25.062,121.451
74DA38F20D1A,2026-02-18,03:30:10,15.37,84.0,0.0,25.078,121.541
74DA38F20BE4,2026-02-18,03:30:12,14.87,100.0,22.0,24.791,120.957
74DA38F20F0A,2026-02-18,03:30:13,24.0,100.0,18.0,22.995,120.635
74DA38F7C464,2026-02-18,03:30:21,14.12,40.0,0.0,25.006,121.413
74DA38F20D70,2026-02-18,03:30:26,18.62,100.0,0.0,23.05,121.164
74DA38F21024,2026-02-18,03:30:33,16.12,100.0,0.0,24.93,121.036
74DA38F21054,2026-02-18,03:30:37,24.75,63.0,19.0,22.898,120.627
74DA38F7C366,2026-02-18,03:30:40,14.87,100.0,5.0,25.002,121.516
74DA38F20D4C,2026-02-18,03:30:41,21.87,100.0,0.0,22.971,121.303
74DA38F20DC0,2026-02-18,03:30:41,21.12,100.0,2.0,22.711,120.295
74DA38F7C39A,2026-02-18,03:30:41,15.5,100.0,0.0,25.002,121.414
74DA38F210F6,2026-02-18,03:30:42,23.0,100.0,0.0,22.757426,121.158891
74DA38F7C600,2026-02-18,03:30:45,20.62,60.0,4.0,25.07,121.586
74DA38F7C3DC,2026-02-18,03:30:52,14.12,100.0,11.0,25.003,121.539
74DA38F7C610,2026-02-18,03:30:57,17.12,79.0,9.0,25.063,121.564
74DA38F20C22,2026-02-18,03:31:05,22.25,100.0,1.0,22.729,120.357
74DA38F7C47E,2026-02-18,03:31:07,16.5,100.0,14.0,25.053963,121.427681
74DA38F20AE6,2026-02-18,03:31:17,25.0,100.0,10.0,22.63,120.348
74DA38F20E9E,2026-02-18,03:31:22,15.0,100.0,8.0,24.648,121.151
74DA38F2118E,2026-02-18,03:31:25,13.5,100.0,48.0,26.148,119.935
74DA38F7C47C,2026-02-18,03:31:25,16.12,94.0,0.0,25.055,121.455
74DA38F7C37C,2026-02-18,03:31:30,12.62,100.0,0.0,25.111,121.856
74DA38F20BD0,2026-02-18,03:31:31,-4.0,0.0,22.0,22.688,120.408
74DA38F7C562,2026-02-18,03:31:37,14.75,51.0,10.0,25.021,121.418
74DA38F7C514,2026-02-18,03:31:40,15.75,96.0,9.0,25.051,121.518
74DA38F7C5BE,2026-02-18,03:31:43,15.87,78.0,13.0,25.092,121.523
74DA38F20C26,2026-02-18,03:31:45,22.0,75.0,24.0,22.676,120.342
74DA38F7C31C,2026-02-18,03:31:49,15.12,100.0,0.0,24.93,121.372
74DA38F7C524,2026-02-18,03:31:50,13.37,100.0,32.0,25.002,121.552
74DA38F7C570,2026-02-18,03:31:51,13.75,100.0,0.0,25.239,121.63
74DA38F20B80,2026-02-18,03:31:55,21.75,100.0,0.0,22.599,120.35
74DA38F209B2,2026-02-18,03:32:14,21.37,100.0,1.0,22.363,120.599
74DA38F20E34,2026-02-18,03:32:15,22.0,75.0,23.0,22.586,120.313
74DA38F7C59C,2026-02-18,03:32:16,15.75,73.0,11.0,25.103,121.487
74DA38F2113E,2026-02-18,03:32:21,-4.0,0.0,5.0,22.728,120.313
74DA38F209F8,2026-02-18,03:32:26,19.62,100.0,0.0,23.157,121.4
74DA38F21048,2026-02-18,03:32:27,21.62,100.0,29.0,22.595,120.341
74DA38F7C29C,2026-02-18,03:32:32,16.37,100.0,9.0,25.02,121.416
74DA38F20BCA,2026-02-18,03:32:35,14.75,100.0,0.0,25.079,121.58
74DA38F20D2E,2026-02-18,03:32:37,15.75,100.0,0.0,25.06,121.545
74DA38F7C3D6,2026-02-18,03:32:38,15.87,100.0,0.0,25.045,121.541
74DA38F7C3DE,2026-02-18,03:32:40,16.0,100.0,292.0,24.972,121.537
74DA38F209EE,2026-02-18,03:32:43,22.0,100.0,0.0,23.026,121.33
74DA38F207DE,2026-02-18,03:32:46,22.75,100.0,33.0,22.603,120.34
74DA38F7C30E,2026-02-18,03:32:46,15.25,100.0,8.0,24.949,121.382
74DA38F7C260,2026-02-18,03:32:47,15.75,100.0,0.0,25.065,121.425
74DA38ED06E0,2026-02-18,03:32:53,19.37,91.0,0.0,23.601,121.521
74DA38F20DE0,2026-02-18,03:32:55,23.37,100.0,0.0,22.589,120.328
74DA38F7C3BA,2026-02-18,03:32:57,118.87,46.0,108.0,25.174,121.441
74DA38ED05EA,2026-02-18,03:33:03,18.25,100.0,1.0,23.394,121.357
74DA38F7C3B2,2026-02-18,03:33:03,19.37,67.0,5.0,24.929,121.378
74DA38F20B5C,2026-02-18,03:33:13,-4.0,0.0,28.0,22.798,120.293
74DA38F210A2,2026-02-18,03:33:22,16.37,100.0,2.0,25.12,121.466
74DA38F20EB2,2026-02-18,03:33:24,12.5,100.0,10.0,24.324,120.835
74DA38F2104E,2026-02-18,03:33:31,25.12,94.0,28.0,23.108,120.7
74DA38F7C40C,2026-02-18,03:33:36,14.37,100.0,0.0,24.995,121.52
74DA38F20B88,2026-02-18,03:33:38,22.12,100.0,0.0,22.75,120.316
74DA38F209A4,2026-02-18,03:33:44,23.62,100.0,0.0,22.702,120.572
74DA38F20AAA,2026-02-18,03:33:46,14.25,100.0,5.0,24.6,120.999
74DA38F20DD0,2026-02-18,03:33:48,22.37,100.0,2.0,22.6080258,120.3229833
74DA38F210E4,2026-02-18,03:33:54,21.5,100.0,13.0,23.24,120.696
74DA38ED04F2,2026-02-18,03:34:02,19.0,100.0,2.0,23.468,121.496
74DA38F20D2A,2026-02-18,03:34:03,15.87,72.0,0.0,25.048,121.573
74DA38F7C53C,2026-02-18,03:34:06,14.0,100.0,0.0,25.11,121.804
74DA38F20AA4,2026-02-18,03:34:07,25.75,89.0,18.0,22.685,120.492
74DA38F209DE,2026-02-18,03:34:14,15.62,100.0,4.0,24.861,120.964
74DA38F7C5A0,2026-02-18,03:34:16,15.62,89.0,0.0,25.107,121.518
74DA38F7C616,2026-02-18,03:34:25,15.5,100.0,0.0,25.031,121.563
74DA38F20BE0,2026-02-18,03:34:26,23.37,100.0,0.0,22.73,120.346
74DA38F208E2,2026-02-18,03:34:29,16.5,100.0,8.0,24.688,121.766
74DA38F21204,2026-02-18,03:34:30,22.0,100.0,0.0,25.062,121.451
74DA38ED0630,2026-02-18,03:34:31,18.5,100.0,0.0,23.994,121.594
74DA38F7C5E6,2026-02-18,03:34:41,16.37,100.0,5.0,25.107,121.843
74DA38F7C63C,2026-02-18,03:34:43,85.25,100.0,5.0,24.998,121.425
74DA38F20B26,2026-02-18,03:34:44,23.37,100.0,21.0,22.783,120.247
74DA38F20D16,2026-02-18,03:34:46,16.0,100.0,11.0,25.062,121.526
74DA38ED059C,2026-02-18,03:34:47,16.25,100.0,6.0,23.706,121.412
74DA38F20D6C,2026-02-18,03:34:49,20.87,80.0,0.0,22.661,120.301
74DA38F20D1E,2026-02-18,03:34:52,15.25,100.0,15.0,25.048,121.573
74DA38F7C5CE,2026-02-18,03:35:01,14.62,93.0,0.0,25.066,121.656
74DA38F21088,2026-02-18,03:35:03,15.25,100.0,0.0,25.068,121.588
74DA38ED0640,2026-02-18,03:35:07,18.25,100.0,1.0,23.154,121.266
74DA38F20976,2026-02-18,03:35:11,15.12,93.0,14.0,25.127,121.746
74DA38F7C30C,2026-02-18,03:35:17,15.0,99.0,0.0,24.975,121.532
74DA38F20902,2026-02-18,03:35:23,23.75,92.0,0.0,22.204,120.7
74DA38F20E6E,2026-02-18,03:35:23,13.75,87.0,0.0,24.41,120.902
74DA38ED05B6,2026-02-18,03:35:28,18.37,100.0,2.0,23.43,121.348
74DA38F7C41E,2026-02-18,03:35:32,16.37,74.0,9.0,25.054,121.517
74DA38F20A78,2026-02-18,03:35:33,19.37,100.0,0.0,22.904,121.124
74DA38F21136,2026-02-18,03:35:35,15.12,99.0,6.0,25.119,121.505
74DA38F7C560,2026-02-18,03:35:50,14.25,100.0,0.0,25.079,121.671
74DA38F7C4DE,2026-02-18,03:35:59,16.87,100.0,0.0,25.09,121.462
74DA38F20A30,2026-02-18,03:36:00,15.12,86.0,0.0,24.948,121.372
74DA38F7C4CC,2026-02-18,03:36:17,15.37,100.0,6.0,25.062,121.451
74DA38F20BE4,2026-02-18,03:36:19,14.87,100.0,23.0,24.791,120.957
74DA38F20F0A,2026-02-18,03:36:20,24.12,100.0,17.0,22.995,120.635
74DA38F7C566,2026-02-18,03:36:23,16.75,100.0,0.0,25.051,121.448
74DA38F20D70,2026-02-18,03:36:31,18.62,100.0,0.0,23.05,121.164
74DA38F20D1A,2026-02-18,03:36:39,15.25,84.0,0.0,25.078,121.541
74DA38F21054,2026-02-18,03:36:44,24.75,63.0,19.0,22.898,120.627
74DA38F210F6,2026-02-18,03:36:47,23.12,100.0,0.0,22.757426,121.158891
74DA38F7C366,2026-02-18,03:36:47,15.0,100.0,6.0,25.002,121.516
74DA38F7C464,2026-02-18,03:36:50,14.12,35.0,0.0,25.006,121.413
74DA38F7C600,2026-02-18,03:36:51,20.75,59.0,5.0,25.07,121.586
74DA38F7C3DC,2026-02-18,03:36:58,14.37,100.0,11.0,25.003,121.539
74DA38F209A8,2026-02-18,03:37:00,-4.0,0.0,2.0,22.401,120.577
74DA38F21024,2026-02-18,03:37:01,16.12,100.0,0.0,24.93,121.036
74DA38F7C610,2026-02-18,03:37:02,17.25,79.0,9.0,25.063,121.564
74DA38F20D4C,2026-02-18,03:37:09,22.37,100.0,0.0,22.971,121.303
74DA38F20DC0,2026-02-18,03:37:09,21.25,100.0,1.0,22.711,120.295
74DA38F7C39A,2026-02-18,03:37:10,15.5,100.0,0.0,25.002,121.414
74DA38F20B82,2026-02-18,03:37:14,-4.0,0.0,0.0,22.847,120.465
74DA38F7C47E,2026-02-18,03:37:14,16.5,100.0,15.0,25.053963,121.427681
74DA38F20AE6,2026-02-18,03:37:23,25.12,100.0,10.0,22.63,120.348
74DA38F20E9E,2026-02-18,03:37:28,15.0,100.0,9.0,24.648,121.151
74DA38F20C22,2026-02-18,03:37:33,22.5,100.0,0.0,22.729,120.357
74DA38F7C47C,2026-02-18,03:37:34,16.12,94.0,0.0,25.055,121.455
74DA38F7C514,2026-02-18,03:37:48,15.75,96.0,10.0,25.051,121.518
74DA38F7C5BE,2026-02-18,03:37:49,16.0,78.0,14.0,25.092,121.523
74DA38F20C26,2026-02-18,03:37:58,22.12,75.0,25.0,22.676,120.342
74DA38F2118E,2026-02-18,03:37:59,13.5,100.0,46.0,26.148,119.935
74DA38F7C37C,2026-02-18,03:37:59,12.62,100.0,0.0,25.111,121.856
74DA38F7C562,2026-02-18,03:38:02,14.75,49.0,10.0,25.021,121.418
74DA38F7C31C,2026-02-18,03:38:20,15.25,100.0,0.0,24.93,121.372
74DA38F7C524,2026-02-18,03:38:21,13.37,100.0,31.0,25.002,121.552
74DA38F7C570,2026-02-18,03:38:21,13.75,100.0,0.0,25.239,121.63
74DA38F20B80,2026-02-18,03:38:23,21.87,100.0,0.0,22.599,120.35
74DA38F7C59C,2026-02-18,03:38:23,15.75,73.0,11.0,25.103,121.487
74DA38F20E34,2026-02-18,03:38:28,22.0,75.0,24.0,22.586,120.313
74DA38F7C3DE,2026-02-18,03:38:35,15.87,100.0,286.0,24.972,121.537
74DA38F7C338,2026-02-18,03:38:36,18.12,90.0,8.0,25.011,121.458
74DA38F7C29C,2026-02-18,03:38:38,16.37,99.0,9.0,25.02,121.416
74DA38F209B2,2026-02-18,03:38:42,21.5,100.0,0.0,22.363,120.599
74DA38F209EE,2026-02-18,03:38:51,22.12,100.0,0.0,23.026,121.33
74DA38F209F8,2026-02-18,03:38:53,19.75,100.0,0.0,23.157,121.4
74DA38F7C30E,2026-02-18,03:38:54,15.37,100.0,9.0,24.949,121.382
74DA38F207DE,2026-02-18,03:38:56,23.0,100.0,34.0,22.603,120.34
74DA38F7C3BA,2026-02-18,03:38:57,118.87,46.0,102.0,25.174,121.441
74DA38ED06E0,2026-02-18,03:39:00,19.37,91.0,0.0,23.601,121.521
74DA38F21048,2026-02-18,03:39:00,21.5,100.0,30.0,22.595,120.341
74DA38F20D2E,2026-02-18,03:39:06,15.87,100.0,0.0,25.06,121.545
74DA38F7C3D6,2026-02-18,03:39:06,16.12,100.0,0.0,25.045,121.541
74DA38ED05EA,2026-02-18,03:39:09,18.25,100.0,1.0,23.394,121.357
74DA38F7C3B2,2026-02-18,03:39:11,19.37,67.0,5.0,24.929,121.378
74DA38F20BCA,2026-02-18,03:39:20,14.75,100.0,0.0,25.079,121.58
74DA38F20DE0,2026-02-18,03:39:24,23.25,100.0,0.0,22.589,120.328
74DA38F7C260,2026-02-18,03:39:24,15.87,100.0,0.0,25.065,121.425
74DA38ED0454,2026-02-18,03:39:25,19.0,100.0,7.0,24.053,121.599
74DA38F210A2,2026-02-18,03:39:27,16.5,100.0,2.0,25.12,121.466
74DA38F20EB2,2026-02-18,03:39:30,12.5,100.0,11.0,24.324,120.835
74DA38F2113E,2026-02-18,03:39:38,-4.0,0.0,5.0,22.728,120.313
74DA38F2104E,2026-02-18,03:39:42,25.0,94.0,28.0,23.108,120.7
74DA38F7C40C,2026-02-18,03:39:43,14.5,100.0,0.0,24.995,121.52
74DA38F20AAA,2026-02-18,03:39:52,14.37,100.0,5.0,24.6,120.999
74DA38F210E4,2026-02-18,03:40:00,21.12,100.0,13.0,23.24,120.696
74DA38F20B88,2026-02-18,03:40:06,22.0,100.0,1.0,22.75,120.316
74DA38ED04F2,2026-02-18,03:40:11,19.0,100.0,2.0,23.468,121.496
74DA38F209A4,2026-02-18,03:40:12,23.75,100.0,0.0,22.702,120.572
74DA38F20AA4,2026-02-18,03:40:14,25.87,89.0,17.0,22.685,120.492
74DA38F20DD0,2026-02-18,03:40:15,22.62,100.0,1.0,22.6080258,120.3229833
74DA38F20D2A,2026-02-18,03:40:33,15.87,72.0,0.0,25.048,121.573
74DA38F208E2,2026-02-18,03:40:34,16.62,100.0,7.0,24.688,121.766
74DA38F7C53C,2026-02-18,03:40:34,14.0,100.0,0.0,25.11,121.804
74DA38F21204,2026-02-18,03:40:37,21.75,100.0,0.0,25.062,121.451
74DA38F209DE,2026-02-18,03:40:41,15.75,100.0,2.0,24.861,120.964
74DA38F7C5A0,2026-02-18,03:40:44,15.62,89.0,0.0,25.107,121.518
74DA38F7C616,2026-02-18,03:40:44,15.37,100.0,0.0,25.031,121.563
74DA38F7C5E6,2026-02-18,03:40:48,16.37,100.0,5.0,25.107,121.843
74DA38F7C63C,2026-02-18,03:40:50,85.25,100.0,5.0,24.998,121.425
74DA38F20D16,2026-02-18,03:40:52,16.0,100.0,12.0,25.062,121.526
74DA38F20BE0,2026-02-18,03:40:54,23.5,100.0,0.0,22.73,120.346
74DA38ED059C,2026-02-18,03:40:55,16.25,100.0,4.0,23.706,121.412
74DA38ED0630,2026-02-18,03:40:59,18.5,100.0,0.0,23.994,121.594
74DA38F20B26,2026-02-18,03:41:01,23.37,100.0,21.0,22.783,120.247
74DA38ED0640,2026-02-18,03:41:14,18.12,100.0,1.0,23.154,121.266
74DA38F20D6C,2026-02-18,03:41:17,21.0,80.0,0.0,22.661,120.301
74DA38F20976,2026-02-18,03:41:19,15.0,91.0,15.0,25.127,121.746
74DA38F20D1E,2026-02-18,03:41:22,15.25,100.0,14.0,25.048,121.573
74DA38F20E6E,2026-02-18,03:41:24,13.75,87.0,0.0,24.41,120.902
74DA38F7C30C,2026-02-18,03:41:26,15.12,99.0,0.0,24.975,121.532
74DA38F20902,2026-02-18,03:41:29,23.75,92.0,0.0,22.204,120.7
74DA38F7C5CE,2026-02-18,03:41:29,14.62,92.0,0.0,25.066,121.656
74DA38ED05B6,2026-02-18,03:41:34,18.37,100.0,2.0,23.43,121.348
74DA38F21088,2026-02-18,03:41:34,15.5,100.0,0.0,25.068,121.588
74DA38F20A78,2026-02-18,03:41:40,19.5,100.0,0.0,22.904,121.124
74DA38F7C41E,2026-02-18,03:41:40,16.5,74.0,8.0,25.054,121.517
74DA38F21136,2026-02-18,03:41:42,15.12,99.0,6.0,25.119,121.505
74DA38F20BD0,2026-02-18,03:42:01,-4.0,0.0,21.0,22.688,120.408
74DA38F7C560,2026-02-18,03:42:18,14.12,100.0,0.0,25.079,121.671
74DA38F7C4CC,2026-02-18,03:42:24,15.5,100.0,6.0,25.062,121.451
74DA38F20BE4,2026-02-18,03:42:27,14.87,100.0,22.0,24.791,120.957
74DA38F20A30,2026-02-18,03:42:28,15.25,86.0,1.0,24.948,121.372
74DA38F20F0A,2026-02-18,03:42:28,24.5,100.0,17.0,22.995,120.635
74DA38F20D70,2026-02-18,03:42:37,18.75,100.0,0.0,23.05,121.164
74DA38F20B5C,2026-02-18,03:42:41,-4.0,0.0,29.0,22.798,120.293
74DA38F7C4DE,2026-02-18,03:42:48,16.87,100.0,0.0,25.09,121.462
74DA38F21054,2026-02-18,03:42:50,24.75,63.0,19.0,22.898,120.627
74DA38F210F6,2026-02-18,03:42:52,23.25,100.0,0.0,22.757426,121.158891
74DA38F7C566,2026-02-18,03:42:52,16.75,100.0,0.0,25.051,121.448
74DA38F7C366,2026-02-18,03:42:54,15.25,100.0,6.0,25.002,121.516
74DA38F7C600,2026-02-18,03:42:56,20.75,59.0,5.0,25.07,121.586
74DA38F7C3DC,2026-02-18,03:43:05,14.37,100.0,12.0,25.003,121.539
74DA38F20D1A,2026-02-18,03:43:08,15.37,84.0,0.0,25.078,121.541
74DA38F7C610,2026-02-18,03:43:09,17.25,79.0,10.0,25.063,121.564
74DA38F7C47E,2026-02-18,03:43:21,16.5,100.0,15.0,25.053963,121.427681
74DA38F20AE6,2026-02-18,03:43:29,25.12,100.0,10.0,22.63,120.348
74DA38F21024,2026-02-18,03:43:30,16.12,100.0,0.0,24.93,121.036
74DA38F20E9E,2026-02-18,03:43:35,14.87,100.0,9.0,24.648,121.151
74DA38F20D4C,2026-02-18,03:43:36,22.5,100.0,0.0,22.971,121.303
74DA38F20DC0,2026-02-18,03:43:36,21.5,100.0,0.0,22.711,120.295
74DA38F7C39A,2026-02-18,03:43:39,15.37,100.0,0.0,25.002,121.414
74DA38F7C464,2026-02-18,03:43:43,14.25,38.0,0.0,25.006,121.413
74DA38F7C47C,2026-02-18,03:43:44,16.12,94.0,0.0,25.055,121.455
74DA38F7C514,2026-02-18,03:43:57,15.75,96.0,9.0,25.051,121.518
74DA38F7C5BE,2026-02-18,03:43:57,16.0,78.0,13.0,25.092,121.523
74DA38F20C22,2026-02-18,03:44:01,22.5,100.0,0.0,22.729,120.357
74DA38F20C26,2026-02-18,03:44:08,22.37,75.0,24.0,22.676,120.342
74DA38F7C562,2026-02-18,03:44:14,14.75,59.0,10.0,25.021,121.418
74DA38F7C37C,2026-02-18,03:44:26,12.5,100.0,0.0,25.111,121.856
74DA38F7C59C,2026-02-18,03:44:28,15.62,73.0,11.0,25.103,121.487
74DA38F7C3DE,2026-02-18,03:44:32,15.87,100.0,297.0,24.972,121.537
74DA38F2118E,2026-02-18,03:44:34,13.62,100.0,47.0,26.148,119.935
74DA38F20E34,2026-02-18,03:44:40,22.0,75.0,25.0,22.586,120.313
74DA38F7C29C,2026-02-18,03:44:44,16.25,100.0,9.0,25.02,121.416
74DA38F7C570,2026-02-18,03:44:49,13.75,100.0,0.0,25.239,121.63
74DA38F20B80,2026-02-18,03:44:51,21.87,100.0,0.0,22.599,120.35
74DA38F7C338,2026-02-18,03:44:52,18.12,90.0,8.0,25.011,121.458
74DA38F7C31C,2026-02-18,03:44:53,15.12,100.0,0.0,24.93,121.372
74DA38F7C524,2026-02-18,03:44:54,13.25,100.0,33.0,25.002,121.552
74DA38F209EE,2026-02-18,03:44:56,22.12,100.0,0.0,23.026,121.33
74DA38F7C3BA,2026-02-18,03:44:58,118.87,46.0,107.0,25.174,121.441
74DA38F7C30E,2026-02-18,03:45:00,15.37,100.0,8.0,24.949,121.382
74DA38F207DE,2026-02-18,03:45:03,22.87,100.0,36.0,22.603,120.34
74DA38ED06E0,2026-02-18,03:45:07,19.37,91.0,0.0,23.601,121.521
74DA38F209B2,2026-02-18,03:45:09,21.5,100.0,1.0,22.363,120.599
74DA38ED05EA,2026-02-18,03:45:14,18.25,100.0,1.0,23.394,121.357
74DA38F7C3B2,2026-02-18,03:45:19,19.37,67.0,5.0,24.929,121.378
74DA38F209F8,2026-02-18,03:45:21,19.5,100.0,0.0,23.157,121.4
74DA38ED0454,2026-02-18,03:45:31,19.12,100.0,7.0,24.053,121.599
74DA38F21048,2026-02-18,03:45:33,21.62,100.0,32.0,22.595,120.341
74DA38F210A2,2026-02-18,03:45:33,16.37,100.0,2.0,25.12,121.466
74DA38F7C3D6,2026-02-18,03:45:34,16.25,100.0,0.0,25.045,121.541
74DA38F20D2E,2026-02-18,03:45:36,15.87,100.0,2.0,25.06,121.545
74DA38F20EB2,2026-02-18,03:45:36,12.75,100.0,11.0,24.324,120.835
74DA38F7C40C,2026-02-18,03:45:50,14.5,100.0,0.0,24.995,121.52
74DA38F20DE0,2026-02-18,03:45:51,23.25,100.0,0.0,22.589,120.328
74DA38F2104E,2026-02-18,03:45:53,25.12,94.0,28.0,23.108,120.7
74DA38F20AAA,2026-02-18,03:45:57,14.37,100.0,5.0,24.6,120.999
74DA38F20BCA,2026-02-18,03:46:00,14.75,100.0,0.0,25.079,121.58
74DA38F7C260,2026-02-18,03:46:06,15.75,100.0,0.0,25.065,121.425
74DA38F210E4,2026-02-18,03:46:08,21.0,100.0,13.0,23.24,120.696
74DA38ED04F2,2026-02-18,03:46:21,18.75,100.0,5.0,23.468,121.496
74DA38F20AA4,2026-02-18,03:46:23,25.87,88.0,17.0,22.685,120.492
74DA38F20B88,2026-02-18,03:46:35,22.12,100.0,0.0,22.75,120.316
74DA38F209A8,2026-02-18,03:46:36,-4.0,0.0,3.0,22.401,120.577
74DA38F208E2,2026-02-18,03:46:39,16.75,100.0,8.0,24.688,121.766
74DA38F209A4,2026-02-18,03:46:40,23.87,100.0,0.0,22.702,120.572
74DA38F20DD0,2026-02-18,03:46:45,22.62,100.0,1.0,22.6080258,120.3229833
74DA38F21204,2026-02-18,03:46:45,21.62,100.0,0.0,25.062,121.451
74DA38F20B82,2026-02-18,03:46:47,-4.0,0.0,1.0,22.847,120.465
74DA38F7C616,2026-02-18,03:46:51,15.5,100.0,0.0,25.031,121.563
74DA38F2113E,2026-02-18,03:46:55,-4.0,0.0,5.0,22.728,120.313
74DA38F7C5E6,2026-02-18,03:46:55,16.37,100.0,5.0,25.107,121.843
74DA38F7C63C,2026-02-18,03:46:57,85.25,100.0,6.0,24.998,121.425
74DA38F20D16,2026-02-18,03:46:59,16.12,100.0,12.0,25.062,121.526
74DA38F7C53C,2026-02-18,03:47:02,14.12,100.0,0.0,25.11,121.804
74DA38ED059C,2026-02-18,03:47:03,16.37,100.0,20.0,23.706,121.412
74DA38F20D2A,2026-02-18,03:47:06,15.75,72.0,0.0,25.048,121.573
74DA38F209DE,2026-02-18,03:47:10,15.5,100.0,2.0,24.861,120.964
74DA38F7C5A0,2026-02-18,03:47:12,15.62,89.0,0.0,25.107,121.518
74DA38ED0640,2026-02-18,03:47:20,17.87,100.0,1.0,23.154,121.266
74DA38F20BE0,2026-02-18,03:47:20,23.75,100.0,0.0,22.73,120.346
74DA38F20B26,2026-02-18,03:47:21,23.37,100.0,19.0,22.783,120.247
74DA38F20E6E,2026-02-18,03:47:26,13.75,87.0,0.0,24.41,120.902
74DA38ED0630,2026-02-18,03:47:27,18.5,100.0,0.0,23.994,121.594
74DA38F20976,2026-02-18,03:47:28,15.12,92.0,15.0,25.127,121.746
74DA38F20D1E,2026-02-18,03:47:31,15.25,100.0,16.0,25.048,121.573
74DA38F7C30C,2026-02-18,03:47:34,15.12,99.0,0.0,24.975,121.532
74DA38F20902,2026-02-18,03:47:35,23.87,92.0,0.0,22.204,120.7
74DA38ED05B6,2026-02-18,03:47:40,18.12,100.0,3.0,23.43,121.348
74DA38F20D6C,2026-02-18,03:47:45,21.0,80.0,0.0,22.661,120.301
74DA38F7C41E,2026-02-18,03:47:45,16.5,74.0,9.0,25.054,121.517
74DA38F20A78,2026-02-18,03:47:47,19.75,100.0,0.0,22.904,121.124
74DA38F21136,2026-02-18,03:47:49,15.5,100.0,6.0,25.119,121.505
74DA38F7C5CE,2026-02-18,03:47:57,14.62,92.0,0.0,25.066,121.656
74DA38F21088,2026-02-18,03:48:01,15.37,100.0,0.0,25.068,121.588
74DA38F7C4CC,2026-02-18,03:48:30,15.37,100.0,6.0,25.062,121.451
74DA38F20BE4,2026-02-18,03:48:34,14.87,100.0,22.0,24.791,120.957
74DA38F20F0A,2026-02-18,03:48:37,24.5,100.0,16.0,22.995,120.635
74DA38F20D70,2026-02-18,03:48:44,18.75,100.0,0.0,23.05,121.164
74DA38F7C560,2026-02-18,03:48:48,14.37,100.0,0.0,25.079,121.671
74DA38F21054,2026-02-18,03:48:56,24.87,63.0,19.0,22.898,120.627
74DA38F210F6,2026-02-18,03:48:57,23.25,100.0,0.0,22.757426,121.158891
74DA38F7C366,2026-02-18,03:49:00,15.25,100.0,6.0,25.002,121.516
74DA38F7C600,2026-02-18,03:49:02,20.87,58.0,5.0,25.07,121.586
74DA38F20A30,2026-02-18,03:49:04,15.12,86.0,1.0,24.948,121.372
74DA38F7C4DE,2026-02-18,03:49:04,16.87,100.0,0.0,25.09,121.462
74DA38F7C3DC,2026-02-18,03:49:11,14.37,100.0,12.0,25.003,121.539
74DA38F7C610,2026-02-18,03:49:15,17.25,79.0,10.0,25.063,121.564
74DA38F7C566,2026-02-18,03:49:19,16.75,100.0,0.0,25.051,121.448
74DA38F7C47E,2026-02-18,03:49:27,16.62,100.0,15.0,25.053963,121.427681
74DA38F20AE6,2026-02-18,03:49:34,25.0,100.0,10.0,22.63,120.348
74DA38F20D1A,2026-02-18,03:49:35,15.37,84.0,0.0,25.078,121.541
74DA38F20E9E,2026-02-18,03:49:43,15.12,100.0,9.0,24.648,121.151
74DA38F7C47C,2026-02-18,03:49:54,16.25,94.0,0.0,25.055,121.455
74DA38F21024,2026-02-18,03:49:58,16.12,100.0,0.0,24.93,121.036
74DA38F7C514,2026-02-18,03:50:03,15.87,96.0,11.0,25.051,121.518
74DA38F20D4C,2026-02-18,03:50:04,22.25,100.0,0.0,22.971,121.303
74DA38F7C5BE,2026-02-18,03:50:04,15.87,78.0,13.0,25.092,121.523
74DA38F7C39A,2026-02-18,03:50:06,15.37,100.0,0.0,25.002,121.414
74DA38F20DC0,2026-02-18,03:50:10,21.62,100.0,3.0,22.711,120.295
74DA38F7C464,2026-02-18,03:50:12,14.25,38.0,0.0,25.006,121.413
74DA38F20C26,2026-02-18,03:50:19,22.62,74.0,24.0,22.676,120.342
74DA38F7C562,2026-02-18,03:50:24,14.62,77.0,10.0,25.021,121.418
74DA38F7C3DE,2026-02-18,03:50:27,15.87,100.0,284.0,24.972,121.537
74DA38F20C22,2026-02-18,03:50:30,22.62,100.0,1.0,22.729,120.357
74DA38F7C59C,2026-02-18,03:50:34,15.62,74.0,11.0,25.103,121.487
74DA38F20E34,2026-02-18,03:50:50,22.0,75.0,25.0,22.586,120.313
74DA38F7C29C,2026-02-18,03:50:50,16.12,100.0,9.0,25.02,121.416
74DA38F7C37C,2026-02-18,03:50:56,12.37,100.0,0.0,25.111,121.856
74DA38F7C3BA,2026-02-18,03:50:59,118.87,46.0,104.0,25.174,121.441
74DA38F209EE,2026-02-18,03:51:02,22.25,100.0,0.0,23.026,121.33
74DA38F2118E,2026-02-18,03:51:06,13.75,100.0,45.0,26.148,119.935
74DA38F7C30E,2026-02-18,03:51:09,15.37,100.0,9.0,24.949,121.382
74DA38ED06E0,2026-02-18,03:51:13,19.37,90.0,0.0,23.601,121.521
74DA38F207DE,2026-02-18,03:51:15,23.0,100.0,36.0,22.603,120.34
74DA38F7C570,2026-02-18,03:51:17,13.75,100.0,1.0,25.239,121.63
74DA38ED05EA,2026-02-18,03:51:20,18.12,100.0,1.0,23.394,121.357
74DA38F7C31C,2026-02-18,03:51:22,15.12,100.0,0.0,24.93,121.372
74DA38F7C524,2026-02-18,03:51:23,13.37,100.0,31.0,25.002,121.552
74DA38F7C3B2,2026-02-18,03:51:26,19.37,67.0,5.0,24.929,121.378
74DA38F20B80,2026-02-18,03:51:27,22.0,100.0,0.0,22.599,120.35
74DA38F7C338,2026-02-18,03:51:30,18.12,91.0,9.0,25.011,121.458
74DA38F209B2,2026-02-18,03:51:38,21.62,100.0,0.0,22.363,120.599
74DA38F210A2,2026-02-18,03:51:38,16.5,100.0,2.0,25.12,121.466
74DA38F20EB2,2026-02-18,03:51:43,12.75,100.0,11.0,24.324,120.835
74DA38ED0454,2026-02-18,03:51:47,19.25,100.0,8.0,24.053,121.599
74DA38F209F8,2026-02-18,03:51:49,19.37,100.0,0.0,23.157,121.4
74DA38F7C40C,2026-02-18,03:51:56,14.5,100.0,0.0,24.995,121.52
74DA38F7C3D6,2026-02-18,03:52:01,16.37,100.0,0.0,25.045,121.541
74DA38F2104E,2026-02-18,03:52:02,25.0,94.0,28.0,23.108,120.7
74DA38F20AAA,2026-02-18,03:52:04,14.37,100.0,5.0,24.6,120.999
74DA38F20D2E,2026-02-18,03:52:05,15.87,100.0,0.0,25.06,121.545
74DA38F21048,2026-02-18,03:52:06,22.0,100.0,32.0,22.595,120.341
74DA38F20B5C,2026-02-18,03:52:08,-4.0,0.0,30.0,22.798,120.293
74DA38F210E4,2026-02-18,03:52:19,20.87,100.0,13.0,23.24,120.696
74DA38F20DE0,2026-02-18,03:52:20,23.5,100.0,0.0,22.589,120.328
74DA38ED04F2,2026-02-18,03:52:30,18.75,100.0,2.0,23.468,121.496
74DA38F20BD0,2026-02-18,03:52:30,-4.0,0.0,20.0,22.688,120.408
74DA38F20AA4,2026-02-18,03:52:31,25.87,88.0,17.0,22.685,120.492
74DA38F20BCA,2026-02-18,03:52:31,14.87,100.0,0.0,25.079,121.58
74DA38F208E2,2026-02-18,03:52:45,16.75,100.0,7.0,24.688,121.766
74DA38F7C260,2026-02-18,03:52:46,15.75,100.0,0.0,25.065,121.425
74DA38F21204,2026-02-18,03:52:51,21.75,100.0,0.0,25.062,121.451
74DA38F7C5E6,2026-02-18,03:53:01,16.25,100.0,6.0,25.107,121.843
74DA38F7C616,2026-02-18,03:53:03,15.62,100.0,0.0,25.031,121.563
74DA38F20B88,2026-02-18,03:53:04,22.12,100.0,0.0,22.75,120.316
74DA38F7C63C,2026-02-18,03:53:04,85.25,100.0,6.0,24.998,121.425
74DA38F20D16,2026-02-18,03:53:06,16.25,100.0,12.0,25.062,121.526
74DA38F209A4,2026-02-18,03:53:08,23.87,100.0,0.0,22.702,120.572
74DA38ED059C,2026-02-18,03:53:12,16.37,100.0,9.0,23.706,121.412
74DA38F20DD0,2026-02-18,03:53:15,22.75,100.0,4.0,22.6080258,120.3229833
74DA38ED0640,2026-02-18,03:53:27,17.75,100.0,1.0,23.154,121.266
74DA38F20E6E,2026-02-18,03:53:28,13.75,87.0,0.0,24.41,120.902
74DA38F7C53C,2026-02-18,03:53:30,14.0,100.0,0.0,25.11,121.804
74DA38F20B26,2026-02-18,03:53:34,23.62,100.0,19.0,22.783,120.247
74DA38F20976,2026-02-18,03:53:35,15.12,91.0,15.0,25.127,121.746
74DA38F20D2A,2026-02-18,03:53:37,15.75,72.0,0.0,25.048,121.573
74DA38F209DE,2026-02-18,03:53:38,15.75,100.0,2.0,24.861,120.964
74DA38F20902,2026-02-18,03:53:41,23.87,92.0,0.0,22.204,120.7
74DA38F20D1E,2026-02-18,03:53:41,15.12,100.0,16.0,25.048,121.573
74DA38F7C30C,2026-02-18,03:53:42,15.12,99.0,0.0,24.975,121.532
74DA38F7C5A0,2026-02-18,03:53:42,15.5,89.0,0.0,25.107,121.518
74DA38ED05B6,2026-02-18,03:53:46,17.87,100.0,2.0,23.43,121.348
74DA38F20BE0,2026-02-18,03:53:49,23.75,100.0,0.0,22.73,120.346
74DA38F20A78,2026-02-18,03:53:53,19.62,100.0,0.0,22.904,121.124
74DA38ED0630,2026-02-18,03:53:55,18.5,100.0,0.0,23.994,121.594
74DA38F7C41E,2026-02-18,03:53:55,16.5,74.0,9.0,25.054,121.517
74DA38F21136,2026-02-18,03:53:57,15.37,99.0,7.0,25.119,121.505
74DA38F20D6C,2026-02-18,03:54:12,21.12,80.0,0.0,22.661,120.301
74DA38F2113E,2026-02-18,03:54:12,-4.0,0.0,6.0,22.728,120.313
74DA38F7C5CE,2026-02-18,03:54:26,14.87,92.0,0.0,25.066,121.656
74DA38F21088,2026-02-18,03:54:30,15.5,100.0,0.0,25.068,121.588
74DA38F20BE4,2026-02-18,03:54:41,14.87,100.0,22.0,24.791,120.957
74DA38F7C4CC,2026-02-18,03:54:41,15.5,100.0,5.0,25.062,121.451
74DA38F20F0A,2026-02-18,03:54:45,24.5,100.0,17.0,22.995,120.635
74DA38F20D70,2026-02-18,03:54:50,18.75,100.0,0.0,23.05,121.164
74DA38F210F6,2026-02-18,03:55:02,23.12,100.0,0.0,22.757426,121.158891
74DA38F21054,2026-02-18,03:55:03,24.87,63.0,17.0,22.898,120.627
74DA38F7C366,2026-02-18,03:55:07,15.25,100.0,6.0,25.002,121.516
74DA38F7C600,2026-02-18,03:55:07,21.0,58.0,5.0,25.07,121.586
74DA38F7C560,2026-02-18,03:55:17,14.37,100.0,0.0,25.079,121.671
74DA38F7C3DC,2026-02-18,03:55:19,14.37,100.0,15.0,25.003,121.539
74DA38F7C610,2026-02-18,03:55:21,17.25,79.0,10.0,25.063,121.564
74DA38F20A30,2026-02-18,03:55:33,15.12,86.0,0.0,24.948,121.372
74DA38F7C47E,2026-02-18,03:55:34,16.62,100.0,14.0,25.053963,121.427681
74DA38F20AE6,2026-02-18,03:55:41,25.12,100.0,10.0,22.63,120.348
74DA38F7C566,2026-02-18,03:55:47,16.75,100.0,0.0,25.051,121.448
74DA38F20E9E,2026-02-18,03:55:51,15.25,100.0,10.0,24.648,121.151
74DA38F20D1A,2026-02-18,03:56:04,15.37,84.0,0.0,25.078,121.541
74DA38F7C47C,2026-02-18,03:56:04,16.12,93.0,0.0,25.055,121.455
74DA38F7C514,2026-02-18,03:56:11,15.87,95.0,10.0,25.051,121.518
74DA38F7C5BE,2026-02-18,03:56:12,15.75,78.0,13.0,25.092,121.523
74DA38F209A8,2026-02-18,03:56:14,-4.0,0.0,2.0,22.401,120.577
74DA38F20B82,2026-02-18,03:56:19,-4.0,0.0,1.0,22.847,120.465
74DA38F7C3DE,2026-02-18,03:56:23,16.0,100.0,296.0,24.972,121.537
74DA38F21024,2026-02-18,03:56:26,16.12,100.0,0.0,24.93,121.036
74DA38F20D4C,2026-02-18,03:56:32,22.0,100.0,0.0,22.971,121.303
74DA38F20C26,2026-02-18,03:56:33,22.62,74.0,24.0,22.676,120.342
74DA38F7C39A,2026-02-18,03:56:35,15.5,100.0,0.0,25.002,121.414
74DA38F7C59C,2026-02-18,03:56:40,15.62,73.0,12.0,25.103,121.487
74DA38F7C464,2026-02-18,03:56:41,14.25,38.0,0.0,25.006,121.413
74DA38F7C562,2026-02-18,03:56:53,14.75,73.0,10.0,25.021,121.418
74DA38F7C29C,2026-02-18,03:56:56,16.12,100.0,8.0,25.02,121.416
74DA38F20DC0,2026-02-18,03:56:57,21.62,100.0,1.0,22.711,120.295
74DA38F20C22,2026-02-18,03:56:58,22.75,100.0,1.0,22.729,120.357
74DA38F20E34,2026-02-18,03:57:00,22.0,75.0,25.0,22.586,120.313
74DA38F7C3BA,2026-02-18,03:57:00,118.87,46.0,109.0,25.174,121.441
74DA38F209EE,2026-02-18,03:57:07,22.25,100.0,0.0,23.026,121.33
74DA38ED06E0,2026-02-18,03:57:18,19.25,90.0,0.0,23.601,121.521
74DA38F7C30E,2026-02-18,03:57:19,15.37,100.0,9.0,24.949,121.382
74DA38ED05EA,2026-02-18,03:57:26,18.25,100.0,1.0,23.394,121.357
74DA38F207DE,2026-02-18,03:57:26,23.0,100.0,37.0,22.603,120.34
74DA38F7C37C,2026-02-18,03:57:26,12.5,100.0,0.0,25.111,121.856
74DA38F7C3B2,2026-02-18,03:57:32,19.37,67.0,5.0,24.929,121.378
74DA38F2118E,2026-02-18,03:57:39,13.87,100.0,45.0,26.148,119.935
74DA38F210A2,2026-02-18,03:57:44,16.5,100.0,2.0,25.12,121.466
74DA38F7C570,2026-02-18,03:57:47,13.87,100.0,0.0,25.239,121.63
74DA38F7C31C,2026-02-18,03:57:49,15.12,100.0,0.0,24.93,121.372
74DA38F20EB2,2026-02-18,03:57:50,12.87,100.0,11.0,24.324,120.835
74DA38F20B80,2026-02-18,03:57:52,22.0,100.0,0.0,22.599,120.35
74DA38F7C524,2026-02-18,03:57:55,13.37,100.0,34.0,25.002,121.552
74DA38F7C40C,2026-02-18,03:58:03,14.5,100.0,0.0,24.995,121.52
74DA38F209B2,2026-02-18,03:58:05,21.75,100.0,1.0,22.363,120.599
74DA38F20AAA,2026-02-18,03:58:10,14.37,100.0,5.0,24.6,120.999
74DA38F2104E,2026-02-18,03:58:13,25.0,94.0,27.0,23.108,120.7
74DA38F209F8,2026-02-18,03:58:16,19.25,100.0,0.0,23.157,121.4
74DA38F210E4,2026-02-18,03:58:27,20.87,100.0,13.0,23.24,120.696
74DA38F7C3D6,2026-02-18,03:58:30,16.5,100.0,0.0,25.045,121.541
74DA38F20D2E,2026-02-18,03:58:34,16.0,100.0,0.0,25.06,121.545
74DA38F21048,2026-02-18,03:58:38,21.87,100.0,33.0,22.595,120.341
74DA38F20AA4,2026-02-18,03:58:40,26.0,88.0,17.0,22.685,120.492
74DA38ED04F2,2026-02-18,03:58:44,18.75,100.0,1.0,23.468,121.496
74DA38F20DE0,2026-02-18,03:58:49,23.5,100.0,0.0,22.589,120.328
74DA38F208E2,2026-02-18,03:58:51,16.5,100.0,8.0,24.688,121.766
74DA38F21204,2026-02-18,03:58:57,21.75,100.0,0.0,25.062,121.451
74DA38F7C5E6,2026-02-18,03:59:08,16.37,100.0,7.0,25.107,121.843
74DA38F7C63C,2026-02-18,03:59:11,85.25,100.0,6.0,24.998,121.425
74DA38F20D16,2026-02-18,03:59:12,16.37,100.0,12.0,25.062,121.526
74DA38F7C260,2026-02-18,03:59:15,15.75,100.0,0.0,25.065,121.425
74DA38F7C616,2026-02-18,03:59:15,15.5,100.0,0.0,25.031,121.563
74DA38ED059C,2026-02-18,03:59:20,16.5,100.0,9.0,23.706,121.412
74DA38F20E6E,2026-02-18,03:59:29,13.75,87.0,0.0,24.41,120.902
74DA38F20B88,2026-02-18,03:59:31,22.25,100.0,0.0,22.75,120.316
74DA38ED0640,2026-02-18,03:59:33,17.62,100.0,1.0,23.154,121.266
74DA38F209A4,2026-02-18,03:59:37,24.12,100.0,0.0,22.702,120.572
74DA38F20DD0,2026-02-18,03:59:43,22.5,100.0,3.0,22.6080258,120.3229833
74DA38F20976,2026-02-18,03:59:45,15.25,92.0,14.0,25.127,121.746
74DA38F20B26,2026-02-18,03:59:46,23.62,100.0,22.0,22.783,120.247
74DA38F20902,2026-02-18,03:59:49,23.87,92.0,0.0,22.204,120.7
74DA38F20D1E,2026-02-18,03:59:51,15.12,100.0,16.0,25.048,121.573
74DA38ED05B6,2026-02-18,03:59:52,17.75,100.0,2.0,23.43,121.348
74DA38F7C30C,2026-02-18,03:59:54,15.12,99.0,0.0,24.975,121.532
74DA38F7C53C,2026-02-18,03:59:59,13.87,100.0,0.0,25.11,121.804
74DA38F20A78,2026-02-18,04:00:00,19.87,100.0,0.0,22.904,121.124
74DA38F7C41E,2026-02-18,04:00:01,16.5,74.0,8.0,25.054,121.517
74DA38F21136,2026-02-18,04:00:03,15.25,100.0,7.0,25.119,121.505
74DA38F20D2A,2026-02-18,04:00:05,16.0,72.0,0.0,25.048,121.573
74DA38F209DE,2026-02-18,04:00:06,15.75,100.0,1.0,24.861,120.964
74DA38F7C5A0,2026-02-18,04:00:10,15.75,89.0,0.0,25.107,121.518
74DA38F20BE0,2026-02-18,04:00:17,23.75,100.0,0.0,22.73,120.346
74DA38ED0630,2026-02-18,04:00:23,18.62,100.0,0.0,23.994,121.594
74DA38F20D6C,2026-02-18,04:00:41,21.12,80.0,0.0,22.661,120.301
74DA38F7C4CC,2026-02-18,04:00:48,15.5,100.0,5.0,25.062,121.451
74DA38F20BE4,2026-02-18,04:00:50,14.87,100.0,23.0,24.791,120.957
74DA38F20F0A,2026-02-18,04:00:52,24.37,100.0,16.0,22.995,120.635
74DA38F7C5CE,2026-02-18,04:00:53,14.87,92.0,0.0,25.066,121.656
74DA38F20D70,2026-02-18,04:00:55,18.87,100.0,0.0,23.05,121.164
74DA38F21088,2026-02-18,04:00:59,15.5,100.0,0.0,25.068,121.588
74DA38F210F6,2026-02-18,04:01:07,23.0,100.0,0.0,22.757426,121.158891
74DA38F21054,2026-02-18,04:01:11,24.87,63.0,19.0,22.898,120.627
74DA38F7C600,2026-02-18,04:01:13,21.0,58.0,5.0,25.07,121.586
74DA38F7C366,2026-02-18,04:01:14,15.37,100.0,6.0,25.002,121.516
74DA38F7C3DC,2026-02-18,04:01:26,14.25,100.0,14.0,25.003,121.539
74DA38F7C610,2026-02-18,04:01:29,17.25,79.0,10.0,25.063,121.564
74DA38F2113E,2026-02-18,04:01:30,-4.0,0.0,5.0,22.728,120.313
74DA38F20B5C,2026-02-18,04:01:36,-4.0,0.0,30.0,22.798,120.293
74DA38F7C47E,2026-02-18,04:01:42,16.62,100.0,15.0,25.053963,121.427681
74DA38F7C560,2026-02-18,04:01:46,14.25,100.0,0.0,25.079,121.671
74DA38F20AE6,2026-02-18,04:01:47,25.12,100.0,10.0,22.63,120.348
74DA38F20E9E,2026-02-18,04:01:56,15.25,100.0,9.0,24.648,121.151
74DA38F20A30,2026-02-18,04:02:03,15.12,86.0,0.0,24.948,121.372
74DA38F7C4DE,2026-02-18,04:02:11,16.87,100.0,0.0,25.09,121.462
74DA38F7C47C,2026-02-18,04:02:12,16.25,93.0,0.0,25.055,121.455
74DA38F7C566,2026-02-18,04:02:16,16.87,100.0,0.0,25.051,121.448
74DA38F7C3DE,2026-02-18,04:02:18,16.0,100.0,283.0,24.972,121.537
74DA38F7C514,2026-02-18,04:02:19,15.75,95.0,10.0,25.051,121.518
74DA38F7C5BE,2026-02-18,04:02:19,15.75,78.0,12.0,25.092,121.523
74DA38F20D1A,2026-02-18,04:02:34,15.5,85.0,0.0,25.078,121.541
74DA38F20C26,2026-02-18,04:02:42,22.75,74.0,23.0,22.676,120.342
74DA38F7C59C,2026-02-18,04:02:47,15.62,74.0,12.0,25.103,121.487
74DA38F21024,2026-02-18,04:02:55,16.12,100.0,0.0,24.93,121.036
74DA38F20D4C,2026-02-18,04:02:58,21.5,100.0,0.0,22.971,121.303
74DA38F20BD0,2026-02-18,04:03:01,-4.0,0.0,19.0,22.688,120.408
74DA38F7C3BA,2026-02-18,04:03:01,118.87,46.0,112.0,25.174,121.441
74DA38F7C29C,2026-02-18,04:03:02,16.12,100.0,9.0,25.02,121.416
74DA38F7C39A,2026-02-18,04:03:05,15.62,100.0,0.0,25.002,121.414
74DA38F7C464,2026-02-18,04:03:10,14.37,35.0,0.0,25.006,121.413
74DA38F20E34,2026-02-18,04:03:14,22.12,75.0,24.0,22.586,120.313
74DA38F209EE,2026-02-18,04:03:15,22.12,100.0,0.0,23.026,121.33
74DA38ED06E0,2026-02-18,04:03:25,19.25,90.0,0.0,23.601,121.521
74DA38F20C22,2026-02-18,04:03:25,22.75,100.0,0.0,22.729,120.357
74DA38F20DC0,2026-02-18,04:03:25,21.75,100.0,2.0,22.711,120.295
74DA38F7C30E,2026-02-18,04:03:25,15.37,100.0,10.0,24.949,121.382
74DA38F7C562,2026-02-18,04:03:30,14.62,87.0,10.0,25.021,121.418
74DA38ED05EA,2026-02-18,04:03:32,18.25,100.0,1.0,23.394,121.357
74DA38F207DE,2026-02-18,04:03:37,23.12,100.0,36.0,22.603,120.34
74DA38F7C3B2,2026-02-18,04:03:39,19.37,67.0,4.0,24.929,121.378
74DA38F210A2,2026-02-18,04:03:50,16.37,100.0,2.0,25.12,121.466
74DA38F7C37C,2026-02-18,04:03:52,12.37,100.0,0.0,25.111,121.856
74DA38F20EB2,2026-02-18,04:03:57,13.25,100.0,12.0,24.324,120.835
74DA38F7C40C,2026-02-18,04:04:11,14.5,100.0,0.0,24.995,121.52
74DA38F20AAA,2026-02-18,04:04:16,14.37,100.0,5.0,24.6,120.999
74DA38F7C570,2026-02-18,04:04:16,13.75,100.0,0.0,25.239,121.63
74DA38F7C31C,2026-02-18,04:04:19,15.25,100.0,0.0,24.93,121.372
74DA38F2118E,2026-02-18,04:04:20,14.12,100.0,44.0,26.148,119.935
74DA38F2104E,2026-02-18,04:04:24,25.0,94.0,28.0,23.108,120.7
74DA38F7C338,2026-02-18,04:04:24,18.12,91.0,8.0,25.011,121.458
74DA38F20B80,2026-02-18,04:04:28,22.0,100.0,26.0,22.599,120.35
74DA38F7C524,2026-02-18,04:04:28,13.37,100.0,38.0,25.002,121.552
74DA38F209B2,2026-02-18,04:04:34,21.75,100.0,1.0,22.363,120.599
74DA38F210E4,2026-02-18,04:04:35,20.75,100.0,13.0,23.24,120.696
74DA38F209F8,2026-02-18,04:04:45,19.25,100.0,0.0,23.157,121.4
74DA38ED0454,2026-02-18,04:04:47,19.37,100.0,6.0,24.053,121.599
74DA38F20AA4,2026-02-18,04:04:47,26.12,88.0,16.0,22.685,120.492
74DA38F208E2,2026-02-18,04:04:56,16.5,100.0,8.0,24.688,121.766
74DA38ED04F2,2026-02-18,04:04:57,18.75,100.0,2.0,23.468,121.496
74DA38F7C3D6,2026-02-18,04:04:58,16.5,100.0,0.0,25.045,121.541
74DA38F21204,2026-02-18,04:05:03,21.75,100.0,0.0,25.062,121.451
74DA38F20D2E,2026-02-18,04:05:04,16.0,100.0,0.0,25.06,121.545
74DA38F21048,2026-02-18,04:05:09,22.12,100.0,34.0,22.595,120.341
74DA38F7C5E6,2026-02-18,04:05:17,16.25,100.0,7.0,25.107,121.843
74DA38F7C63C,2026-02-18,04:05:17,85.25,100.0,7.0,24.998,121.425
74DA38F20D16,2026-02-18,04:05:19,16.25,100.0,12.0,25.062,121.526
74DA38F20DE0,2026-02-18,04:05:23,23.62,100.0,0.0,22.589,120.328
74DA38ED059C,2026-02-18,04:05:28,16.62,100.0,10.0,23.706,121.412
74DA38F7C616,2026-02-18,04:05:29,15.5,100.0,0.0,25.031,121.563
74DA38F20E6E,2026-02-18,04:05:31,13.87,87.0,0.0,24.41,120.902
74DA38ED0640,2026-02-18,04:05:40,17.5,100.0,1.0,23.154,121.266
74DA38F209A8,2026-02-18,04:05:53,-4.0,0.0,2.0,22.401,120.577
74DA38F20B82,2026-02-18,04:05:53,-4.0,0.0,1.0,22.847,120.465
74DA38F20902,2026-02-18,04:05:55,23.87,92.0,0.0,22.204,120.7
74DA38F20976,2026-02-18,04:05:56,15.25,92.0,14.0,25.127,121.746
74DA38F20B26,2026-02-18,04:05:56,23.62,100.0,21.0,22.783,120.247
74DA38ED05B6,2026-02-18,04:05:58,17.87,100.0,3.0,23.43,121.348
74DA38F20D1E,2026-02-18,04:05:58,15.25,100.0,16.0,25.048,121.573
74DA38F20B88,2026-02-18,04:05:59,22.37,100.0,0.0,22.75,120.316
74DA38F7C260,2026-02-18,04:06:02,15.75,100.0,0.0,25.065,121.425
74DA38F7C30C,2026-02-18,04:06:04,15.12,99.0,0.0,24.975,121.532
74DA38F209A4,2026-02-18,04:06:06,24.0,100.0,0.0,22.702,120.572
74DA38F20A78,2026-02-18,04:06:06,19.87,100.0,0.0,22.904,121.124
74DA38F7C41E,2026-02-18,04:06:08,16.62,74.0,8.0,25.054,121.517
74DA38F21136,2026-02-18,04:06:09,15.12,100.0,8.0,25.119,121.505
74DA38F20DD0,2026-02-18,04:06:12,22.75,100.0,0.0,22.6080258,120.3229833
74DA38F7C53C,2026-02-18,04:06:26,13.87,100.0,0.0,25.11,121.804
74DA38F209DE,2026-02-18,04:06:34,15.75,100.0,3.0,24.861,120.964
74DA38F20D2A,2026-02-18,04:06:34,15.87,71.0,0.0,25.048,121.573
74DA38F7C5A0,2026-02-18,04:06:38,15.75,89.0,0.0,25.107,121.518
74DA38F20BE0,2026-02-18,04:06:45,24.0,100.0,0.0,22.73,120.346
74DA38ED0630,2026-02-18,04:06:52,18.62,100.0,0.0,23.994,121.594
74DA38F7C4CC,2026-02-18,04:06:54,15.62,100.0,6.0,25.062,121.451
74DA38F20BE4,2026-02-18,04:06:58,15.0,100.0,23.0,24.791,120.957
74DA38F20F0A,2026-02-18,04:06:59,24.25,100.0,15.0,22.995,120.635
74DA38F20D70,2026-02-18,04:07:02,18.87,99.0,0.0,23.05,121.164
74DA38F20D6C,2026-02-18,04:07:10,21.25,80.0,0.0,22.661,120.301
74DA38F210F6,2026-02-18,04:07:12,22.87,100.0,0.0,22.757426,121.158891
74DA38F21054,2026-02-18,04:07:18,24.87,63.0,19.0,22.898,120.627
74DA38F7C600,2026-02-18,04:07:18,21.12,58.0,5.0,25.07,121.586
74DA38F7C366,2026-02-18,04:07:21,15.25,100.0,6.0,25.002,121.516
74DA38F7C5CE,2026-02-18,04:07:21,14.75,92.0,0.0,25.066,121.656
74DA38F21088,2026-02-18,04:07:28,15.62,100.0,0.0,25.068,121.588
74DA38F7C3DC,2026-02-18,04:07:33,14.25,100.0,13.0,25.003,121.539
74DA38F7C610,2026-02-18,04:07:36,17.25,79.0,10.0,25.063,121.564
74DA38F7C47E,2026-02-18,04:07:50,16.62,100.0,15.0,25.053963,121.427681
74DA38F20AE6,2026-02-18,04:07:53,25.12,100.0,10.0,22.63,120.348
74DA38F20E9E,2026-02-18,04:08:02,15.12,100.0,8.0,24.648,121.151
74DA38F7C3DE,2026-02-18,04:08:13,16.0,100.0,288.0,24.972,121.537
74DA38F7C560,2026-02-18,04:08:15,14.12,100.0,0.0,25.079,121.671
74DA38F7C47C,2026-02-18,04:08:22,16.12,93.0,0.0,25.055,121.455
74DA38F7C4DE,2026-02-18,04:08:24,16.75,100.0,0.0,25.09,121.462
74DA38F7C514,2026-02-18,04:08:25,15.87,96.0,10.0,25.051,121.518
74DA38F7C5BE,2026-02-18,04:08:26,15.75,79.0,13.0,25.092,121.523
74DA38F20A30,2026-02-18,04:08:33,15.25,86.0,0.0,24.948,121.372
74DA38F7C566,2026-02-18,04:08:44,16.87,100.0,0.0,25.051,121.448
74DA38F2113E,2026-02-18,04:08:47,-4.0,0.0,5.0,22.728,120.313
74DA38F20C26,2026-02-18,04:08:53,23.0,73.0,22.0,22.676,120.342
74DA38F7C59C,2026-02-18,04:08:53,15.5,74.0,12.0,25.103,121.487
74DA38F20D1A,2026-02-18,04:09:01,15.62,84.0,0.0,25.078,121.541
74DA38F7C3BA,2026-02-18,04:09:04,118.87,46.0,109.0,25.174,121.441
74DA38F7C29C,2026-02-18,04:09:08,16.12,100.0,9.0,25.02,121.416
74DA38F21024,2026-02-18,04:09:22,16.12,100.0,0.0,24.93,121.036
74DA38F209EE,2026-02-18,04:09:23,22.0,100.0,0.0,23.026,121.33
74DA38F20D4C,2026-02-18,04:09:26,21.25,100.0,0.0,22.971,121.303
74DA38F20E34,2026-02-18,04:09:26,22.12,75.0,25.0,22.586,120.313
74DA38ED06E0,2026-02-18,04:09:31,19.12,90.0,0.0,23.601,121.521
74DA38F7C30E,2026-02-18,04:09:31,15.5,100.0,10.0,24.949,121.382
74DA38F7C39A,2026-02-18,04:09:33,15.62,100.0,0.0,25.002,121.414
74DA38ED05EA,2026-02-18,04:09:38,18.25,100.0,1.0,23.394,121.357
74DA38F7C464,2026-02-18,04:09:38,14.25,39.0,0.0,25.006,121.413
74DA38F7C3B2,2026-02-18,04:09:45,19.37,67.0,5.0,24.929,121.378
74DA38F207DE,2026-02-18,04:09:46,23.25,100.0,34.0,22.603,120.34
74DA38F7C562,2026-02-18,04:09:46,14.87,88.0,10.0,25.021,121.418
74DA38F20C22,2026-02-18,04:09:52,22.75,100.0,1.0,22.729,120.357
74DA38F210A2,2026-02-18,04:09:56,16.25,100.0,2.0,25.12,121.466
74DA38F20DC0,2026-02-18,04:09:58,21.75,100.0,2.0,22.711,120.295
74DA38F20EB2,2026-02-18,04:10:06,13.25,100.0,12.0,24.324,120.835
74DA38F7C40C,2026-02-18,04:10:17,14.62,100.0,0.0,24.995,121.52
74DA38F20AAA,2026-02-18,04:10:22,14.25,100.0,5.0,24.6,120.999
74DA38F7C37C,2026-02-18,04:10:22,12.25,100.0,1.0,25.111,121.856
74DA38F2104E,2026-02-18,04:10:32,25.12,94.0,29.0,23.108,120.7
74DA38F210E4,2026-02-18,04:10:43,20.62,100.0,13.0,23.24,120.696
74DA38F7C570,2026-02-18,04:10:44,13.87,100.0,0.0,25.239,121.63
74DA38F7C31C,2026-02-18,04:10:50,15.37,100.0,0.0,24.93,121.372
74DA38F20AA4,2026-02-18,04:10:53,26.12,87.0,16.0,22.685,120.492
74DA38ED0454,2026-02-18,04:10:55,19.37,100.0,7.0,24.053,121.599
74DA38F7C524,2026-02-18,04:10:59,13.5,100.0,36.0,25.002,121.552
74DA38F208E2,2026-02-18,04:11:01,16.37,100.0,9.0,24.688,121.766
74DA38F209B2,2026-02-18,04:11:03,21.62,100.0,3.0,22.363,120.599
74DA38F20B5C,2026-02-18,04:11:03,-4.0,0.0,29.0,22.798,120.293
74DA38F20B80,2026-02-18,04:11:03,22.12,100.0,30.0,22.599,120.35
74DA38ED04F2,2026-02-18,04:11:07,18.87,100.0,3.0,23.468,121.496
74DA38F21204,2026-02-18,04:11:09,21.87,100.0,0.0,25.062,121.451
74DA38F209F8,2026-02-18,04:11:13,19.12,100.0,0.0,23.157,121.4
74DA38F7C3D6,2026-02-18,04:11:24,16.25,100.0,0.0,25.045,121.541
74DA38F20D16,2026-02-18,04:11:25,16.37,100.0,13.0,25.062,121.526
74DA38F7C63C,2026-02-18,04:11:25,85.25,100.0,6.0,24.998,121.425
74DA38F7C5E6,2026-02-18,04:11:27,16.37,100.0,6.0,25.107,121.843
74DA38F20E6E,2026-02-18,04:11:32,14.0,87.0,0.0,24.41,120.902
74DA38F20D2E,2026-02-18,04:11:33,16.0,100.0,0.0,25.06,121.545
74DA38ED059C,2026-02-18,04:11:37,16.62,100.0,14.0,23.706,121.412
74DA38F7C616,2026-02-18,04:11:38,15.62,100.0,0.0,25.031,121.563
74DA38F21048,2026-02-18,04:11:42,22.12,100.0,31.0,22.595,120.341
74DA38ED0640,2026-02-18,04:11:47,17.5,100.0,1.0,23.154,121.266
74DA38F20DE0,2026-02-18,04:11:51,24.0,100.0,0.0,22.589,120.328
74DA38F20902,2026-02-18,04:12:01,23.87,91.0,0.0,22.204,120.7
74DA38ED05B6,2026-02-18,04:12:03,17.87,100.0,2.0,23.43,121.348
74DA38F20976,2026-02-18,04:12:05,15.25,90.0,16.0,25.127,121.746
74DA38F20B26,2026-02-18,04:12:05,23.75,100.0,19.0,22.783,120.247
74DA38F20D1E,2026-02-18,04:12:09,15.37,100.0,16.0,25.048,121.573
74DA38F7C30C,2026-02-18,04:12:12,15.12,99.0,0.0,24.975,121.532
74DA38F20A78,2026-02-18,04:12:13,19.87,100.0,0.0,22.904,121.124
74DA38F21136,2026-02-18,04:12:15,15.12,100.0,7.0,25.119,121.505
74DA38F7C41E,2026-02-18,04:12:16,16.75,74.0,8.0,25.054,121.517
74DA38F20B88,2026-02-18,04:12:26,22.37,100.0,0.0,22.75,120.316
74DA38F209A4,2026-02-18,04:12:36,23.87,100.0,2.0,22.702,120.572
74DA38F7C260,2026-02-18,04:12:38,15.87,100.0,0.0,25.065,121.425
74DA38F20DD0,2026-02-18,04:12:51,22.75,100.0,3.0,22.6080258,120.3229833
74DA38F7C53C,2026-02-18,04:12:54,14.0,100.0,0.0,25.11,121.804
74DA38F209DE,2026-02-18,04:13:03,15.87,100.0,1.0,24.861,120.964
74DA38F20D2A,2026-02-18,04:13:05,15.75,71.0,0.0,25.048,121.573
74DA38F20BE4,2026-02-18,04:13:06,15.0,100.0,23.0,24.791,120.957
74DA38F7C5A0,2026-02-18,04:13:07,15.62,89.0,0.0,25.107,121.518
74DA38F20D70,2026-02-18,04:13:08,18.87,100.0,0.0,23.05,121.164
74DA38F20F0A,2026-02-18,04:13:08,24.25,100.0,17.0,22.995,120.635
74DA38F20BE0,2026-02-18,04:13:13,24.12,100.0,0.0,22.73,120.346
74DA38F210F6,2026-02-18,04:13:17,22.75,100.0,1.0,22.757426,121.158891
74DA38ED0630,2026-02-18,04:13:23,18.75,100.0,0.0,23.994,121.594
74DA38F7C600,2026-02-18,04:13:24,21.25,57.0,5.0,25.07,121.586
74DA38F21054,2026-02-18,04:13:25,24.87,63.0,19.0,22.898,120.627
74DA38F20BCA,2026-02-18,04:13:27,15.0,100.0,0.0,25.079,121.58
74DA38F7C366,2026-02-18,04:13:28,15.25,100.0,6.0,25.002,121.516
74DA38F20BD0,2026-02-18,04:13:36,-4.0,0.0,18.0,22.688,120.408
74DA38F20D6C,2026-02-18,04:13:39,21.37,80.0,0.0,22.661,120.301
74DA38F7C3DC,2026-02-18,04:13:40,14.25,100.0,13.0,25.003,121.539
74DA38F7C610,2026-02-18,04:13:43,17.37,79.0,11.0,25.063,121.564
74DA38F7C5CE,2026-02-18,04:13:50,14.87,92.0,1.0,25.066,121.656
74DA38F7C47E,2026-02-18,04:13:56,16.62,100.0,16.0,25.053963,121.427681
74DA38F21088,2026-02-18,04:13:58,15.5,100.0,0.0,25.068,121.588
74DA38F20AE6,2026-02-18,04:13:59,25.12,100.0,11.0,22.63,120.348
74DA38F20E9E,2026-02-18,04:14:07,15.12,100.0,7.0,24.648,121.151
74DA38F7C3DE,2026-02-18,04:14:10,16.12,100.0,286.0,24.972,121.537
74DA38F7C514,2026-02-18,04:14:32,15.87,96.0,11.0,25.051,121.518
74DA38F7C5BE,2026-02-18,04:14:32,15.75,79.0,13.0,25.092,121.523
74DA38F7C47C,2026-02-18,04:14:34,16.12,93.0,0.0,25.055,121.455
74DA38F7C4DE,2026-02-18,04:14:37,16.75,100.0,0.0,25.09,121.462
74DA38F7C560,2026-02-18,04:14:44,14.25,100.0,0.0,25.079,121.671
74DA38F7C59C,2026-02-18,04:14:59,15.37,74.0,12.0,25.103,121.487
74DA38F20C26,2026-02-18,04:15:02,22.87,73.0,24.0,22.676,120.342
74DA38F20A30,2026-02-18,04:15:04,15.25,86.0,0.0,24.948,121.372
74DA38F7C3BA,2026-02-18,04:15:08,118.87,46.0,107.0,25.174,121.441
74DA38F7C566,2026-02-18,04:15:12,16.75,100.0,0.0,25.051,121.448
74DA38F7C29C,2026-02-18,04:15:14,16.25,100.0,9.0,25.02,121.416
74DA38F20B82,2026-02-18,04:15:25,-4.0,0.0,0.0,22.847,120.465
74DA38F209EE,2026-02-18,04:15:29,21.87,100.0,0.0,23.026,121.33
74DA38F209A8,2026-02-18,04:15:30,-4.0,0.0,2.0,22.401,120.577
74DA38F20D1A,2026-02-18,04:15:31,15.62,84.0,0.0,25.078,121.541
74DA38ED06E0,2026-02-18,04:15:37,19.25,90.0,0.0,23.601,121.521
74DA38F20E34,2026-02-18,04:15:39,22.12,74.0,26.0,22.586,120.313
74DA38F7C30E,2026-02-18,04:15:41,15.5,100.0,10.0,24.949,121.382
74DA38ED05EA,2026-02-18,04:15:44,18.25,100.0,1.0,23.394,121.357
74DA38F21024,2026-02-18,04:15:50,16.12,100.0,0.0,24.93,121.036
74DA38F7C3B2,2026-02-18,04:15:52,19.37,67.0,5.0,24.929,121.378
74DA38F20D4C,2026-02-18,04:15:53,21.0,100.0,0.0,22.971,121.303
74DA38F7C562,2026-02-18,04:15:54,14.87,63.0,10.0,25.021,121.418
74DA38F207DE,2026-02-18,04:15:56,23.37,100.0,34.0,22.603,120.34
74DA38F210A2,2026-02-18,04:16:01,16.25,100.0,2.0,25.12,121.466
74DA38F7C39A,2026-02-18,04:16:02,15.62,100.0,0.0,25.002,121.414
74DA38F2113E,2026-02-18,04:16:06,-4.0,0.0,4.0,22.728,120.313
74DA38F7C464,2026-02-18,04:16:08,14.37,39.0,0.0,25.006,121.413
74DA38F20EB2,2026-02-18,04:16:17,13.5,100.0,12.0,24.324,120.835
74DA38F20C22,2026-02-18,04:16:22,22.87,100.0,0.0,22.729,120.357
74DA38F7C40C,2026-02-18,04:16:24,14.62,100.0,0.0,24.995,121.52
74DA38F20DC0,2026-02-18,04:16:27,21.87,100.0,1.0,22.711,120.295
74DA38F20AAA,2026-02-18,04:16:29,14.25,100.0,6.0,24.6,120.999
74DA38F2104E,2026-02-18,04:16:43,25.12,94.0,30.0,23.108,120.7
74DA38F210E4,2026-02-18,04:16:50,20.87,100.0,12.0,23.24,120.696
74DA38F7C37C,2026-02-18,04:16:50,12.37,100.0,0.0,25.111,121.856
74DA38F20AA4,2026-02-18,04:17:00,26.25,87.0,16.0,22.685,120.492
74DA38F208E2,2026-02-18,04:17:06,16.5,100.0,2.0,24.688,121.766
74DA38ED0454,2026-02-18,04:17:08,19.37,100.0,7.0,24.053,121.599
74DA38ED04F2,2026-02-18,04:17:14,18.75,100.0,3.0,23.468,121.496
74DA38F7C570,2026-02-18,04:17:14,13.87,100.0,0.0,25.239,121.63
74DA38F21204,2026-02-18,04:17:15,21.87,100.0,0.0,25.062,121.451
74DA38F7C4CC,2026-02-18,04:17:18,15.87,100.0,8.0,25.062,121.451
74DA38F7C31C,2026-02-18,04:17:24,15.5,100.0,0.0,24.93,121.372
74DA38F209B2,2026-02-18,04:17:30,21.87,100.0,0.0,22.363,120.599
74DA38F20D16,2026-02-18,04:17:32,16.5,100.0,14.0,25.062,121.526
74DA38F7C524,2026-02-18,04:17:32,13.62,100.0,38.0,25.002,121.552
74DA38F7C63C,2026-02-18,04:17:33,85.25,100.0,6.0,24.998,121.425
74DA38F20E6E,2026-02-18,04:17:34,14.25,86.0,0.0,24.41,120.902
74DA38F20B80,2026-02-18,04:17:35,22.25,100.0,40.0,22.599,120.35
74DA38F7C5E6,2026-02-18,04:17:36,16.5,100.0,7.0,25.107,121.843
74DA38F209F8,2026-02-18,04:17:41,19.0,100.0,0.0,23.157,121.4
74DA38ED059C,2026-02-18,04:17:44,16.62,100.0,15.0,23.706,121.412
74DA38F7C3D6,2026-02-18,04:17:52,16.37,100.0,0.0,25.045,121.541
74DA38ED0640,2026-02-18,04:17:54,17.37,100.0,1.0,23.154,121.266
74DA38F20D2E,2026-02-18,04:18:02,15.87,100.0,0.0,25.06,121.545
74DA38F20902,2026-02-18,04:18:08,24.0,92.0,0.0,22.204,120.7
74DA38ED05B6,2026-02-18,04:18:10,17.87,100.0,3.0,23.43,121.348
74DA38F20976,2026-02-18,04:18:12,15.25,91.0,15.0,25.127,121.746
74DA38F21048,2026-02-18,04:18:13,22.37,100.0,26.0,22.595,120.341
74DA38F20A78,2026-02-18,04:18:18,20.0,100.0,0.0,22.904,121.124
74DA38F20B26,2026-02-18,04:18:20,23.87,100.0,15.0,22.783,120.247
74DA38F20DE0,2026-02-18,04:18:20,24.12,100.0,0.0,22.589,120.328
74DA38F21136,2026-02-18,04:18:21,15.12,100.0,7.0,25.119,121.505
74DA38F20D1E,2026-02-18,04:18:23,15.5,100.0,18.0,25.048,121.573
74DA38F7C41E,2026-02-18,04:18:23,16.75,73.0,9.0,25.054,121.517
74DA38F7C30C,2026-02-18,04:18:31,15.25,99.0,0.0,24.975,121.532
74DA38F209A4,2026-02-18,04:19:06,23.87,100.0,0.0,22.702,120.572
74DA38F7C260,2026-02-18,04:19:12,15.75,100.0,0.0,25.065,121.425
74DA38F20D70,2026-02-18,04:19:13,18.75,99.0,0.0,23.05,121.164
74DA38F20BE4,2026-02-18,04:19:15,15.12,100.0,24.0,24.791,120.957
74DA38F20F0A,2026-02-18,04:19:16,24.12,100.0,16.0,22.995,120.635
74DA38F20DD0,2026-02-18,04:19:19,23.0,100.0,2.0,22.6080258,120.3229833
74DA38F210F6,2026-02-18,04:19:22,22.75,100.0,0.0,22.757426,121.158891
74DA38F7C53C,2026-02-18,04:19:22,14.12,100.0,0.0,25.11,121.804
74DA38F7C600,2026-02-18,04:19:29,21.37,57.0,5.0,25.07,121.586
74DA38F209DE,2026-02-18,04:19:31,15.87,100.0,2.0,24.861,120.964
74DA38F21054,2026-02-18,04:19:32,24.87,63.0,19.0,22.898,120.627
74DA38F7C366,2026-02-18,04:19:33,15.37,100.0,6.0,25.002,121.516
74DA38F20D2A,2026-02-18,04:19:35,15.87,72.0,0.0,25.048,121.573
74DA38F7C5A0,2026-02-18,04:19:35,15.62,89.0,0.0,25.107,121.518
74DA38F20BE0,2026-02-18,04:19:41,24.37,100.0,0.0,22.73,120.346
74DA38F7C3DC,2026-02-18,04:19:47,14.37,100.0,14.0,25.003,121.539
74DA38F7C610,2026-02-18,04:19:51,17.37,79.0,11.0,25.063,121.564
74DA38ED0630,2026-02-18,04:19:52,18.75,100.0,0.0,23.994,121.594
74DA38F7C47E,2026-02-18,04:20:04,16.62,100.0,15.0,25.053963,121.427681
74DA38F20AE6,2026-02-18,04:20:05,25.12,100.0,11.0,22.63,120.348
74DA38F7C3DE,2026-02-18,04:20:05,16.12,100.0,296.0,24.972,121.537
74DA38F20D6C,2026-02-18,04:20:07,21.62,80.0,0.0,22.661,120.301
74DA38F20E9E,2026-02-18,04:20:13,15.12,100.0,8.0,24.648,121.151
74DA38F7C5CE,2026-02-18,04:20:18,14.75,92.0,0.0,25.066,121.656
74DA38F21088,2026-02-18,04:20:27,15.25,100.0,0.0,25.068,121.588
74DA38F20B5C,2026-02-18,04:20:30,-4.0,0.0,27.0,22.798,120.293
74DA38F7C5BE,2026-02-18,04:20:38,15.62,79.0,13.0,25.092,121.523
74DA38F7C514,2026-02-18,04:20:41,15.87,96.0,11.0,25.051,121.518
74DA38F7C47C,2026-02-18,04:20:43,16.12,94.0,0.0,25.055,121.455
74DA38F7C4DE,2026-02-18,04:20:51,16.87,100.0,0.0,25.09,121.462
74DA38F7C59C,2026-02-18,04:21:05,15.37,74.0,13.0,25.103,121.487
74DA38F7C3BA,2026-02-18,04:21:09,118.87,46.0,109.0,25.174,121.441
74DA38F20C26,2026-02-18,04:21:10,22.75,73.0,24.0,22.676,120.342
74DA38F7C560,2026-02-18,04:21:12,14.37,100.0,0.0,25.079,121.671
74DA38F7C29C,2026-02-18,04:21:20,16.25,99.0,9.0,25.02,121.416
74DA38F20A30,2026-02-18,04:21:32,15.37,86.0,0.0,24.948,121.372
74DA38F209EE,2026-02-18,04:21:35,21.87,100.0,0.0,23.026,121.33
74DA38F7C566,2026-02-18,04:21:41,16.75,100.0,0.0,25.051,121.448
74DA38ED06E0,2026-02-18,04:21:43,19.25,90.0,0.0,23.601,121.521
74DA38ED05EA,2026-02-18,04:21:50,18.25,100.0,1.0,23.394,121.357
74DA38F20E34,2026-02-18,04:21:53,22.12,75.0,26.0,22.586,120.313
74DA38F7C30E,2026-02-18,04:21:54,15.5,100.0,9.0,24.949,121.382
74DA38F7C3B2,2026-02-18,04:21:59,19.37,67.0,5.0,24.929,121.378
74DA38F20D1A,2026-02-18,04:22:01,15.75,85.0,0.0,25.078,121.541
74DA38F207DE,2026-02-18,04:22:04,23.5,100.0,34.0,22.603,120.34
74DA38F210A2,2026-02-18,04:22:08,16.25,100.0,2.0,25.12,121.466
74DA38F7C562,2026-02-18,04:22:14,14.75,70.0,11.0,25.021,121.418
74DA38F21024,2026-02-18,04:22:19,16.25,100.0,0.0,24.93,121.036
74DA38F20D4C,2026-02-18,04:22:20,20.75,100.0,0.0,22.971,121.303
74DA38F20EB2,2026-02-18,04:22:27,13.62,100.0,12.0,24.324,120.835
74DA38F7C40C,2026-02-18,04:22:31,14.62,100.0,0.0,24.995,121.52
74DA38F7C39A,2026-02-18,04:22:32,15.75,100.0,1.0,25.002,121.414
74DA38F20AAA,2026-02-18,04:22:35,14.37,100.0,7.0,24.6,120.999
74DA38F7C464,2026-02-18,04:22:36,14.5,39.0,0.0,25.006,121.413
74DA38F20C22,2026-02-18,04:22:50,23.0,100.0,0.0,22.729,120.357
74DA38F2104E,2026-02-18,04:22:52,24.87,94.0,31.0,23.108,120.7
74DA38F20DC0,2026-02-18,04:22:54,22.0,100.0,3.0,22.711,120.295
74DA38F210E4,2026-02-18,04:22:57,21.0,100.0,12.0,23.24,120.696
74DA38F20AA4,2026-02-18,04:23:09,26.25,87.0,17.0,22.685,120.492
74DA38F208E2,2026-02-18,04:23:11,16.37,100.0,2.0,24.688,121.766
74DA38F7C37C,2026-02-18,04:23:18,12.37,100.0,0.0,25.111,121.856
74DA38F21204,2026-02-18,04:23:21,21.87,100.0,0.0,25.062,121.451
74DA38ED0454,2026-02-18,04:23:23,19.5,100.0,6.0,24.053,121.599
74DA38ED04F2,2026-02-18,04:23:23,18.62,100.0,3.0,23.468,121.496
74DA38F2113E,2026-02-18,04:23:25,-4.0,0.0,9.0,22.728,120.313
74DA38F7C4CC,2026-02-18,04:23:25,15.37,100.0,7.0,25.062,121.451
74DA38F7C338,2026-02-18,04:23:31,18.12,91.0,10.0,25.011,121.458
74DA38F20E6E,2026-02-18,04:23:36,14.37,86.0,0.0,24.41,120.902
74DA38F20D16,2026-02-18,04:23:39,16.5,100.0,14.0,25.062,121.526
74DA38F7C63C,2026-02-18,04:23:40,85.25,100.0,6.0,24.998,121.425
74DA38F7C570,2026-02-18,04:23:43,14.0,100.0,0.0,25.239,121.63
74DA38F7C5E6,2026-02-18,04:23:44,16.5,100.0,7.0,25.107,121.843
74DA38ED059C,2026-02-18,04:23:51,16.62,100.0,4.0,23.706,121.412
74DA38F7C31C,2026-02-18,04:23:53,15.5,100.0,0.0,24.93,121.372
74DA38F209B2,2026-02-18,04:23:57,22.0,100.0,0.0,22.363,120.599
74DA38ED0640,2026-02-18,04:24:01,17.25,100.0,1.0,23.154,121.266
74DA38F7C524,2026-02-18,04:24:06,13.62,100.0,37.0,25.002,121.552
74DA38F20BD0,2026-02-18,04:24:07,-4.0,0.0,18.0,22.688,120.408
74DA38F209F8,2026-02-18,04:24:08,19.0,100.0,0.0,23.157,121.4
74DA38F20B80,2026-02-18,04:24:08,22.5,100.0,44.0,22.599,120.35
74DA38F20902,2026-02-18,04:24:15,24.12,92.0,0.0,22.204,120.7
74DA38ED05B6,2026-02-18,04:24:16,18.0,100.0,3.0,23.43,121.348
74DA38F20976,2026-02-18,04:24:20,15.37,90.0,15.0,25.127,121.746
74DA38F7C3D6,2026-02-18,04:24:21,16.62,100.0,0.0,25.045,121.541
74DA38F20A78,2026-02-18,04:24:26,19.87,100.0,0.0,22.904,121.124
74DA38F21136,2026-02-18,04:24:28,15.12,100.0,7.0,25.119,121.505
74DA38F7C41E,2026-02-18,04:24:30,16.75,74.0,9.0,25.054,121.517
74DA38F20D2E,2026-02-18,04:24:31,15.87,100.0,0.0,25.06,121.545
74DA38F7C616,2026-02-18,04:24:31,15.87,100.0,0.0,25.031,121.563
74DA38F20B26,2026-02-18,04:24:33,24.0,100.0,15.0,22.783,120.247
74DA38F20D1E,2026-02-18,04:24:33,15.5,100.0,17.0,25.048,121.573
74DA38F7C30C,2026-02-18,04:24:43,15.25,99.0,0.0,24.975,121.532
74DA38F21048,2026-02-18,04:24:47,22.37,100.0,28.0,22.595,120.341
74DA38F20DE0,2026-02-18,04:24:48,24.25,100.0,0.0,22.589,120.328
74DA38F20B82,2026-02-18,04:24:57,-4.0,0.0,0.0,22.847,120.465
74DA38F2118E,2026-02-18,04:25:03,14.12,100.0,44.0,26.148,119.935
74DA38F209A8,2026-02-18,04:25:09,-4.0,0.0,0.0,22.401,120.577
74DA38F20D70,2026-02-18,04:25:19,18.75,100.0,0.0,23.05,121.164
74DA38F20F0A,2026-02-18,04:25:23,24.12,100.0,16.0,22.995,120.635
74DA38F20BE4,2026-02-18,04:25:24,15.25,100.0,24.0,24.791,120.957
74DA38F210F6,2026-02-18,04:25:27,23.0,100.0,1.0,22.757426,121.158891
74DA38F209A4,2026-02-18,04:25:34,24.0,100.0,0.0,22.702,120.572
74DA38F7C600,2026-02-18,04:25:35,21.37,57.0,5.0,25.07,121.586
74DA38F21054,2026-02-18,04:25:38,24.87,63.0,19.0,22.898,120.627
74DA38F7C366,2026-02-18,04:25:40,15.37,100.0,6.0,25.002,121.516
74DA38F7C260,2026-02-18,04:25:45,15.87,100.0,0.0,25.065,121.425
74DA38F20DD0,2026-02-18,04:25:49,22.75,100.0,6.0,22.6080258,120.3229833
74DA38F7C53C,2026-02-18,04:25:49,14.12,100.0,0.0,25.11,121.804
74DA38F7C3DC,2026-02-18,04:25:54,14.62,100.0,15.0,25.003,121.539
74DA38F7C610,2026-02-18,04:25:59,17.37,79.0,12.0,25.063,121.564
74DA38F209DE,2026-02-18,04:26:00,16.12,100.0,1.0,24.861,120.964
74DA38F7C3DE,2026-02-18,04:26:01,16.12,100.0,281.0,24.972,121.537
74DA38F7C5A0,2026-02-18,04:26:03,15.75,89.0,0.0,25.107,121.518
74DA38F20BE0,2026-02-18,04:26:08,24.25,100.0,0.0,22.73,120.346
74DA38F7C47E,2026-02-18,04:26:11,16.75,100.0,15.0,25.053963,121.427681
74DA38F20AE6,2026-02-18,04:26:12,25.12,100.0,11.0,22.63,120.348
74DA38F20D2A,2026-02-18,04:26:14,16.0,72.0,0.0,25.048,121.573
74DA38F20E9E,2026-02-18,04:26:19,15.12,100.0,8.0,24.648,121.151
74DA38ED0630,2026-02-18,04:26:22,18.75,100.0,0.0,23.994,121.594
74DA38F20D6C,2026-02-18,04:26:34,21.5,80.0,0.0,22.661,120.301
74DA38F7C5BE,2026-02-18,04:26:46,15.75,80.0,15.0,25.092,121.523
74DA38F7C5CE,2026-02-18,04:26:46,14.87,92.0,0.0,25.066,121.656
74DA38F7C514,2026-02-18,04:26:49,15.87,96.0,11.0,25.051,121.518
74DA38F7C47C,2026-02-18,04:26:52,16.25,93.0,0.0,25.055,121.455
74DA38F21088,2026-02-18,04:26:55,15.37,100.0,0.0,25.068,121.588
74DA38F20BCA,2026-02-18,04:26:57,15.25,100.0,0.0,25.079,121.58
74DA38F7C3BA,2026-02-18,04:27:09,118.87,46.0,110.0,25.174,121.441
74DA38F7C59C,2026-02-18,04:27:12,15.25,75.0,13.0,25.103,121.487
74DA38F20C26,2026-02-18,04:27:20,22.75,73.0,23.0,22.676,120.342
74DA38F7C29C,2026-02-18,04:27:26,16.25,100.0,10.0,25.02,121.416
74DA38F209EE,2026-02-18,04:27:40,21.62,100.0,0.0,23.026,121.33
74DA38F7C560,2026-02-18,04:27:42,14.62,100.0,0.0,25.079,121.671
74DA38ED06E0,2026-02-18,04:27:50,19.25,90.0,0.0,23.601,121.521
74DA38ED05EA,2026-02-18,04:27:56,18.25,100.0,2.0,23.394,121.357
74DA38F20A30,2026-02-18,04:28:03,15.25,86.0,0.0,24.948,121.372
74DA38F20E34,2026-02-18,04:28:06,22.12,74.0,25.0,22.586,120.313
74DA38F7C30E,2026-02-18,04:28:07,15.5,100.0,9.0,24.949,121.382
74DA38F7C3B2,2026-02-18,04:28:07,19.37,67.0,5.0,24.929,121.378
74DA38F7C566,2026-02-18,04:28:09,16.87,100.0,0.0,25.051,121.448
74DA38F207DE,2026-02-18,04:28:12,23.62,100.0,33.0,22.603,120.34
74DA38F210A2,2026-02-18,04:28:14,16.25,100.0,2.0,25.12,121.466
74DA38F20D1A,2026-02-18,04:28:29,15.75,84.0,0.0,25.078,121.541
74DA38F20EB2,2026-02-18,04:28:34,13.87,100.0,12.0,24.324,120.835
74DA38F7C40C,2026-02-18,04:28:39,14.75,100.0,0.0,24.995,121.52
74DA38F20AAA,2026-02-18,04:28:41,14.5,100.0,7.0,24.6,120.999
74DA38F21024,2026-02-18,04:28:47,16.25,100.0,0.0,24.93,121.036
74DA38F20D4C,2026-02-18,04:28:48,20.75,100.0,0.0,22.971,121.303
74DA38F7C39A,2026-02-18,04:28:59,15.75,100.0,0.0,25.002,121.414
74DA38F2104E,2026-02-18,04:29:01,24.62,95.0,39.0,23.108,120.7
74DA38F210E4,2026-02-18,04:29:05,21.12,100.0,13.0,23.24,120.696
74DA38F7C464,2026-02-18,04:29:05,14.62,36.0,0.0,25.006,121.413
74DA38F20AA4,2026-02-18,04:29:15,26.37,87.0,17.0,22.685,120.492
74DA38F208E2,2026-02-18,04:29:17,16.25,100.0,2.0,24.688,121.766
74DA38F20C22,2026-02-18,04:29:19,23.12,100.0,0.0,22.729,120.357
74DA38F20DC0,2026-02-18,04:29:22,22.0,100.0,2.0,22.711,120.295
74DA38F21204,2026-02-18,04:29:27,22.0,100.0,0.0,25.062,121.451
74DA38ED04F2,2026-02-18,04:29:30,18.62,100.0,3.0,23.468,121.496
74DA38ED0454,2026-02-18,04:29:31,19.37,100.0,6.0,24.053,121.599
74DA38F7C4CC,2026-02-18,04:29:32,15.5,100.0,7.0,25.062,121.451
74DA38F20E6E,2026-02-18,04:29:37,14.37,85.0,0.0,24.41,120.902
74DA38F20D16,2026-02-18,04:29:45,16.5,100.0,14.0,25.062,121.526
74DA38F7C37C,2026-02-18,04:29:47,12.5,100.0,0.0,25.111,121.856
74DA38F7C63C,2026-02-18,04:29:47,85.25,100.0,7.0,24.998,121.425
74DA38F7C5E6,2026-02-18,04:29:51,16.37,100.0,8.0,25.107,121.843
74DA38ED059C,2026-02-18,04:30:00,16.75,100.0,6.0,23.706,121.412
74DA38F20B5C,2026-02-18,04:30:00,-4.0,0.0,26.0,22.798,120.293
74DA38ED0640,2026-02-18,04:30:09,17.25,100.0,1.0,23.154,121.266
74DA38F7C570,2026-02-18,04:30:11,14.0,100.0,0.0,25.239,121.63
74DA38F20902,2026-02-18,04:30:21,24.12,92.0,1.0,22.204,120.7
74DA38ED05B6,2026-02-18,04:30:22,18.0,100.0,4.0,23.43,121.348
74DA38F7C31C,2026-02-18,04:30:24,15.5,100.0,1.0,24.93,121.372
74DA38F209B2,2026-02-18,04:30:26,21.87,100.0,1.0,22.363,120.599
74DA38F20976,2026-02-18,04:30:28,15.25,90.0,15.0,25.127,121.746
74DA38F20A78,2026-02-18,04:30:32,19.87,100.0,0.0,22.904,121.124
74DA38F21136,2026-02-18,04:30:34,15.0,100.0,6.0,25.119,121.505
74DA38F209F8,2026-02-18,04:30:36,19.12,100.0,0.0,23.157,121.4
74DA38F7C41E,2026-02-18,04:30:36,16.75,73.0,10.0,25.054,121.517
74DA38F7C524,2026-02-18,04:30:38,13.62,100.0,38.0,25.002,121.552
74DA38F20D1E,2026-02-18,04:30:39,15.62,100.0,17.0,25.048,121.573
74DA38F20B80,2026-02-18,04:30:40,22.87,100.0,37.0,22.599,120.35
74DA38F2113E,2026-02-18,04:30:42,-4.0,0.0,7.0,22.728,120.313
74DA38F7C3D6,2026-02-18,04:30:48,16.37,100.0,0.0,25.045,121.541
74DA38F7C616,2026-02-18,04:30:49,15.87,100.0,0.0,25.031,121.563
74DA38F20B26,2026-02-18,04:30:51,24.0,100.0,15.0,22.783,120.247
74DA38F20D2E,2026-02-18,04:30:59,15.75,100.0,0.0,25.06,121.545
74DA38F7C30C,2026-02-18,04:31:01,15.25,99.0,0.0,24.975,121.532
74DA38F20DE0,2026-02-18,04:31:16,24.37,100.0,0.0,22.589,120.328
74DA38F21048,2026-02-18,04:31:19,22.25,100.0,29.0,22.595,120.341
74DA38F20D70,2026-02-18,04:31:26,18.62,100.0,0.0,23.05,121.164
74DA38F20BE4,2026-02-18,04:31:31,15.25,100.0,23.0,24.791,120.957
74DA38F20F0A,2026-02-18,04:31:31,24.37,100.0,16.0,22.995,120.635
74DA38F210F6,2026-02-18,04:31:32,23.0,100.0,1.0,22.757426,121.158891
74DA38F2118E,2026-02-18,04:31:37,14.37,100.0,45.0,26.148,119.935
74DA38F7C600,2026-02-18,04:31:40,21.5,54.0,5.0,25.07,121.586
74DA38F21054,2026-02-18,04:31:45,24.87,63.0,19.0,22.898,120.627
74DA38F7C366,2026-02-18,04:31:47,15.25,100.0,7.0,25.002,121.516
74DA38F7C3DE,2026-02-18,04:31:57,16.12,100.0,289.0,24.972,121.537
74DA38F7C3DC,2026-02-18,04:32:01,14.62,100.0,15.0,25.003,121.539
74DA38F209A4,2026-02-18,04:32:02,24.12,100.0,0.0,22.702,120.572
74DA38F7C610,2026-02-18,04:32:06,17.37,79.0,12.0,25.063,121.564
74DA38F20AE6,2026-02-18,04:32:18,25.12,100.0,11.0,22.63,120.348
74DA38F7C53C,2026-02-18,04:32:18,14.25,100.0,0.0,25.11,121.804
74DA38F7C47E,2026-02-18,04:32:19,16.62,100.0,15.0,25.053963,121.427681
74DA38F20DD0,2026-02-18,04:32:20,23.0,100.0,2.0,22.6080258,120.3229833
74DA38F20E9E,2026-02-18,04:32:26,15.12,100.0,10.0,24.648,121.151
74DA38F209DE,2026-02-18,04:32:31,15.87,100.0,4.0,24.861,120.964
74DA38F7C5A0,2026-02-18,04:32:33,15.62,89.0,0.0,25.107,121.518
74DA38F7C260,2026-02-18,04:32:34,15.87,100.0,0.0,25.065,121.425
74DA38F20BE0,2026-02-18,04:32:36,24.62,100.0,0.0,22.73,120.346
74DA38F20D2A,2026-02-18,04:32:43,16.12,72.0,0.0,25.048,121.573
74DA38ED0630,2026-02-18,04:32:51,18.75,100.0,0.0,23.994,121.594
74DA38F7C5BE,2026-02-18,04:32:54,15.87,79.0,14.0,25.092,121.523
74DA38F7C514,2026-02-18,04:32:57,15.87,96.0,12.0,25.051,121.518
74DA38F7C47C,2026-02-18,04:33:00,16.37,93.0,0.0,25.055,121.455
74DA38F20D6C,2026-02-18,04:33:08,21.62,79.0,0.0,22.661,120.301
74DA38F7C3BA,2026-02-18,04:33:14,118.87,46.0,111.0,25.174,121.441
74DA38F7C5CE,2026-02-18,04:33:15,15.0,92.0,0.0,25.066,121.656
74DA38F7C59C,2026-02-18,04:33:17,15.37,75.0,13.0,25.103,121.487
74DA38F21088,2026-02-18,04:33:24,15.5,100.0,0.0,25.068,121.588
74DA38F20BCA,2026-02-18,04:33:28,15.25,100.0,0.0,25.079,121.58
74DA38F20C26,2026-02-18,04:33:31,22.75,73.0,25.0,22.676,120.342
74DA38F7C29C,2026-02-18,04:33:32,16.25,100.0,9.0,25.02,121.416
74DA38F7C4DE,2026-02-18,04:33:37,16.62,100.0,0.0,25.09,121.462
74DA38F209EE,2026-02-18,04:33:45,21.5,100.0,0.0,23.026,121.33
74DA38ED06E0,2026-02-18,04:33:57,19.37,91.0,0.0,23.601,121.521
74DA38ED05EA,2026-02-18,04:34:02,18.12,100.0,1.0,23.394,121.357
74DA38F7C560,2026-02-18,04:34:10,14.75,100.0,0.0,25.079,121.671
74DA38F7C3B2,2026-02-18,04:34:13,19.37,67.0,5.0,24.929,121.378
74DA38F7C30E,2026-02-18,04:34:14,15.5,100.0,10.0,24.949,121.382
74DA38F20E34,2026-02-18,04:34:17,22.25,74.0,24.0,22.586,120.313
74DA38F210A2,2026-02-18,04:34:20,16.25,100.0,2.0,25.12,121.466
74DA38F207DE,2026-02-18,04:34:22,23.75,100.0,31.0,22.603,120.34
74DA38F20B82,2026-02-18,04:34:30,-4.0,0.0,1.0,22.847,120.465
74DA38F20A30,2026-02-18,04:34:33,15.25,86.0,0.0,24.948,121.372
74DA38F20BD0,2026-02-18,04:34:35,-4.0,0.0,19.0,22.688,120.408
74DA38F7C566,2026-02-18,04:34:37,16.75,100.0,0.0,25.051,121.448
74DA38F20EB2,2026-02-18,04:34:41,13.75,100.0,11.0,24.324,120.835
74DA38F7C40C,2026-02-18,04:34:46,14.62,100.0,0.0,24.995,121.52
74DA38F20AAA,2026-02-18,04:34:47,14.5,100.0,6.0,24.6,120.999
74DA38F209A8,2026-02-18,04:34:50,-4.0,0.0,1.0,22.401,120.577
74DA38F20D1A,2026-02-18,04:34:58,15.87,84.0,0.0,25.078,121.541
74DA38F7C562,2026-02-18,04:34:58,14.75,85.0,11.0,25.021,121.418
74DA38F21024,2026-02-18,04:35:15,16.12,100.0,0.0,24.93,121.036
74DA38F210E4,2026-02-18,04:35:15,21.12,100.0,11.0,23.24,120.696
74DA38F20D4C,2026-02-18,04:35:16,20.62,100.0,0.0,22.971,121.303
74DA38F20AA4,2026-02-18,04:35:23,26.37,86.0,16.0,22.685,120.492
74DA38F208E2,2026-02-18,04:35:24,16.25,100.0,4.0,24.688,121.766
74DA38F7C39A,2026-02-18,04:35:29,15.75,100.0,0.0,25.002,121.414
74DA38F21204,2026-02-18,04:35:33,22.0,100.0,1.0,25.062,121.451
74DA38F7C464,2026-02-18,04:35:34,14.5,36.0,0.0,25.006,121.413
74DA38ED0454,2026-02-18,04:35:37,19.5,100.0,6.0,24.053,121.599
74DA38F20E6E,2026-02-18,04:35:38,14.5,85.0,0.0,24.41,120.902
74DA38F7C4CC,2026-02-18,04:35:39,15.5,100.0,8.0,25.062,121.451
74DA38ED04F2,2026-02-18,04:35:40,18.5,100.0,3.0,23.468,121.496
74DA38F20C22,2026-02-18,04:35:47,23.25,100.0,0.0,22.729,120.357
74DA38F20DC0,2026-02-18,04:35:51,22.25,100.0,0.0,22.711,120.295
74DA38F20D16,2026-02-18,04:35:52,16.37,100.0,14.0,25.062,121.526
74DA38F7C63C,2026-02-18,04:35:55,85.25,100.0,7.0,24.998,121.425
74DA38F7C5E6,2026-02-18,04:35:58,16.37,100.0,8.0,25.107,121.843
74DA38ED059C,2026-02-18,04:36:07,16.75,100.0,7.0,23.706,121.412
74DA38F7C37C,2026-02-18,04:36:16,12.5,100.0,0.0,25.111,121.856
74DA38ED05B6,2026-02-18,04:36:27,18.0,100.0,4.0,23.43,121.348
74DA38F20902,2026-02-18,04:36:27,24.12,93.0,0.0,22.204,120.7
74DA38F20976,2026-02-18,04:36:36,15.25,91.0,15.0,25.127,121.746
74DA38F7C338,2026-02-18,04:36:36,18.12,91.0,9.0,25.011,121.458
74DA38F20A78,2026-02-18,04:36:38,19.87,100.0,0.0,22.904,121.124
74DA38F21136,2026-02-18,04:36:40,15.12,100.0,7.0,25.119,121.505
74DA38F7C41E,2026-02-18,04:36:43,16.62,74.0,10.0,25.054,121.517
74DA38F7C570,2026-02-18,04:36:43,13.87,100.0,0.0,25.239,121.63
74DA38F209B2,2026-02-18,04:36:53,22.0,100.0,0.0,22.363,120.599
74DA38F7C31C,2026-02-18,04:36:56,15.62,100.0,0.0,24.93,121.372
74DA38F20B26,2026-02-18,04:37:00,24.12,100.0,16.0,22.783,120.247
74DA38F20D1E,2026-02-18,04:37:01,15.62,100.0,17.0,25.048,121.573
74DA38F209F8,2026-02-18,04:37:04,18.87,100.0,0.0,23.157,121.4
74DA38F20B80,2026-02-18,04:37:08,22.87,100.0,20.0,22.599,120.35
74DA38F7C524,2026-02-18,04:37:10,13.62,100.0,38.0,25.002,121.552
74DA38F7C616,2026-02-18,04:37:12,16.0,100.0,0.0,25.031,121.563
74DA38F7C30C,2026-02-18,04:37:13,15.12,98.0,0.0,24.975,121.532
74DA38F7C3D6,2026-02-18,04:37:16,16.5,100.0,0.0,25.045,121.541
74DA38F20D2E,2026-02-18,04:37:28,15.87,100.0,0.0,25.06,121.545
74DA38F20D70,2026-02-18,04:37:32,18.62,100.0,0.0,23.05,121.164
74DA38F210F6,2026-02-18,04:37:37,22.87,100.0,0.0,22.757426,121.158891
74DA38F20F0A,2026-02-18,04:37:38,24.37,100.0,16.0,22.995,120.635
74DA38F20BE4,2026-02-18,04:37:39,15.25,100.0,24.0,24.791,120.957
74DA38F20DE0,2026-02-18,04:37:45,24.5,100.0,0.0,22.589,120.328
74DA38F7C600,2026-02-18,04:37:46,21.5,52.0,5.0,25.07,121.586
74DA38F21048,2026-02-18,04:37:49,22.5,100.0,26.0,22.595,120.341
74DA38F7C3DE,2026-02-18,04:37:52,16.0,100.0,285.0,24.972,121.537
74DA38F21054,2026-02-18,04:37:53,24.87,63.0,19.0,22.898,120.627
74DA38F7C366,2026-02-18,04:37:53,15.37,100.0,7.0,25.002,121.516
74DA38F7C3DC,2026-02-18,04:38:07,14.62,100.0,15.0,25.003,121.539
74DA38F2118E,2026-02-18,04:38:08,14.5,100.0,44.0,26.148,119.935
74DA38F7C610,2026-02-18,04:38:13,17.37,79.0,12.0,25.063,121.564
74DA38F20AE6,2026-02-18,04:38:24,25.25,100.0,10.0,22.63,120.348
74DA38F7C47E,2026-02-18,04:38:27,16.75,100.0,14.0,25.053963,121.427681
74DA38F209A4,2026-02-18,04:38:30,24.37,100.0,0.0,22.702,120.572
74DA38F20E9E,2026-02-18,04:38:32,15.12,100.0,9.0,24.648,121.151
74DA38F7C53C,2026-02-18,04:38:46,14.25,100.0,0.0,25.11,121.804
74DA38F20DD0,2026-02-18,04:38:52,23.12,100.0,3.0,22.6080258,120.3229833
74DA38F209DE,2026-02-18,04:38:58,15.75,100.0,3.0,24.861,120.964
74DA38F7C5A0,2026-02-18,04:39:01,15.62,89.0,0.0,25.107,121.518
74DA38F7C5BE,2026-02-18,04:39:01,15.75,79.0,15.0,25.092,121.523
74DA38F20BE0,2026-02-18,04:39:05,25.12,100.0,0.0,22.73,120.346
74DA38F7C514,2026-02-18,04:39:06,16.0,96.0,13.0,25.051,121.518
74DA38F7C47C,2026-02-18,04:39:10,16.37,93.0,0.0,25.055,121.455
74DA38F7C3BA,2026-02-18,04:39:13,118.87,46.0,110.0,25.174,121.441
74DA38F20D2A,2026-02-18,04:39:15,16.12,72.0,0.0,25.048,121.573
74DA38ED0630,2026-02-18,04:39:20,18.75,100.0,0.0,23.994,121.594
74DA38F7C260,2026-02-18,04:39:21,15.75,100.0,0.0,25.065,121.425
74DA38F7C59C,2026-02-18,04:39:24,15.37,75.0,13.0,25.103,121.487
74DA38F20B5C,2026-02-18,04:39:32,-4.0,0.0,25.0,22.798,120.293
74DA38F20D6C,2026-02-18,04:39:38,21.75,79.0,0.0,22.661,120.301
74DA38F7C29C,2026-02-18,04:39:38,16.37,100.0,10.0,25.02,121.416
74DA38F20C26,2026-02-18,04:39:41,23.0,72.0,22.0,22.676,120.342
74DA38F7C5CE,2026-02-18,04:39:42,15.0,92.0,0.0,25.066,121.656
74DA38F7C4DE,2026-02-18,04:39:45,16.5,100.0,0.0,25.09,121.462
74DA38F209EE,2026-02-18,04:39:51,21.25,100.0,0.0,23.026,121.33
74DA38F21088,2026-02-18,04:39:53,15.62,100.0,0.0,25.068,121.588
74DA38F20BCA,2026-02-18,04:39:58,15.25,100.0,0.0,25.079,121.58
74DA38ED06E0,2026-02-18,04:40:04,19.37,91.0,0.0,23.601,121.521
74DA38ED05EA,2026-02-18,04:40:08,18.12,100.0,2.0,23.394,121.357
74DA38F7C3B2,2026-02-18,04:40:20,19.37,67.0,5.0,24.929,121.378
74DA38F7C30E,2026-02-18,04:40:24,15.62,100.0,10.0,24.949,121.382
74DA38F210A2,2026-02-18,04:40:26,16.25,100.0,2.0,25.12,121.466
74DA38F20E34,2026-02-18,04:40:28,22.37,74.0,23.0,22.586,120.313
74DA38F207DE,2026-02-18,04:40:33,23.62,100.0,32.0,22.603,120.34
74DA38F7C560,2026-02-18,04:40:38,14.75,100.0,0.0,25.079,121.671
74DA38ED0640,2026-02-18,04:40:40,17.37,100.0,1.0,23.154,121.266
74DA38F20EB2,2026-02-18,04:40:48,13.87,100.0,11.0,24.324,120.835
74DA38F7C40C,2026-02-18,04:40:53,14.75,100.0,0.0,24.995,121.52
74DA38F20AAA,2026-02-18,04:40:55,14.75,100.0,8.0,24.6,120.999
74DA38F20A30,2026-02-18,04:41:00,15.12,86.0,1.0,24.948,121.372
74DA38F7C566,2026-02-18,04:41:05,16.75,100.0,0.0,25.051,121.448
74DA38F7C562,2026-02-18,04:41:12,15.12,84.0,11.0,25.021,121.418
74DA38F210E4,2026-02-18,04:41:25,21.0,100.0,12.0,23.24,120.696
74DA38F20D1A,2026-02-18,04:41:27,15.87,84.0,0.0,25.078,121.541
74DA38F208E2,2026-02-18,04:41:29,16.37,100.0,2.0,24.688,121.766
74DA38F20AA4,2026-02-18,04:41:30,26.5,86.0,16.0,22.685,120.492
74DA38F20E6E,2026-02-18,04:41:39,14.62,85.0,0.0,24.41,120.902
74DA38F21204,2026-02-18,04:41:39,22.0,100.0,0.0,25.062,121.451
74DA38F20D4C,2026-02-18,04:41:42,20.62,100.0,0.0,22.971,121.303
74DA38ED0454,2026-02-18,04:41:43,19.5,100.0,11.0,24.053,121.599
74DA38F21024,2026-02-18,04:41:45,16.25,100.0,1.0,24.93,121.036
74DA38F7C4CC,2026-02-18,04:41:46,15.5,100.0,8.0,25.062,121.451
74DA38ED04F2,2026-02-18,04:41:49,18.62,100.0,4.0,23.468,121.496
74DA38F7C39A,2026-02-18,04:41:59,15.75,100.0,2.0,25.002,121.414
74DA38F20D16,2026-02-18,04:42:00,16.5,100.0,15.0,25.062,121.526
74DA38F7C464,2026-02-18,04:42:01,14.62,44.0,0.0,25.006,121.413
74DA38F7C63C,2026-02-18,04:42:02,85.25,100.0,7.0,24.998,121.425
74DA38ED059C,2026-02-18,04:42:14,16.75,100.0,8.0,23.706,121.412
74DA38F20C22,2026-02-18,04:42:15,23.37,100.0,0.0,22.729,120.357
74DA38F20DC0,2026-02-18,04:42:19,22.25,100.0,1.0,22.711,120.295
74DA38F7C5E6,2026-02-18,04:42:23,16.37,100.0,9.0,25.107,121.843
74DA38ED05B6,2026-02-18,04:42:33,18.0,100.0,5.0,23.43,121.348
74DA38F20902,2026-02-18,04:42:33,24.25,93.0,1.0,22.204,120.7
74DA38F20A78,2026-02-18,04:42:45,19.62,100.0,0.0,22.904,121.124
74DA38F7C37C,2026-02-18,04:42:45,12.5,100.0,0.0,25.111,121.856
74DA38F21136,2026-02-18,04:42:46,15.25,100.0,7.0,25.119,121.505
74DA38F20976,2026-02-18,04:42:47,15.37,90.0,17.0,25.127,121.746
74DA38F7C41E,2026-02-18,04:42:53,16.75,74.0,10.0,25.054,121.517
74DA38F7C338,2026-02-18,04:42:58,18.12,91.0,11.0,25.011,121.458
74DA38F20B26,2026-02-18,04:43:08,24.12,100.0,15.0,22.783,120.247
74DA38F7C570,2026-02-18,04:43:14,13.87,100.0,0.0,25.239,121.63
74DA38F7C616,2026-02-18,04:43:19,16.12,100.0,0.0,25.031,121.563
74DA38F20D1E,2026-02-18,04:43:21,15.75,100.0,17.0,25.048,121.573
74DA38F7C30C,2026-02-18,04:43:21,15.25,99.0,0.0,24.975,121.532
74DA38F209B2,2026-02-18,04:43:23,22.0,100.0,3.0,22.363,120.599
74DA38F7C31C,2026-02-18,04:43:26,15.62,100.0,0.0,24.93,121.372
74DA38F209F8,2026-02-18,04:43:32,18.87,100.0,0.0,23.157,121.4
74DA38F2104E,2026-02-18,04:43:34,24.75,94.0,40.0,23.108,120.7
74DA38F20B80,2026-02-18,04:43:35,23.0,100.0,12.0,22.599,120.35
74DA38F20D70,2026-02-18,04:43:38,18.62,100.0,0.0,23.05,121.164
74DA38F210F6,2026-02-18,04:43:42,22.87,100.0,0.0,22.757426,121.158891
74DA38F7C524,2026-02-18,04:43:43,13.62,100.0,40.0,25.002,121.552
74DA38F7C3D6,2026-02-18,04:43:44,16.5,100.0,0.0,25.045,121.541
74DA38F20F0A,2026-02-18,04:43:45,24.25,100.0,15.0,22.995,120.635
74DA38F20BE4,2026-02-18,04:43:48,15.37,100.0,23.0,24.791,120.957
74DA38F7C3DE,2026-02-18,04:43:48,16.0,100.0,292.0,24.972,121.537
74DA38F7C600,2026-02-18,04:43:51,21.5,51.0,5.0,25.07,121.586
74DA38F20D2E,2026-02-18,04:43:57,15.87,100.0,0.0,25.06,121.545
74DA38F7C366,2026-02-18,04:43:59,15.37,100.0,7.0,25.002,121.516
74DA38F21054,2026-02-18,04:44:00,25.0,63.0,21.0,22.898,120.627
74DA38F20B82,2026-02-18,04:44:03,-4.0,0.0,0.0,22.847,120.465
74DA38F7C3DC,2026-02-18,04:44:14,14.62,100.0,16.0,25.003,121.539
74DA38F20DE0,2026-02-18,04:44:15,25.0,100.0,1.0,22.589,120.328
74DA38F7C610,2026-02-18,04:44:20,17.37,79.0,13.0,25.063,121.564
74DA38F21048,2026-02-18,04:44:21,22.5,100.0,26.0,22.595,120.341
74DA38F209A8,2026-02-18,04:44:29,-4.0,0.0,1.0,22.401,120.577
74DA38F20AE6,2026-02-18,04:44:30,25.12,100.0,10.0,22.63,120.348
74DA38F7C47E,2026-02-18,04:44:34,16.75,100.0,14.0,25.053963,121.427681
74DA38F20E9E,2026-02-18,04:44:38,15.12,100.0,8.0,24.648,121.151
74DA38F2118E,2026-02-18,04:44:43,14.5,100.0,47.0,26.148,119.935
74DA38F209A4,2026-02-18,04:44:59,24.62,100.0,0.0,22.702,120.572
74DA38F20BD0,2026-02-18,04:45:03,-4.0,0.0,18.0,22.688,120.408
74DA38F7C5BE,2026-02-18,04:45:08,15.62,80.0,15.0,25.092,121.523
74DA38F7C53C,2026-02-18,04:45:13,14.25,100.0,0.0,25.11,121.804
74DA38F7C3BA,2026-02-18,04:45:14,118.87,46.0,109.0,25.174,121.441
74DA38F7C514,2026-02-18,04:45:17,15.87,96.0,13.0,25.051,121.518
74DA38F7C47C,2026-02-18,04:45:20,16.62,93.0,0.0,25.055,121.455
74DA38F20DD0,2026-02-18,04:45:23,22.87,100.0,6.0,22.6080258,120.3229833
74DA38F7C59C,2026-02-18,04:45:30,15.5,75.0,14.0,25.103,121.487
74DA38F7C5A0,2026-02-18,04:45:31,15.62,89.0,0.0,25.107,121.518
74DA38F20BE0,2026-02-18,04:45:32,25.0,100.0,0.0,22.73,120.346
74DA38F209DE,2026-02-18,04:45:38,15.87,100.0,1.0,24.861,120.964
74DA38F7C29C,2026-02-18,04:45:44,16.25,99.0,10.0,25.02,121.416
74DA38F20D2A,2026-02-18,04:45:45,16.25,72.0,0.0,25.048,121.573
74DA38F2113E,2026-02-18,04:45:45,-4.0,0.0,7.0,22.728,120.313
74DA38ED0630,2026-02-18,04:45:49,18.75,99.0,0.0,23.994,121.594
74DA38F20C26,2026-02-18,04:45:50,23.12,72.0,24.0,22.676,120.342
74DA38F7C260,2026-02-18,04:45:54,15.75,100.0,0.0,25.065,121.425
74DA38F7C4DE,2026-02-18,04:45:55,16.62,100.0,0.0,25.09,121.462
74DA38F209EE,2026-02-18,04:45:58,21.12,100.0,0.0,23.026,121.33
74DA38F20D6C,2026-02-18,04:46:07,21.87,79.0,0.0,22.661,120.301
74DA38F7C5CE,2026-02-18,04:46:10,14.87,91.0,0.0,25.066,121.656
74DA38ED06E0,2026-02-18,04:46:12,19.25,92.0,0.0,23.601,121.521
74DA38ED05EA,2026-02-18,04:46:16,18.12,100.0,2.0,23.394,121.357
74DA38F21088,2026-02-18,04:46:21,15.62,100.0,0.0,25.068,121.588
74DA38F7C3B2,2026-02-18,04:46:26,19.37,67.0,6.0,24.929,121.378
74DA38F20BCA,2026-02-18,04:46:32,15.25,99.0,0.0,25.079,121.58
74DA38F210A2,2026-02-18,04:46:32,16.12,100.0,2.0,25.12,121.466
74DA38F7C30E,2026-02-18,04:46:32,15.5,100.0,10.0,24.949,121.382
74DA38F20E34,2026-02-18,04:46:39,22.37,74.0,22.0,22.586,120.313
74DA38F207DE,2026-02-18,04:46:41,23.75,100.0,30.0,22.603,120.34
74DA38ED0640,2026-02-18,04:46:50,17.5,100.0,1.0,23.154,121.266
74DA38F20EB2,2026-02-18,04:46:55,14.12,100.0,11.0,24.324,120.835
74DA38F20AAA,2026-02-18,04:47:02,14.87,100.0,6.0,24.6,120.999
74DA38F7C40C,2026-02-18,04:47:02,14.87,100.0,0.0,24.995,121.52
74DA38F7C560,2026-02-18,04:47:07,14.75,100.0,0.0,25.079,121.671
74DA38F7C562,2026-02-18,04:47:22,15.5,75.0,10.0,25.021,121.418
74DA38F20A30,2026-02-18,04:47:29,15.25,87.0,1.0,24.948,121.372
74DA38F210E4,2026-02-18,04:47:32,21.0,100.0,12.0,23.24,120.696
74DA38F7C566,2026-02-18,04:47:33,16.75,100.0,0.0,25.051,121.448
74DA38F208E2,2026-02-18,04:47:35,16.62,100.0,7.0,24.688,121.766
74DA38F20AA4,2026-02-18,04:47:36,26.37,86.0,15.0,22.685,120.492
74DA38F20E6E,2026-02-18,04:47:40,14.75,84.0,0.0,24.41,120.902
74DA38F21204,2026-02-18,04:47:49,21.87,100.0,0.0,25.062,121.451
74DA38F7C4CC,2026-02-18,04:47:54,15.62,100.0,9.0,25.062,121.451
74DA38F20D1A,2026-02-18,04:47:55,15.87,84.0,0.0,25.078,121.541
74DA38ED0454,2026-02-18,04:47:56,19.62,100.0,7.0,24.053,121.599
74DA38ED04F2,2026-02-18,04:47:56,18.5,100.0,3.0,23.468,121.496
74DA38F20D16,2026-02-18,04:48:07,16.62,100.0,15.0,25.062,121.526
74DA38F7C63C,2026-02-18,04:48:09,85.25,100.0,8.0,24.998,121.425
74DA38F20D4C,2026-02-18,04:48:10,20.5,100.0,0.0,22.971,121.303
74DA38F21024,2026-02-18,04:48:12,16.25,100.0,0.0,24.93,121.036
74DA38ED059C,2026-02-18,04:48:22,16.87,100.0,7.0,23.706,121.412
74DA38F7C39A,2026-02-18,04:48:27,15.75,100.0,0.0,25.002,121.414
74DA38F7C5E6,2026-02-18,04:48:29,16.37,100.0,7.0,25.107,121.843
74DA38F7C464,2026-02-18,04:48:31,14.62,36.0,0.0,25.006,121.413
74DA38ED05B6,2026-02-18,04:48:39,17.87,100.0,7.0,23.43,121.348
74DA38F20902,2026-02-18,04:48:40,24.37,92.0,1.0,22.204,120.7
74DA38F20DC0,2026-02-18,04:48:45,22.25,100.0,0.0,22.711,120.295
74DA38F20C22,2026-02-18,04:48:47,23.5,100.0,0.0,22.729,120.357
74DA38F20A78,2026-02-18,04:48:52,19.5,100.0,0.0,22.904,121.124
74DA38F21136,2026-02-18,04:48:53,15.25,100.0,7.0,25.119,121.505
74DA38F20976,2026-02-18,04:48:55,15.37,90.0,19.0,25.127,121.746
74DA38F7C41E,2026-02-18,04:48:59,16.75,74.0,11.0,25.054,121.517
74DA38F20B5C,2026-02-18,04:49:02,-4.0,0.0,24.0,22.798,120.293
74DA38F7C37C,2026-02-18,04:49:14,12.62,100.0,0.0,25.111,121.856
74DA38F20B26,2026-02-18,04:49:16,24.0,100.0,15.0,22.783,120.247
74DA38F7C30C,2026-02-18,04:49:27,15.37,99.0,0.0,24.975,121.532
74DA38F7C616,2026-02-18,04:49:33,16.12,100.0,0.0,25.031,121.563
74DA38F20D1E,2026-02-18,04:49:35,15.87,100.0,18.0,25.048,121.573
74DA38F7C570,2026-02-18,04:49:43,13.87,100.0,1.0,25.239,121.63
74DA38F20D70,2026-02-18,04:49:44,18.5,100.0,0.0,23.05,121.164
74DA38F7C3DE,2026-02-18,04:49:44,16.0,100.0,300.0,24.972,121.537
74DA38F210F6,2026-02-18,04:49:47,22.75,100.0,0.0,22.757426,121.158891
74DA38F209B2,2026-02-18,04:49:51,22.0,100.0,0.0,22.363,120.599
74DA38F20F0A,2026-02-18,04:49:52,24.25,100.0,16.0,22.995,120.635
74DA38F7C31C,2026-02-18,04:49:54,15.75,100.0,0.0,24.93,121.372
74DA38F20BE4,2026-02-18,04:49:55,15.37,100.0,23.0,24.791,120.957
74DA38F7C600,2026-02-18,04:49:56,21.37,53.0,5.0,25.07,121.586
74DA38F209F8,2026-02-18,04:50:00,18.75,100.0,0.0,23.157,121.4
74DA38F20B80,2026-02-18,04:50:03,22.87,100.0,2.0,22.599,120.35
74DA38F21054,2026-02-18,04:50:06,24.87,63.0,20.0,22.898,120.627
74DA38F7C366,2026-02-18,04:50:06,15.37,100.0,7.0,25.002,121.516
74DA38F7C3D6,2026-02-18,04:50:12,16.37,100.0,0.0,25.045,121.541
74DA38F7C524,2026-02-18,04:50:13,13.75,100.0,39.0,25.002,121.552
74DA38F7C3DC,2026-02-18,04:50:21,14.62,100.0,15.0,25.003,121.539
74DA38F20D2E,2026-02-18,04:50:26,16.0,100.0,1.0,25.06,121.545
74DA38F7C610,2026-02-18,04:50:27,17.37,79.0,13.0,25.063,121.564
74DA38F20AE6,2026-02-18,04:50:36,25.25,100.0,11.0,22.63,120.348
74DA38F7C47E,2026-02-18,04:50:41,16.87,100.0,15.0,25.053963,121.427681
74DA38F20E9E,2026-02-18,04:50:44,15.12,100.0,9.0,24.648,121.151
74DA38F20DE0,2026-02-18,04:50:45,25.25,100.0,0.0,22.589,120.328
74DA38F21048,2026-02-18,04:50:52,22.5,100.0,26.0,22.595,120.341
74DA38F7C3BA,2026-02-18,04:51:13,118.87,46.0,113.0,25.174,121.441
74DA38F2118E,2026-02-18,04:51:15,14.5,100.0,47.0,26.148,119.935
74DA38F7C5BE,2026-02-18,04:51:16,15.87,80.0,15.0,25.092,121.523
74DA38F209A4,2026-02-18,04:51:26,24.5,100.0,0.0,22.702,120.572
74DA38F7C514,2026-02-18,04:51:27,15.75,96.0,13.0,25.051,121.518
74DA38F7C47C,2026-02-18,04:51:28,16.25,93.0,0.0,25.055,121.455
74DA38F7C59C,2026-02-18,04:51:36,15.62,74.0,14.0,25.103,121.487
74DA38F7C53C,2026-02-18,04:51:43,14.25,100.0,1.0,25.11,121.804
74DA38F7C29C,2026-02-18,04:51:51,16.25,100.0,10.0,25.02,121.416
74DA38F20DD0,2026-02-18,04:51:53,23.0,100.0,1.0,22.6080258,120.3229833
74DA38F20C26,2026-02-18,04:51:59,23.25,72.0,24.0,22.676,120.342
74DA38F20BE0,2026-02-18,04:52:00,24.75,100.0,0.0,22.73,120.346
74DA38F7C5A0,2026-02-18,04:52:01,15.62,89.0,0.0,25.107,121.518
74DA38F7C4DE,2026-02-18,04:52:05,16.75,100.0,0.0,25.09,121.462
74DA38F209DE,2026-02-18,04:52:06,15.75,100.0,3.0,24.861,120.964
74DA38F209EE,2026-02-18,04:52:07,21.0,100.0,0.0,23.026,121.33
74DA38ED0630,2026-02-18,04:52:16,18.75,100.0,0.0,23.994,121.594
74DA38F20D2A,2026-02-18,04:52:16,16.37,71.0,0.0,25.048,121.573
74DA38ED06E0,2026-02-18,04:52:18,19.12,92.0,0.0,23.601,121.521
74DA38ED05EA,2026-02-18,04:52:21,18.12,100.0,3.0,23.394,121.357
74DA38F7C260,2026-02-18,04:52:24,15.75,100.0,0.0,25.065,121.425
74DA38F20D6C,2026-02-18,04:52:34,21.87,79.0,0.0,22.661,120.301
74DA38F7C3B2,2026-02-18,04:52:34,19.37,67.0,6.0,24.929,121.378
74DA38F210A2,2026-02-18,04:52:37,16.12,100.0,2.0,25.12,121.466
74DA38F7C5CE,2026-02-18,04:52:38,15.0,91.0,0.0,25.066,121.656
74DA38F7C30E,2026-02-18,04:52:41,15.75,100.0,10.0,24.949,121.382
74DA38F21088,2026-02-18,04:52:49,15.25,100.0,0.0,25.068,121.588
74DA38F20E34,2026-02-18,04:52:50,22.37,74.0,21.0,22.586,120.313
74DA38F207DE,2026-02-18,04:52:52,23.75,100.0,29.0,22.603,120.34
74DA38ED0640,2026-02-18,04:52:58,17.37,100.0,1.0,23.154,121.266
74DA38F20BCA,2026-02-18,04:53:02,15.25,99.0,0.0,25.079,121.58
74DA38F20EB2,2026-02-18,04:53:02,14.37,100.0,13.0,24.324,120.835
74DA38F2113E,2026-02-18,04:53:03,-4.0,0.0,5.0,22.728,120.313
74DA38F20AAA,2026-02-18,04:53:09,14.87,100.0,6.0,24.6,120.999
74DA38F7C40C,2026-02-18,04:53:09,14.75,100.0,0.0,24.995,121.52
74DA38F7C562,2026-02-18,04:53:35,15.5,79.0,12.0,25.021,121.418
74DA38F20B82,2026-02-18,04:53:36,-4.0,0.0,0.0,22.847,120.465
74DA38F7C560,2026-02-18,04:53:36,14.5,100.0,0.0,25.079,121.671
74DA38F210E4,2026-02-18,04:53:38,21.12,100.0,11.0,23.24,120.696
74DA38F208E2,2026-02-18,04:53:41,16.75,100.0,9.0,24.688,121.766
74DA38F20AA4,2026-02-18,04:53:43,26.37,86.0,16.0,22.685,120.492
74DA38F21204,2026-02-18,04:53:55,21.62,100.0,0.0,25.062,121.451
74DA38F20A30,2026-02-18,04:53:59,15.37,86.0,8.0,24.948,121.372
74DA38F7C566,2026-02-18,04:54:01,16.62,100.0,0.0,25.051,121.448
74DA38F7C4CC,2026-02-18,04:54:03,15.5,100.0,9.0,25.062,121.451
74DA38ED04F2,2026-02-18,04:54:07,18.5,100.0,3.0,23.468,121.496
74DA38F209A8,2026-02-18,04:54:07,-4.0,0.0,1.0,22.401,120.577
74DA38F20D16,2026-02-18,04:54:14,16.62,100.0,15.0,25.062,121.526
74DA38ED0454,2026-02-18,04:54:15,19.5,100.0,6.0,24.053,121.599
74DA38F7C63C,2026-02-18,04:54:17,85.25,100.0,7.0,24.998,121.425
74DA38F20D1A,2026-02-18,04:54:23,15.87,84.0,0.0,25.078,121.541
74DA38ED059C,2026-02-18,04:54:29,16.87,100.0,5.0,23.706,121.412
74DA38F7C5E6,2026-02-18,04:54:36,16.25,100.0,8.0,25.107,121.843
74DA38F20D4C,2026-02-18,04:54:38,20.5,100.0,0.0,22.971,121.303
74DA38F21024,2026-02-18,04:54:41,16.25,100.0,0.0,24.93,121.036
74DA38ED05B6,2026-02-18,04:54:47,17.62,100.0,7.0,23.43,121.348
74DA38F20902,2026-02-18,04:54:48,24.37,92.0,0.0,22.204,120.7
74DA38F7C39A,2026-02-18,04:55:00,15.62,100.0,0.0,25.002,121.414
74DA38F20A78,2026-02-18,04:55:03,19.37,100.0,0.0,22.904,121.124
74DA38F21136,2026-02-18,04:55:05,15.0,100.0,9.0,25.119,121.505
74DA38F7C464,2026-02-18,04:55:06,14.62,38.0,0.0,25.006,121.413
74DA38F20976,2026-02-18,04:55:11,15.37,90.0,20.0,25.127,121.746
74DA38F7C41E,2026-02-18,04:55:14,16.75,74.0,10.0,25.054,121.517
74DA38F20C22,2026-02-18,04:55:21,23.37,100.0,0.0,22.729,120.357
74DA38F20DC0,2026-02-18,04:55:22,22.25,100.0,4.0,22.711,120.295
74DA38F20B26,2026-02-18,04:55:34,24.0,100.0,15.0,22.783,120.247
74DA38F20BD0,2026-02-18,04:55:40,-4.0,0.0,18.0,22.688,120.408
74DA38F7C30C,2026-02-18,04:55:42,15.25,99.0,0.0,24.975,121.532
74DA38F7C338,2026-02-18,04:55:46,18.12,91.0,9.0,25.011,121.458
74DA38F7C3DE,2026-02-18,04:55:46,16.12,100.0,311.0,24.972,121.537
74DA38F7C37C,2026-02-18,04:55:48,12.62,100.0,0.0,25.111,121.856
74DA38F7C616,2026-02-18,04:55:49,16.0,100.0,0.0,25.031,121.563
74DA38F20D1E,2026-02-18,04:55:52,15.75,100.0,18.0,25.048,121.573
74DA38F210F6,2026-02-18,04:55:57,22.62,100.0,1.0,22.757426,121.158891
74DA38F20D70,2026-02-18,04:55:59,18.37,100.0,0.0,23.05,121.164
74DA38F20F0A,2026-02-18,04:56:05,24.37,100.0,16.0,22.995,120.635
74DA38F7C600,2026-02-18,04:56:06,21.0,57.0,5.0,25.07,121.586
74DA38F20BE4,2026-02-18,04:56:07,15.5,100.0,22.0,24.791,120.957
74DA38F7C570,2026-02-18,04:56:15,14.0,100.0,0.0,25.239,121.63
74DA38F7C366,2026-02-18,04:56:16,15.37,100.0,7.0,25.002,121.516
74DA38F21054,2026-02-18,04:56:18,25.0,63.0,20.0,22.898,120.627
74DA38F209B2,2026-02-18,04:56:21,22.12,100.0,0.0,22.363,120.599
74DA38F7C31C,2026-02-18,04:56:26,15.75,100.0,0.0,24.93,121.372
74DA38F209F8,2026-02-18,04:56:31,18.62,100.0,0.0,23.157,121.4
74DA38F7C3DC,2026-02-18,04:56:31,14.75,100.0,15.0,25.003,121.539
74DA38F20B80,2026-02-18,04:56:34,23.0,100.0,1.0,22.599,120.35
74DA38F7C610,2026-02-18,04:56:39,17.37,79.0,13.0,25.063,121.564
74DA38F7C3D6,2026-02-18,04:56:42,16.12,100.0,0.0,25.045,121.541
74DA38F20AE6,2026-02-18,04:56:45,25.12,100.0,12.0,22.63,120.348
74DA38F7C524,2026-02-18,04:56:46,13.87,100.0,40.0,25.002,121.552
74DA38F20E9E,2026-02-18,04:56:51,15.12,100.0,10.0,24.648,121.151
74DA38F7C47E,2026-02-18,04:56:52,16.75,100.0,15.0,25.053963,121.427681
74DA38F20D2E,2026-02-18,04:56:57,16.12,100.0,0.0,25.06,121.545
74DA38F2104E,2026-02-18,04:57:15,24.37,95.0,30.0,23.108,120.7
74DA38F7C3BA,2026-02-18,04:57:16,118.87,46.0,111.0,25.174,121.441
74DA38F20DE0,2026-02-18,04:57:17,25.5,100.0,0.0,22.589,120.328
74DA38F21048,2026-02-18,04:57:23,22.62,100.0,24.0,22.595,120.341
74DA38F7C5BE,2026-02-18,04:57:23,16.12,79.0,16.0,25.092,121.523
74DA38F7C514,2026-02-18,04:57:36,15.87,96.0,14.0,25.051,121.518
74DA38F7C47C,2026-02-18,04:57:37,16.12,94.0,0.0,25.055,121.455
74DA38F7C59C,2026-02-18,04:57:44,15.62,74.0,16.0,25.103,121.487
74DA38F2118E,2026-02-18,04:57:49,14.62,100.0,47.0,26.148,119.935
74DA38F209A4,2026-02-18,04:57:53,24.5,100.0,0.0,22.702,120.572
74DA38F7C29C,2026-02-18,04:57:57,16.0,100.0,11.0,25.02,121.416
74DA38F7C53C,2026-02-18,04:58:10,14.25,100.0,0.0,25.11,121.804
74DA38F20C26,2026-02-18,04:58:12,23.25,72.0,25.0,22.676,120.342
74DA38F209EE,2026-02-18,04:58:13,21.0,100.0,0.0,23.026,121.33
74DA38F20DD0,2026-02-18,04:58:21,23.12,100.0,1.0,22.6080258,120.3229833
74DA38ED06E0,2026-02-18,04:58:25,19.12,93.0,0.0,23.601,121.521
74DA38ED05EA,2026-02-18,04:58:27,18.12,100.0,3.0,23.394,121.357
74DA38F20BE0,2026-02-18,04:58:28,24.62,100.0,0.0,22.73,120.346
74DA38F7C4DE,2026-02-18,04:58:28,16.87,100.0,0.0,25.09,121.462
74DA38F7C5A0,2026-02-18,04:58:28,15.62,89.0,0.0,25.107,121.518
74DA38F20B5C,2026-02-18,04:58:33,-4.0,0.0,23.0,22.798,120.293
74DA38F209DE,2026-02-18,04:58:34,15.62,100.0,3.0,24.861,120.964
74DA38F7C3B2,2026-02-18,04:58:41,19.37,67.0,6.0,24.929,121.378
74DA38F210A2,2026-02-18,04:58:43,16.0,100.0,3.0,25.12,121.466
74DA38ED0630,2026-02-18,04:58:45,18.75,100.0,0.0,23.994,121.594
74DA38F20D2A,2026-02-18,04:58:46,16.5,71.0,0.0,25.048,121.573
74DA38F7C30E,2026-02-18,04:58:50,15.75,100.0,11.0,24.949,121.382
74DA38F7C260,2026-02-18,04:58:58,15.75,100.0,0.0,25.065,121.425
74DA38F20E34,2026-02-18,04:58:59,22.5,74.0,20.0,22.586,120.313
74DA38F207DE,2026-02-18,04:59:00,23.87,100.0,28.0,22.603,120.34
74DA38F20D6C,2026-02-18,04:59:01,22.0,78.0,0.0,22.661,120.301
74DA38ED0640,2026-02-18,04:59:04,17.12,100.0,2.0,23.154,121.266
74DA38F7C5CE,2026-02-18,04:59:06,15.0,91.0,0.0,25.066,121.656
74DA38F20EB2,2026-02-18,04:59:10,14.25,100.0,13.0,24.324,120.835
74DA38F20AAA,2026-02-18,04:59:16,14.87,100.0,6.0,24.6,120.999
74DA38F7C40C,2026-02-18,04:59:16,14.75,100.0,0.0,24.995,121.52
74DA38F21088,2026-02-18,04:59:19,15.25,100.0,0.0,25.068,121.588
74DA38F20BCA,2026-02-18,04:59:31,15.12,99.0,0.0,25.079,121.58
74DA38F20E6E,2026-02-18,04:59:42,14.75,84.0,0.0,24.41,120.902
74DA38F210E4,2026-02-18,04:59:46,21.12,100.0,12.0,23.24,120.696
74DA38F208E2,2026-02-18,04:59:47,16.62,100.0,6.0,24.688,121.766
74DA38F7C562,2026-02-18,04:59:48,15.75,54.0,12.0,25.021,121.418
74DA38F20AA4,2026-02-18,04:59:49,26.5,86.0,15.0,22.685,120.492
74DA38F7C560,2026-02-18,05:00:04,14.37,100.0,0.0,25.079,121.671
74DA38F7C4CC,2026-02-18,05:00:10,15.62,100.0,8.0,25.062,121.451
74DA38F21204,2026-02-18,05:00:12,21.5,100.0,0.0,25.062,121.451
74DA38ED04F2,2026-02-18,05:00:14,18.62,100.0,4.0,23.468,121.496
74DA38ED0454,2026-02-18,05:00:20,19.5,100.0,7.0,24.053,121.599
74DA38F20D16,2026-02-18,05:00:22,16.62,100.0,17.0,25.062,121.526
74DA38F7C63C,2026-02-18,05:00:24,85.25,100.0,7.0,24.998,121.425
74DA38F7C566,2026-02-18,05:00:29,16.62,100.0,0.0,25.051,121.448
74DA38F20A30,2026-02-18,05:00:31,15.37,87.0,7.0,24.948,121.372
74DA38ED059C,2026-02-18,05:00:36,17.0,100.0,9.0,23.706,121.412
74DA38F2113E,2026-02-18,05:00:38,-4.0,0.0,6.0,22.728,120.313
74DA38F7C5E6,2026-02-18,05:00:47,16.37,100.0,8.0,25.107,121.843
74DA38ED05B6,2026-02-18,05:00:53,17.5,100.0,7.0,23.43,121.348
74DA38F20902,2026-02-18,05:00:53,24.5,92.0,1.0,22.204,120.7
74DA38F20D1A,2026-02-18,05:00:53,15.87,84.0,0.0,25.078,121.541
74DA38F20D4C,2026-02-18,05:01:05,20.5,100.0,0.0,22.971,121.303
74DA38F20A78,2026-02-18,05:01:08,19.25,100.0,0.0,22.904,121.124
74DA38F21024,2026-02-18,05:01:09,16.25,100.0,0.0,24.93,121.036
74DA38F21136,2026-02-18,05:01:12,15.12,100.0,8.0,25.119,121.505
74DA38F20976,2026-02-18,05:01:21,15.5,90.0,20.0,25.127,121.746
74DA38F7C41E,2026-02-18,05:01:21,16.62,73.0,11.0,25.054,121.517
74DA38F7C39A,2026-02-18,05:01:27,15.75,100.0,0.0,25.002,121.414
74DA38F7C464,2026-02-18,05:01:40,14.62,38.0,0.0,25.006,121.413
74DA38F7C3DE,2026-02-18,05:01:41,16.12,100.0,284.0,24.972,121.537
74DA38F20B26,2026-02-18,05:01:43,24.12,100.0,14.0,22.783,120.247
74DA38F20C22,2026-02-18,05:01:50,23.5,100.0,0.0,22.729,120.357
74DA38F7C30C,2026-02-18,05:01:53,15.37,99.0,0.0,24.975,121.532
74DA38F20DC0,2026-02-18,05:01:55,22.37,100.0,2.0,22.711,120.295
74DA38F7C616,2026-02-18,05:02:01,16.0,100.0,0.0,25.031,121.563
74DA38F210F6,2026-02-18,05:02:03,22.5,100.0,1.0,22.757426,121.158891
74DA38F20D1E,2026-02-18,05:02:04,15.62,100.0,19.0,25.048,121.573
74DA38F20D70,2026-02-18,05:02:05,18.37,100.0,0.0,23.05,121.164
74DA38F7C600,2026-02-18,05:02:12,20.87,60.0,6.0,25.07,121.586
74DA38F20F0A,2026-02-18,05:02:13,24.25,100.0,16.0,22.995,120.635
74DA38F20BE4,2026-02-18,05:02:14,15.62,100.0,22.0,24.791,120.957
74DA38F7C37C,2026-02-18,05:02:18,12.62,100.0,0.0,25.111,121.856
74DA38F7C366,2026-02-18,05:02:22,15.37,100.0,7.0,25.002,121.516
74DA38F21054,2026-02-18,05:02:25,25.0,63.0,19.0,22.898,120.627
74DA38F7C3DC,2026-02-18,05:02:39,14.75,100.0,16.0,25.003,121.539
74DA38F7C570,2026-02-18,05:02:42,14.0,100.0,0.0,25.239,121.63
74DA38F7C610,2026-02-18,05:02:45,17.37,79.0,13.0,25.063,121.564
74DA38F209B2,2026-02-18,05:02:50,22.25,100.0,1.0,22.363,120.599
74DA38F20AE6,2026-02-18,05:02:51,25.12,100.0,11.0,22.63,120.348
74DA38F7C31C,2026-02-18,05:02:55,15.75,100.0,1.0,24.93,121.372
74DA38F20E9E,2026-02-18,05:02:57,15.25,100.0,11.0,24.648,121.151
74DA38F209F8,2026-02-18,05:02:59,18.5,100.0,0.0,23.157,121.4
74DA38F7C47E,2026-02-18,05:03:00,16.62,100.0,16.0,25.053963,121.427681
74DA38F20B80,2026-02-18,05:03:03,23.25,100.0,0.0,22.599,120.35
74DA38F20B82,2026-02-18,05:03:08,-4.0,0.0,1.0,22.847,120.465
74DA38F7C3D6,2026-02-18,05:03:10,16.25,100.0,0.0,25.045,121.541
74DA38F7C3BA,2026-02-18,05:03:17,118.87,46.0,113.0,25.174,121.441
74DA38F7C524,2026-02-18,05:03:21,13.87,100.0,40.0,25.002,121.552
74DA38F2104E,2026-02-18,05:03:23,24.5,95.0,28.0,23.108,120.7
74DA38F20D2E,2026-02-18,05:03:26,16.0,100.0,0.0,25.06,121.545
74DA38F7C5BE,2026-02-18,05:03:32,16.0,79.0,16.0,25.092,121.523
74DA38F209A8,2026-02-18,05:03:46,-4.0,0.0,1.0,22.401,120.577
74DA38F7C47C,2026-02-18,05:03:46,16.25,94.0,0.0,25.055,121.455
74DA38F20DE0,2026-02-18,05:03:47,25.37,100.0,0.0,22.589,120.328
74DA38F7C59C,2026-02-18,05:03:49,15.62,75.0,16.0,25.103,121.487
74DA38F21048,2026-02-18,05:03:55,22.62,100.0,26.0,22.595,120.341
74DA38F7C514,2026-02-18,05:03:55,15.87,96.0,14.0,25.051,121.518
74DA38F7C29C,2026-02-18,05:04:03,16.0,100.0,10.0,25.02,121.416
74DA38F209EE,2026-02-18,05:04:18,21.0,100.0,0.0,23.026,121.33
74DA38F20C26,2026-02-18,05:04:20,23.37,72.0,23.0,22.676,120.342
74DA38F2118E,2026-02-18,05:04:21,14.37,100.0,47.0,26.148,119.935
74DA38F209A4,2026-02-18,05:04:22,24.5,100.0,0.0,22.702,120.572
74DA38ED06E0,2026-02-18,05:04:31,19.25,93.0,0.0,23.601,121.521
74DA38ED05EA,2026-02-18,05:04:34,18.0,100.0,4.0,23.394,121.357
74DA38F7C53C,2026-02-18,05:04:39,14.25,100.0,0.0,25.11,121.804
74DA38F7C3B2,2026-02-18,05:04:47,19.37,67.0,6.0,24.929,121.378
74DA38F210A2,2026-02-18,05:04:48,16.25,100.0,2.0,25.12,121.466
74DA38F20DD0,2026-02-18,05:04:49,23.37,100.0,2.0,22.6080258,120.3229833
74DA38F7C4DE,2026-02-18,05:04:55,16.87,100.0,0.0,25.09,121.462
74DA38F20BE0,2026-02-18,05:04:57,24.87,100.0,0.0,22.73,120.346
74DA38F7C5A0,2026-02-18,05:04:57,15.75,89.0,0.0,25.107,121.518
74DA38F7C30E,2026-02-18,05:05:01,15.62,100.0,11.0,24.949,121.382
74DA38F209DE,2026-02-18,05:05:04,15.62,100.0,4.0,24.861,120.964
74DA38ED0640,2026-02-18,05:05:12,16.87,100.0,2.0,23.154,121.266
74DA38ED0630,2026-02-18,05:05:15,18.62,100.0,0.0,23.994,121.594
74DA38F20D2A,2026-02-18,05:05:17,16.5,71.0,0.0,25.048,121.573
74DA38F20EB2,2026-02-18,05:05:19,14.25,100.0,13.0,24.324,120.835
74DA38F20AAA,2026-02-18,05:05:22,14.87,100.0,6.0,24.6,120.999
74DA38F20E34,2026-02-18,05:05:22,22.5,74.0,17.0,22.586,120.313
74DA38F7C40C,2026-02-18,05:05:23,14.87,100.0,0.0,24.995,121.52
74DA38F20D6C,2026-02-18,05:05:29,21.87,78.0,1.0,22.661,120.301
74DA38F7C260,2026-02-18,05:05:35,15.62,100.0,0.0,25.065,121.425
74DA38F7C5CE,2026-02-18,05:05:35,15.0,91.0,0.0,25.066,121.656
74DA38F20E6E,2026-02-18,05:05:43,14.75,84.0,0.0,24.41,120.902
74DA38F21088,2026-02-18,05:05:47,15.37,100.0,0.0,25.068,121.588
74DA38F208E2,2026-02-18,05:05:55,16.87,100.0,4.0,24.688,121.766
74DA38F210E4,2026-02-18,05:05:55,21.12,100.0,12.0,23.24,120.696
74DA38F20AA4,2026-02-18,05:05:56,26.62,85.0,16.0,22.685,120.492
74DA38F20BCA,2026-02-18,05:05:59,15.12,99.0,0.0,25.079,121.58
74DA38F20BD0,2026-02-18,05:06:08,-4.0,0.0,19.0,22.688,120.408
74DA38F7C562,2026-02-18,05:06:10,15.75,56.0,12.0,25.021,121.418
74DA38F7C4CC,2026-02-18,05:06:18,15.75,100.0,9.0,25.062,121.451
74DA38F21204,2026-02-18,05:06:19,21.5,100.0,0.0,25.062,121.451
74DA38ED04F2,2026-02-18,05:06:21,18.75,100.0,3.0,23.468,121.496
74DA38F20D16,2026-02-18,05:06:30,16.75,100.0,17.0,25.062,121.526
74DA38F7C63C,2026-02-18,05:06:32,85.25,100.0,7.0,24.998,121.425
74DA38F7C560,2026-02-18,05:06:33,14.37,100.0,0.0,25.079,121.671
74DA38ED059C,2026-02-18,05:06:44,16.87,100.0,8.0,23.706,121.412
74DA38ED0454,2026-02-18,05:06:48,19.12,100.0,6.0,24.053,121.599
74DA38F7C566,2026-02-18,05:06:57,16.62,100.0,0.0,25.051,121.448
74DA38ED05B6,2026-02-18,05:06:58,17.37,100.0,8.0,23.43,121.348
74DA38F20902,2026-02-18,05:06:59,24.5,91.0,1.0,22.204,120.7
74DA38F20A30,2026-02-18,05:07:10,15.25,87.0,19.0,24.948,121.372
74DA38F7C5E6,2026-02-18,05:07:14,16.25,100.0,8.0,25.107,121.843
74DA38F20A78,2026-02-18,05:07:15,19.12,100.0,0.0,22.904,121.124
74DA38F21136,2026-02-18,05:07:18,15.12,100.0,8.0,25.119,121.505
74DA38F20D1A,2026-02-18,05:07:20,15.87,84.0,0.0,25.078,121.541
74DA38F20976,2026-02-18,05:07:27,15.5,91.0,19.0,25.127,121.746
74DA38F7C41E,2026-02-18,05:07:29,16.62,73.0,12.0,25.054,121.517
74DA38F20D4C,2026-02-18,05:07:33,20.5,100.0,0.0,22.971,121.303
74DA38F7C3DE,2026-02-18,05:07:37,16.12,100.0,303.0,24.972,121.537
74DA38F21024,2026-02-18,05:07:38,16.25,100.0,0.0,24.93,121.036
74DA38F20B26,2026-02-18,05:07:49,24.12,100.0,14.0,22.783,120.247
74DA38F7C39A,2026-02-18,05:07:57,15.75,100.0,0.0,25.002,121.414
74DA38F20B5C,2026-02-18,05:08:04,-4.0,0.0,22.0,22.798,120.293
74DA38F210F6,2026-02-18,05:08:08,22.37,100.0,2.0,22.757426,121.158891
74DA38F7C464,2026-02-18,05:08:09,14.62,40.0,0.0,25.006,121.413
74DA38F20D70,2026-02-18,05:08:12,18.25,100.0,0.0,23.05,121.164
74DA38F20D1E,2026-02-18,05:08:13,15.5,100.0,19.0,25.048,121.573
74DA38F7C600,2026-02-18,05:08:17,20.62,59.0,6.0,25.07,121.586
74DA38F7C30C,2026-02-18,05:08:18,15.37,99.0,0.0,24.975,121.532
74DA38F20BE4,2026-02-18,05:08:20,15.62,100.0,21.0,24.791,120.957
74DA38F20F0A,2026-02-18,05:08:20,24.62,100.0,16.0,22.995,120.635
74DA38F20DC0,2026-02-18,05:08:23,22.37,100.0,0.0,22.711,120.295
74DA38F2113E,2026-02-18,05:08:24,-4.0,0.0,6.0,22.728,120.313
74DA38F20C22,2026-02-18,05:08:26,23.5,100.0,0.0,22.729,120.357
74DA38F7C366,2026-02-18,05:08:29,15.5,100.0,7.0,25.002,121.516
74DA38F7C338,2026-02-18,05:08:32,18.12,91.0,11.0,25.011,121.458
74DA38F21054,2026-02-18,05:08:33,25.0,63.0,19.0,22.898,120.627
74DA38F7C37C,2026-02-18,05:08:46,12.62,100.0,0.0,25.111,121.856
74DA38F7C3DC,2026-02-18,05:08:46,14.62,100.0,15.0,25.003,121.539
74DA38F7C610,2026-02-18,05:08:52,17.25,79.0,14.0,25.063,121.564
74DA38F20AE6,2026-02-18,05:08:58,25.12,100.0,12.0,22.63,120.348
74DA38F20E9E,2026-02-18,05:09:03,15.25,100.0,11.0,24.648,121.151
74DA38F7C47E,2026-02-18,05:09:07,16.62,100.0,16.0,25.053963,121.427681
74DA38F7C570,2026-02-18,05:09:11,14.0,100.0,0.0,25.239,121.63
74DA38F209B2,2026-02-18,05:09:17,22.25,100.0,0.0,22.363,120.599
74DA38F7C3BA,2026-02-18,05:09:17,118.87,46.0,116.0,25.174,121.441
74DA38F7C31C,2026-02-18,05:09:23,15.75,100.0,0.0,24.93,121.372
74DA38F209F8,2026-02-18,05:09:27,18.5,100.0,0.0,23.157,121.4
74DA38F20B80,2026-02-18,05:09:28,23.37,100.0,0.0,22.599,120.35
74DA38F2104E,2026-02-18,05:09:33,24.5,95.0,27.0,23.108,120.7
74DA38F7C5BE,2026-02-18,05:09:39,16.0,79.0,17.0,25.092,121.523
74DA38F7C3D6,2026-02-18,05:09:40,16.25,100.0,0.0,25.045,121.541
74DA38F7C47C,2026-02-18,05:09:54,16.37,94.0,0.0,25.055,121.455
74DA38F7C524,2026-02-18,05:09:54,13.87,100.0,41.0,25.002,121.552
74DA38F20D2E,2026-02-18,05:09:55,16.0,100.0,0.0,25.06,121.545
74DA38F7C59C,2026-02-18,05:09:57,15.75,75.0,15.0,25.103,121.487
74DA38F7C514,2026-02-18,05:10:05,15.87,97.0,13.0,25.051,121.518
74DA38F7C29C,2026-02-18,05:10:10,16.12,100.0,11.0,25.02,121.416
74DA38F20DE0,2026-02-18,05:10:15,25.37,99.0,0.0,22.589,120.328
74DA38F209EE,2026-02-18,05:10:25,20.87,100.0,0.0,23.026,121.33
74DA38F21048,2026-02-18,05:10:27,22.75,100.0,20.0,22.595,120.341
74DA38F20C26,2026-02-18,05:10:30,23.5,71.0,22.0,22.676,120.342
74DA38ED06E0,2026-02-18,05:10:38,19.12,93.0,0.0,23.601,121.521
74DA38ED05EA,2026-02-18,05:10:41,18.0,100.0,5.0,23.394,121.357
74DA38F209A4,2026-02-18,05:10:50,24.5,100.0,0.0,22.702,120.572
74DA38F210A2,2026-02-18,05:10:54,16.12,100.0,2.0,25.12,121.466
74DA38F7C3B2,2026-02-18,05:10:54,19.37,67.0,6.0,24.929,121.378
74DA38F2118E,2026-02-18,05:10:58,14.25,100.0,47.0,26.148,119.935
74DA38F7C53C,2026-02-18,05:11:06,14.25,100.0,0.0,25.11,121.804
74DA38F7C30E,2026-02-18,05:11:11,15.62,100.0,12.0,24.949,121.382
74DA38F7C4DE,2026-02-18,05:11:16,17.0,100.0,0.0,25.09,121.462
74DA38F20DD0,2026-02-18,05:11:19,23.25,100.0,2.0,22.6080258,120.3229833
74DA38ED0640,2026-02-18,05:11:20,16.75,100.0,2.0,23.154,121.266
74DA38F20BE0,2026-02-18,05:11:26,25.25,100.0,0.0,22.73,120.346
74DA38F7C5A0,2026-02-18,05:11:26,15.75,89.0,0.0,25.107,121.518
74DA38F20AAA,2026-02-18,05:11:29,14.87,100.0,6.0,24.6,120.999
74DA38F7C40C,2026-02-18,05:11:30,14.87,100.0,0.0,24.995,121.52
74DA38F20E34,2026-02-18,05:11:32,22.5,74.0,18.0,22.586,120.313
74DA38F209DE,2026-02-18,05:11:33,15.75,100.0,1.0,24.861,120.964
74DA38ED0630,2026-02-18,05:11:42,18.62,99.0,0.0,23.994,121.594
74DA38F20E6E,2026-02-18,05:11:44,14.87,84.0,0.0,24.41,120.902
74DA38F207DE,2026-02-18,05:11:49,24.12,100.0,27.0,22.603,120.34
74DA38F20D6C,2026-02-18,05:11:55,22.0,78.0,0.0,22.661,120.301
74DA38F20D2A,2026-02-18,05:11:57,16.37,71.0,0.0,25.048,121.573
74DA38F208E2,2026-02-18,05:12:00,16.62,100.0,3.0,24.688,121.766
74DA38F20AA4,2026-02-18,05:12:02,26.62,85.0,16.0,22.685,120.492
74DA38F210E4,2026-02-18,05:12:02,21.37,100.0,12.0,23.24,120.696
74DA38F7C5CE,2026-02-18,05:12:03,15.0,91.0,0.0,25.066,121.656
74DA38F7C260,2026-02-18,05:12:04,15.62,100.0,0.0,25.065,121.425
74DA38F21088,2026-02-18,05:12:16,15.37,100.0,0.0,25.068,121.588
74DA38F7C562,2026-02-18,05:12:17,16.0,71.0,13.0,25.021,121.418
74DA38F21204,2026-02-18,05:12:25,21.5,100.0,0.0,25.062,121.451
74DA38F7C4CC,2026-02-18,05:12:26,15.87,100.0,8.0,25.062,121.451
74DA38F20BCA,2026-02-18,05:12:30,15.0,100.0,0.0,25.079,121.58
74DA38ED04F2,2026-02-18,05:12:32,18.75,100.0,3.0,23.468,121.496
74DA38F20D16,2026-02-18,05:12:39,16.75,99.0,17.0,25.062,121.526
74DA38F7C63C,2026-02-18,05:12:39,85.25,100.0,7.0,24.998,121.425
74DA38F20B82,2026-02-18,05:12:41,-4.0,0.0,1.0,22.847,120.465
74DA38ED059C,2026-02-18,05:12:51,16.87,100.0,7.0,23.706,121.412
74DA38F7C560,2026-02-18,05:13:02,14.25,100.0,0.0,25.079,121.671
74DA38ED05B6,2026-02-18,05:13:04,17.5,100.0,8.0,23.43,121.348
74DA38F20902,2026-02-18,05:13:04,24.62,92.0,1.0,22.204,120.7
74DA38F20A78,2026-02-18,05:13:22,18.87,100.0,0.0,22.904,121.124
74DA38F7C5E6,2026-02-18,05:13:24,16.25,100.0,8.0,25.107,121.843
74DA38F21136,2026-02-18,05:13:25,15.12,100.0,10.0,25.119,121.505
74DA38F7C566,2026-02-18,05:13:25,16.62,100.0,0.0,25.051,121.448
74DA38F209A8,2026-02-18,05:13:28,-4.0,0.0,1.0,22.401,120.577
74DA38F7C3DE,2026-02-18,05:13:32,16.12,100.0,283.0,24.972,121.537
74DA38F20976,2026-02-18,05:13:33,15.5,89.0,20.0,25.127,121.746
74DA38F7C41E,2026-02-18,05:13:36,16.5,74.0,13.0,25.054,121.517
74DA38F20A30,2026-02-18,05:13:42,15.25,86.0,5.0,24.948,121.372
74DA38F20D1A,2026-02-18,05:13:49,16.12,85.0,0.0,25.078,121.541
74DA38F20B26,2026-02-18,05:13:55,24.25,100.0,14.0,22.783,120.247
74DA38F20D4C,2026-02-18,05:14:01,20.37,100.0,0.0,22.971,121.303
74DA38F21024,2026-02-18,05:14:05,16.25,100.0,0.0,24.93,121.036
74DA38F210F6,2026-02-18,05:14:13,22.25,100.0,1.0,22.757426,121.158891
74DA38F20D70,2026-02-18,05:14:18,18.25,100.0,0.0,23.05,121.164
74DA38F7C600,2026-02-18,05:14:23,20.62,59.0,6.0,25.07,121.586
74DA38F20D1E,2026-02-18,05:14:24,15.5,100.0,19.0,25.048,121.573
74DA38F20BE4,2026-02-18,05:14:26,15.37,100.0,21.0,24.791,120.957
74DA38F7C39A,2026-02-18,05:14:26,15.75,100.0,0.0,25.002,121.414
74DA38F20F0A,2026-02-18,05:14:27,24.75,100.0,15.0,22.995,120.635
74DA38F7C30C,2026-02-18,05:14:37,15.37,98.0,0.0,24.975,121.532
74DA38F7C366,2026-02-18,05:14:37,15.5,100.0,8.0,25.002,121.516
74DA38F7C464,2026-02-18,05:14:37,14.62,38.0,0.0,25.006,121.413
74DA38F21054,2026-02-18,05:14:39,25.0,63.0,19.0,22.898,120.627
74DA38F7C3DC,2026-02-18,05:14:54,14.62,100.0,17.0,25.003,121.539
74DA38F20C22,2026-02-18,05:14:55,23.62,100.0,0.0,22.729,120.357
74DA38F7C610,2026-02-18,05:14:58,17.25,79.0,14.0,25.063,121.564
74DA38F7C338,2026-02-18,05:15:03,18.0,91.0,11.0,25.011,121.458
74DA38F20AE6,2026-02-18,05:15:05,25.25,100.0,11.0,22.63,120.348
74DA38F20E9E,2026-02-18,05:15:09,15.37,100.0,11.0,24.648,121.151
74DA38F7C37C,2026-02-18,05:15:15,12.62,100.0,0.0,25.111,121.856
74DA38F7C47E,2026-02-18,05:15:15,16.62,100.0,17.0,25.053963,121.427681
74DA38F7C616,2026-02-18,05:15:16,16.0,100.0,0.0,25.031,121.563
74DA38F7C3BA,2026-02-18,05:15:21,118.87,46.0,115.0,25.174,121.441
74DA38F7C570,2026-02-18,05:15:39,14.0,100.0,0.0,25.239,121.63
74DA38F2113E,2026-02-18,05:15:42,-4.0,0.0,6.0,22.728,120.313
74DA38F209B2,2026-02-18,05:15:44,22.12,100.0,0.0,22.363,120.599
74DA38F2104E,2026-02-18,05:15:44,24.62,95.0,28.0,23.108,120.7
74DA38F7C5BE,2026-02-18,05:15:47,16.0,78.0,17.0,25.092,121.523
74DA38F7C31C,2026-02-18,05:15:54,15.62,100.0,0.0,24.93,121.372
74DA38F209F8,2026-02-18,05:15:55,18.37,100.0,0.0,23.157,121.4
74DA38F20B80,2026-02-18,05:15:59,23.25,100.0,0.0,22.599,120.35
74DA38F7C47C,2026-02-18,05:16:03,16.37,95.0,0.0,25.055,121.455
74DA38F7C59C,2026-02-18,05:16:03,16.0,75.0,15.0,25.103,121.487
74DA38F7C3D6,2026-02-18,05:16:07,16.25,100.0,0.0,25.045,121.541
74DA38F7C514,2026-02-18,05:16:13,15.75,97.0,15.0,25.051,121.518
74DA38F7C29C,2026-02-18,05:16:16,16.12,100.0,11.0,25.02,121.416
74DA38F20D2E,2026-02-18,05:16:24,16.0,100.0,0.0,25.06,121.545
74DA38F7C524,2026-02-18,05:16:25,13.87,100.0,40.0,25.002,121.552
74DA38F209EE,2026-02-18,05:16:33,20.75,100.0,0.0,23.026,121.33
74DA38F20BD0,2026-02-18,05:16:37,-4.0,0.0,19.0,22.688,120.408
74DA38F20C26,2026-02-18,05:16:40,23.62,71.0,22.0,22.676,120.342
74DA38F20DE0,2026-02-18,05:16:44,25.37,99.0,0.0,22.589,120.328
74DA38ED06E0,2026-02-18,05:16:49,19.12,93.0,0.0,23.601,121.521
74DA38ED05EA,2026-02-18,05:16:51,18.0,100.0,5.0,23.394,121.357
74DA38F21048,2026-02-18,05:16:56,22.75,100.0,21.0,22.595,120.341
74DA38F210A2,2026-02-18,05:17:00,16.25,100.0,3.0,25.12,121.466
74DA38F7C3B2,2026-02-18,05:17:01,19.37,67.0,6.0,24.929,121.378
74DA38F7C30E,2026-02-18,05:17:17,15.62,100.0,12.0,24.949,121.382
74DA38F209A4,2026-02-18,05:17:21,24.5,100.0,0.0,22.702,120.572
74DA38F7C4DE,2026-02-18,05:17:22,17.12,100.0,0.0,25.09,121.462
74DA38ED0640,2026-02-18,05:17:28,16.75,100.0,2.0,23.154,121.266
74DA38F2118E,2026-02-18,05:17:29,14.37,100.0,46.0,26.148,119.935
74DA38F7C53C,2026-02-18,05:17:34,14.25,100.0,0.0,25.11,121.804
74DA38F20AAA,2026-02-18,05:17:35,14.75,100.0,6.0,24.6,120.999
74DA38F20B5C,2026-02-18,05:17:37,-4.0,0.0,21.0,22.798,120.293
74DA38F7C40C,2026-02-18,05:17:37,14.87,100.0,0.0,24.995,121.52
74DA38F20E34,2026-02-18,05:17:40,22.37,74.0,17.0,22.586,120.313
74DA38F20E6E,2026-02-18,05:17:45,15.0,84.0,0.0,24.41,120.902
74DA38F20DD0,2026-02-18,05:17:48,23.37,100.0,5.0,22.6080258,120.3229833
74DA38F20EB2,2026-02-18,05:17:50,14.75,100.0,12.0,24.324,120.835
74DA38F20BE0,2026-02-18,05:17:54,25.5,100.0,1.0,22.73,120.346
74DA38F7C5A0,2026-02-18,05:17:54,15.75,89.0,0.0,25.107,121.518
74DA38F209DE,2026-02-18,05:18:01,15.87,100.0,2.0,24.861,120.964
74DA38F208E2,2026-02-18,05:18:06,16.5,100.0,2.0,24.688,121.766
74DA38F207DE,2026-02-18,05:18:08,24.25,100.0,26.0,22.603,120.34
74DA38F20AA4,2026-02-18,05:18:08,26.62,85.0,16.0,22.685,120.492
74DA38F210E4,2026-02-18,05:18:09,21.37,100.0,12.0,23.24,120.696
74DA38ED0630,2026-02-18,05:18:11,18.62,100.0,0.0,23.994,121.594
74DA38F20D6C,2026-02-18,05:18:22,22.0,77.0,0.0,22.661,120.301
74DA38F20D2A,2026-02-18,05:18:26,16.37,71.0,0.0,25.048,121.573
74DA38F7C562,2026-02-18,05:18:26,16.12,69.0,12.0,25.021,121.418
74DA38F21204,2026-02-18,05:18:30,21.37,100.0,0.0,25.062,121.451
74DA38F7C5CE,2026-02-18,05:18:30,15.0,91.0,0.0,25.066,121.656
74DA38F7C260,2026-02-18,05:18:33,15.62,100.0,0.0,25.065,121.425
74DA38F7C4CC,2026-02-18,05:18:35,15.5,100.0,9.0,25.062,121.451
74DA38ED04F2,2026-02-18,05:18:45,18.75,100.0,3.0,23.468,121.496
74DA38F7C63C,2026-02-18,05:18:45,85.25,100.0,8.0,24.998,121.425
74DA38F21088,2026-02-18,05:18:46,15.37,100.0,0.0,25.068,121.588
74DA38F20D16,2026-02-18,05:18:47,16.62,99.0,16.0,25.062,121.526
74DA38ED059C,2026-02-18,05:18:58,16.87,100.0,10.0,23.706,121.412
74DA38F20BCA,2026-02-18,05:19:00,15.12,100.0,0.0,25.079,121.58
74DA38ED05B6,2026-02-18,05:19:09,17.62,100.0,8.0,23.43,121.348
74DA38F20902,2026-02-18,05:19:10,24.62,91.0,1.0,22.204,120.7
74DA38F7C3DE,2026-02-18,05:19:27,16.12,100.0,292.0,24.972,121.537
74DA38F20A78,2026-02-18,05:19:28,18.75,100.0,0.0,22.904,121.124
74DA38F7C560,2026-02-18,05:19:30,14.25,100.0,0.0,25.079,121.671
74DA38F7C5E6,2026-02-18,05:19:30,16.37,100.0,8.0,25.107,121.843
74DA38F21136,2026-02-18,05:19:31,15.12,100.0,8.0,25.119,121.505
74DA38F20976,2026-02-18,05:19:42,15.5,89.0,21.0,25.127,121.746
74DA38F7C41E,2026-02-18,05:19:42,16.5,74.0,13.0,25.054,121.517
74DA38ED0454,2026-02-18,05:19:43,18.87,100.0,7.0,24.053,121.599
74DA38F7C566,2026-02-18,05:19:55,16.5,100.0,0.0,25.051,121.448
74DA38F20A30,2026-02-18,05:20:15,15.25,87.0,0.0,24.948,121.372
74DA38F210F6,2026-02-18,05:20:18,22.12,100.0,1.0,22.757426,121.158891
74DA38F20D1A,2026-02-18,05:20:19,16.25,84.0,0.0,25.078,121.541
74DA38F20D70,2026-02-18,05:20:23,18.12,100.0,0.0,23.05,121.164
74DA38F20D4C,2026-02-18,05:20:27,20.12,100.0,0.0,22.971,121.303
74DA38F20B26,2026-02-18,05:20:28,24.25,100.0,13.0,22.783,120.247
74DA38F7C600,2026-02-18,05:20:28,20.62,59.0,6.0,25.07,121.586
74DA38F20BE4,2026-02-18,05:20:33,15.37,100.0,21.0,24.791,120.957
74DA38F21024,2026-02-18,05:20:34,16.25,100.0,0.0,24.93,121.036
74DA38F20F0A,2026-02-18,05:20:35,24.75,100.0,15.0,22.995,120.635
74DA38F7C366,2026-02-18,05:20:44,15.37,100.0,8.0,25.002,121.516
74DA38F21054,2026-02-18,05:20:45,25.0,63.0,18.0,22.898,120.627
74DA38F7C30C,2026-02-18,05:20:46,15.37,98.0,0.0,24.975,121.532
74DA38F7C39A,2026-02-18,05:20:54,15.62,100.0,0.0,25.002,121.414
74DA38F7C3DC,2026-02-18,05:21:05,14.75,100.0,16.0,25.003,121.539
74DA38F7C464,2026-02-18,05:21:06,14.62,35.0,0.0,25.006,121.413
74DA38F7C610,2026-02-18,05:21:07,17.25,79.0,14.0,25.063,121.564
74DA38F20AE6,2026-02-18,05:21:12,25.25,100.0,11.0,22.63,120.348
74DA38F20E9E,2026-02-18,05:21:15,15.37,100.0,10.0,24.648,121.151
74DA38F7C338,2026-02-18,05:21:20,18.0,91.0,11.0,25.011,121.458
74DA38F7C3BA,2026-02-18,05:21:22,118.87,46.0,118.0,25.174,121.441
74DA38F7C47E,2026-02-18,05:21:23,16.62,100.0,16.0,25.053963,121.427681
74DA38F7C616,2026-02-18,05:21:27,15.87,100.0,0.0,25.031,121.563
74DA38F20C22,2026-02-18,05:21:28,23.87,100.0,0.0,22.729,120.357
74DA38F7C37C,2026-02-18,05:21:43,12.5,100.0,0.0,25.111,121.856
74DA38F20DC0,2026-02-18,05:21:51,22.5,100.0,0.0,22.711,120.295
74DA38F2104E,2026-02-18,05:21:51,24.62,94.0,25.0,23.108,120.7
74DA38F7C5BE,2026-02-18,05:21:54,15.87,78.0,18.0,25.092,121.523
74DA38F7C570,2026-02-18,05:22:09,14.0,100.0,0.0,25.239,121.63
74DA38F7C59C,2026-02-18,05:22:10,16.0,74.0,14.0,25.103,121.487
74DA38F209B2,2026-02-18,05:22:12,22.12,100.0,0.0,22.363,120.599
74DA38F7C47C,2026-02-18,05:22:12,16.25,94.0,0.0,25.055,121.455
74DA38F20B82,2026-02-18,05:22:14,-4.0,0.0,1.0,22.847,120.465
74DA38F7C29C,2026-02-18,05:22:22,16.12,100.0,12.0,25.02,121.416
74DA38F209F8,2026-02-18,05:22:23,18.37,100.0,0.0,23.157,121.4
74DA38F7C514,2026-02-18,05:22:23,15.75,97.0,15.0,25.051,121.518
74DA38F20B80,2026-02-18,05:22:26,23.37,100.0,0.0,22.599,120.35
74DA38F7C31C,2026-02-18,05:22:26,15.5,100.0,0.0,24.93,121.372
74DA38F7C3D6,2026-02-18,05:22:35,16.37,100.0,0.0,25.045,121.541
74DA38F209EE,2026-02-18,05:22:39,20.87,100.0,0.0,23.026,121.33
74DA38F20C26,2026-02-18,05:22:52,23.5,71.0,23.0,22.676,120.342
74DA38F20D2E,2026-02-18,05:22:54,16.0,100.0,0.0,25.06,121.545
74DA38ED06E0,2026-02-18,05:22:55,19.12,93.0,0.0,23.601,121.521
74DA38ED05EA,2026-02-18,05:22:56,18.12,100.0,5.0,23.394,121.357
74DA38F7C524,2026-02-18,05:22:58,13.87,100.0,42.0,25.002,121.552
74DA38F2113E,2026-02-18,05:22:59,-4.0,0.0,4.0,22.728,120.313
74DA38F209A8,2026-02-18,05:23:06,-4.0,0.0,1.0,22.401,120.577
74DA38F210A2,2026-02-18,05:23:06,16.12,100.0,3.0,25.12,121.466
74DA38F7C3B2,2026-02-18,05:23:08,19.37,67.0,6.0,24.929,121.378
74DA38F20DE0,2026-02-18,05:23:12,25.25,99.0,0.0,22.589,120.328
74DA38F21048,2026-02-18,05:23:27,22.75,100.0,21.0,22.595,120.341
74DA38F7C30E,2026-02-18,05:23:34,15.5,100.0,12.0,24.949,121.382
74DA38ED0640,2026-02-18,05:23:35,16.75,100.0,2.0,23.154,121.266
74DA38F7C4DE,2026-02-18,05:23:37,16.87,100.0,0.0,25.09,121.462
74DA38F20AAA,2026-02-18,05:23:40,14.87,100.0,7.0,24.6,120.999
74DA38F7C40C,2026-02-18,05:23:44,14.87,100.0,0.0,24.995,121.52
74DA38F20E6E,2026-02-18,05:23:46,15.12,84.0,0.0,24.41,120.902
74DA38F209A4,2026-02-18,05:23:49,24.87,100.0,0.0,22.702,120.572
74DA38F20E34,2026-02-18,05:23:50,22.5,74.0,16.0,22.586,120.313
74DA38F20EB2,2026-02-18,05:23:59,14.75,100.0,12.0,24.324,120.835
74DA38F2118E,2026-02-18,05:24:03,14.5,100.0,46.0,26.148,119.935
74DA38F7C53C,2026-02-18,05:24:03,14.12,100.0,1.0,25.11,121.804
74DA38F208E2,2026-02-18,05:24:11,16.5,100.0,1.0,24.688,121.766
74DA38F20AA4,2026-02-18,05:24:14,26.62,85.0,16.0,22.685,120.492
74DA38F207DE,2026-02-18,05:24:16,24.37,100.0,26.0,22.603,120.34
74DA38F210E4,2026-02-18,05:24:17,21.37,100.0,12.0,23.24,120.696
74DA38F20DD0,2026-02-18,05:24:18,23.37,100.0,4.0,22.6080258,120.3229833
74DA38F20BE0,2026-02-18,05:24:22,25.12,100.0,0.0,22.73,120.346
74DA38F7C5A0,2026-02-18,05:24:23,15.87,89.0,0.0,25.107,121.518
74DA38F209DE,2026-02-18,05:24:29,15.87,100.0,1.0,24.861,120.964
74DA38F7C562,2026-02-18,05:24:35,16.12,37.0,12.0,25.021,121.418
74DA38F21204,2026-02-18,05:24:37,21.37,100.0,0.0,25.062,121.451
74DA38ED0630,2026-02-18,05:24:38,18.5,100.0,0.0,23.994,121.594
74DA38F7C4CC,2026-02-18,05:24:41,15.5,100.0,8.0,25.062,121.451
74DA38F20D6C,2026-02-18,05:24:49,22.0,78.0,0.0,22.661,120.301
74DA38ED04F2,2026-02-18,05:24:52,18.62,100.0,3.0,23.468,121.496
74DA38F7C63C,2026-02-18,05:24:53,85.25,100.0,9.0,24.998,121.425
74DA38F20D16,2026-02-18,05:24:55,16.62,99.0,17.0,25.062,121.526
74DA38F20D2A,2026-02-18,05:24:57,16.37,71.0,0.0,25.048,121.573
74DA38F7C5CE,2026-02-18,05:24:58,15.0,91.0,0.0,25.066,121.656
74DA38F7C260,2026-02-18,05:25:03,15.62,100.0,0.0,25.065,121.425
74DA38ED059C,2026-02-18,05:25:05,17.0,100.0,4.0,23.706,121.412
74DA38F21088,2026-02-18,05:25:14,15.5,100.0,0.0,25.068,121.588
74DA38F20902,2026-02-18,05:25:15,24.62,91.0,1.0,22.204,120.7
74DA38ED05B6,2026-02-18,05:25:16,17.62,100.0,8.0,23.43,121.348
74DA38F7C3DE,2026-02-18,05:25:22,16.25,100.0,298.0,24.972,121.537
74DA38F20BCA,2026-02-18,05:25:28,15.12,100.0,0.0,25.079,121.58
74DA38F20A78,2026-02-18,05:25:34,18.5,100.0,0.0,22.904,121.124
74DA38F21136,2026-02-18,05:25:37,15.12,100.0,9.0,25.119,121.505
74DA38F7C5E6,2026-02-18,05:25:43,16.25,100.0,8.0,25.107,121.843
74DA38F7C41E,2026-02-18,05:25:49,16.62,74.0,13.0,25.054,121.517
74DA38ED0454,2026-02-18,05:25:51,18.75,100.0,6.0,24.053,121.599
74DA38F20976,2026-02-18,05:25:52,15.5,88.0,21.0,25.127,121.746
74DA38F7C560,2026-02-18,05:25:59,14.25,100.0,0.0,25.079,121.671
74DA38F7C566,2026-02-18,05:26:22,16.5,100.0,0.0,25.051,121.448
74DA38F210F6,2026-02-18,05:26:23,22.0,100.0,2.0,22.757426,121.158891
74DA38F20D70,2026-02-18,05:26:30,18.25,100.0,0.0,23.05,121.164
74DA38F7C600,2026-02-18,05:26:34,20.75,58.0,6.0,25.07,121.586
74DA38F20B26,2026-02-18,05:26:37,24.25,100.0,13.0,22.783,120.247
74DA38F20BE4,2026-02-18,05:26:40,15.25,100.0,21.0,24.791,120.957
74DA38F20A30,2026-02-18,05:26:43,15.25,87.0,0.0,24.948,121.372
74DA38F20F0A,2026-02-18,05:26:45,24.75,100.0,16.0,22.995,120.635
74DA38F20D1A,2026-02-18,05:26:46,16.12,84.0,0.0,25.078,121.541
74DA38F7C366,2026-02-18,05:26:51,15.37,100.0,9.0,25.002,121.516
74DA38F20D1E,2026-02-18,05:26:53,15.62,100.0,20.0,25.048,121.573
74DA38F21054,2026-02-18,05:26:53,25.0,63.0,19.0,22.898,120.627
74DA38F7C30C,2026-02-18,05:26:54,15.37,98.0,0.0,24.975,121.532
74DA38F20D4C,2026-02-18,05:26:55,20.12,100.0,0.0,22.971,121.303
74DA38F21024,2026-02-18,05:27:03,16.25,100.0,0.0,24.93,121.036
74DA38F20BD0,2026-02-18,05:27:05,-4.0,0.0,19.0,22.688,120.408
74DA38F20B5C,2026-02-18,05:27:08,-4.0,0.0,21.0,22.798,120.293
74DA38F7C3DC,2026-02-18,05:27:14,14.87,100.0,17.0,25.003,121.539
74DA38F7C610,2026-02-18,05:27:17,17.37,79.0,15.0,25.063,121.564
74DA38F20AE6,2026-02-18,05:27:18,25.25,100.0,11.0,22.63,120.348
74DA38F20E9E,2026-02-18,05:27:21,15.37,100.0,11.0,24.648,121.151
74DA38F7C3BA,2026-02-18,05:27:24,118.87,46.0,117.0,25.174,121.441
74DA38F7C39A,2026-02-18,05:27:25,15.62,100.0,1.0,25.002,121.414
74DA38F7C47E,2026-02-18,05:27:30,16.62,100.0,17.0,25.053963,121.427681
74DA38F7C464,2026-02-18,05:27:36,14.5,35.0,0.0,25.006,121.413
74DA38F7C616,2026-02-18,05:27:38,15.87,100.0,0.0,25.031,121.563
74DA38F20C22,2026-02-18,05:27:56,24.0,100.0,1.0,22.729,120.357
74DA38F2104E,2026-02-18,05:28:00,24.37,94.0,26.0,23.108,120.7
74DA38F7C5BE,2026-02-18,05:28:02,16.0,79.0,17.0,25.092,121.523
74DA38F7C37C,2026-02-18,05:28:12,12.5,100.0,0.0,25.111,121.856
74DA38F7C59C,2026-02-18,05:28:16,16.0,74.0,16.0,25.103,121.487
74DA38F7C47C,2026-02-18,05:28:20,16.12,95.0,0.0,25.055,121.455
74DA38F20DC0,2026-02-18,05:28:23,22.5,100.0,0.0,22.711,120.295
74DA38F7C29C,2026-02-18,05:28:28,16.0,100.0,11.0,25.02,121.416
74DA38F7C514,2026-02-18,05:28:32,15.87,97.0,15.0,25.051,121.518
74DA38F209B2,2026-02-18,05:28:39,22.25,100.0,0.0,22.363,120.599
74DA38F7C570,2026-02-18,05:28:40,14.12,100.0,1.0,25.239,121.63
74DA38F209EE,2026-02-18,05:28:44,20.87,100.0,0.0,23.026,121.33
74DA38F209F8,2026-02-18,05:28:50,18.62,100.0,0.0,23.157,121.4
74DA38F20B80,2026-02-18,05:28:55,23.62,100.0,15.0,22.599,120.35
74DA38F7C31C,2026-02-18,05:28:57,15.62,100.0,0.0,24.93,121.372
74DA38ED06E0,2026-02-18,05:29:02,19.12,93.0,0.0,23.601,121.521
74DA38F20C26,2026-02-18,05:29:02,23.5,70.0,22.0,22.676,120.342
74DA38F7C3D6,2026-02-18,05:29:03,16.25,100.0,0.0,25.045,121.541
74DA38ED05EA,2026-02-18,05:29:05,18.12,100.0,10.0,23.394,121.357
74DA38F210A2,2026-02-18,05:29:13,16.25,100.0,3.0,25.12,121.466
74DA38F7C3B2,2026-02-18,05:29:14,19.37,67.0,6.0,24.929,121.378
74DA38F20D2E,2026-02-18,05:29:22,16.0,100.0,0.0,25.06,121.545
74DA38F7C524,2026-02-18,05:29:30,13.75,100.0,44.0,25.002,121.552
74DA38F20DE0,2026-02-18,05:29:40,25.25,98.0,0.0,22.589,120.328
74DA38F7C30E,2026-02-18,05:29:41,15.62,100.0,11.0,24.949,121.382
74DA38ED0640,2026-02-18,05:29:43,16.87,100.0,2.0,23.154,121.266
74DA38F20AAA,2026-02-18,05:29:46,14.87,100.0,6.0,24.6,120.999
74DA38F20E6E,2026-02-18,05:29:47,15.12,84.0,0.0,24.41,120.902
74DA38F7C4DE,2026-02-18,05:29:48,16.87,100.0,0.0,25.09,121.462
74DA38F7C40C,2026-02-18,05:29:51,14.87,100.0,0.0,24.995,121.52
74DA38F20E34,2026-02-18,05:29:57,22.5,74.0,15.0,22.586,120.313
74DA38F21048,2026-02-18,05:29:57,22.75,100.0,21.0,22.595,120.341
74DA38F20EB2,2026-02-18,05:30:05,15.25,100.0,11.0,24.324,120.835
74DA38F208E2,2026-02-18,05:30:17,16.25,100.0,4.0,24.688,121.766
74DA38F209A4,2026-02-18,05:30:17,25.12,100.0,0.0,22.702,120.572
74DA38F2113E,2026-02-18,05:30:18,-4.0,0.0,3.0,22.728,120.313
74DA38F207DE,2026-02-18,05:30:22,24.5,100.0,25.0,22.603,120.34
74DA38F20AA4,2026-02-18,05:30:22,26.62,85.0,16.0,22.685,120.492
74DA38F210E4,2026-02-18,05:30:28,21.25,100.0,12.0,23.24,120.696
74DA38F7C53C,2026-02-18,05:30:32,14.12,100.0,0.0,25.11,121.804
74DA38F2118E,2026-02-18,05:30:38,14.62,100.0,48.0,26.148,119.935
74DA38F7C562,2026-02-18,05:30:44,16.12,27.0,12.0,25.021,121.418
74DA38F21204,2026-02-18,05:30:45,21.37,100.0,0.0,25.062,121.451
74DA38F20DD0,2026-02-18,05:30:47,23.62,100.0,1.0,22.6080258,120.3229833
74DA38F7C4CC,2026-02-18,05:30:48,15.62,100.0,10.0,25.062,121.451
74DA38F20BE0,2026-02-18,05:30:50,25.25,100.0,0.0,22.73,120.346
74DA38F7C5A0,2026-02-18,05:30:52,15.87,89.0,0.0,25.107,121.518
74DA38F209DE,2026-02-18,05:30:58,15.75,100.0,2.0,24.861,120.964
74DA38F7C63C,2026-02-18,05:31:01,85.25,100.0,7.0,24.998,121.425
74DA38ED0630,2026-02-18,05:31:05,18.5,100.0,0.0,23.994,121.594
74DA38ED04F2,2026-02-18,05:31:07,18.62,100.0,3.0,23.468,121.496
74DA38F20D16,2026-02-18,05:31:07,16.62,100.0,17.0,25.062,121.526
74DA38ED059C,2026-02-18,05:31:11,17.0,100.0,5.0,23.706,121.412
74DA38F20D6C,2026-02-18,05:31:17,22.12,78.0,0.0,22.661,120.301
74DA38F7C3DE,2026-02-18,05:31:18,16.25,100.0,287.0,24.972,121.537
74DA38F20902,2026-02-18,05:31:21,24.62,91.0,1.0,22.204,120.7
74DA38ED05B6,2026-02-18,05:31:22,17.5,100.0,9.0,23.43,121.348
74DA38F7C5CE,2026-02-18,05:31:27,14.87,91.0,0.0,25.066,121.656
74DA38F20D2A,2026-02-18,05:31:28,16.25,71.0,0.0,25.048,121.573
74DA38F7C260,2026-02-18,05:31:32,15.75,100.0,0.0,25.065,121.425
74DA38F20A78,2026-02-18,05:31:40,18.37,100.0,0.0,22.904,121.124
74DA38F21088,2026-02-18,05:31:43,15.5,100.0,0.0,25.068,121.588
74DA38F21136,2026-02-18,05:31:44,15.12,100.0,9.0,25.119,121.505
74DA38F20B82,2026-02-18,05:31:46,-4.0,0.0,1.0,22.847,120.465
74DA38F7C5E6,2026-02-18,05:31:50,16.25,100.0,8.0,25.107,121.843
74DA38F20BCA,2026-02-18,05:31:57,15.12,100.0,0.0,25.079,121.58
74DA38F7C41E,2026-02-18,05:31:57,16.62,74.0,13.0,25.054,121.517
74DA38F20976,2026-02-18,05:32:01,15.5,89.0,22.0,25.127,121.746
74DA38ED0454,2026-02-18,05:32:20,18.75,100.0,6.0,24.053,121.599
74DA38F210F6,2026-02-18,05:32:28,22.0,100.0,2.0,22.757426,121.158891
74DA38F7C560,2026-02-18,05:32:28,14.25,100.0,0.0,25.079,121.671
74DA38F20D70,2026-02-18,05:32:36,18.0,100.0,0.0,23.05,121.164
74DA38F7C600,2026-02-18,05:32:40,20.87,58.0,6.0,25.07,121.586
74DA38F209A8,2026-02-18,05:32:44,-4.0,0.0,0.0,22.401,120.577
74DA38F20BE4,2026-02-18,05:32:47,15.25,100.0,22.0,24.791,120.957
74DA38F7C566,2026-02-18,05:32:50,16.5,100.0,0.0,25.051,121.448
74DA38F20F0A,2026-02-18,05:32:51,24.75,100.0,14.0,22.995,120.635
74DA38F7C366,2026-02-18,05:32:57,15.37,100.0,8.0,25.002,121.516
74DA38F21054,2026-02-18,05:33:01,25.12,63.0,19.0,22.898,120.627
74DA38F7C30C,2026-02-18,05:33:03,15.25,98.0,0.0,24.975,121.532
74DA38F20B26,2026-02-18,05:33:05,24.25,100.0,13.0,22.783,120.247
74DA38F20D1E,2026-02-18,05:33:06,15.75,100.0,20.0,25.048,121.573
74DA38F20D1A,2026-02-18,05:33:16,16.12,83.0,0.0,25.078,121.541
74DA38F20A30,2026-02-18,05:33:17,15.37,87.0,0.0,24.948,121.372
74DA38F7C3DC,2026-02-18,05:33:20,14.62,100.0,17.0,25.003,121.539
74DA38F20D4C,2026-02-18,05:33:24,20.12,100.0,1.0,22.971,121.303
74DA38F7C610,2026-02-18,05:33:24,17.37,79.0,15.0,25.063,121.564
74DA38F20AE6,2026-02-18,05:33:25,25.25,100.0,11.0,22.63,120.348
74DA38F20E9E,2026-02-18,05:33:27,15.5,100.0,12.0,24.648,121.151
74DA38F21024,2026-02-18,05:33:31,16.37,100.0,0.0,24.93,121.036
74DA38F7C47E,2026-02-18,05:33:37,16.62,100.0,17.0,25.053963,121.427681
74DA38F7C616,2026-02-18,05:33:51,16.0,100.0,0.0,25.031,121.563
74DA38F7C39A,2026-02-18,05:33:54,15.5,100.0,0.0,25.002,121.414
74DA38F7C464,2026-02-18,05:34:06,14.5,37.0,0.0,25.006,121.413
74DA38F2104E,2026-02-18,05:34:09,24.5,94.0,25.0,23.108,120.7
74DA38F7C5BE,2026-02-18,05:34:10,16.0,79.0,18.0,25.092,121.523
74DA38F7C59C,2026-02-18,05:34:23,15.87,74.0,18.0,25.103,121.487
74DA38F20C22,2026-02-18,05:34:28,23.87,100.0,0.0,22.729,120.357
74DA38F7C47C,2026-02-18,05:34:29,16.25,95.0,0.0,25.055,121.455
74DA38F7C29C,2026-02-18,05:34:34,16.0,100.0,12.0,25.02,121.416
74DA38F7C514,2026-02-18,05:34:39,16.0,97.0,15.0,25.051,121.518
74DA38F7C37C,2026-02-18,05:34:43,12.62,100.0,0.0,25.111,121.856
74DA38F209EE,2026-02-18,05:34:51,20.75,100.0,0.0,23.026,121.33
74DA38F20DC0,2026-02-18,05:34:52,22.62,100.0,0.0,22.711,120.295
74DA38F209B2,2026-02-18,05:35:07,22.12,100.0,0.0,22.363,120.599
74DA38F7C570,2026-02-18,05:35:08,14.0,100.0,0.0,25.239,121.63
74DA38ED06E0,2026-02-18,05:35:09,19.25,93.0,0.0,23.601,121.521
74DA38ED05EA,2026-02-18,05:35:11,18.12,100.0,9.0,23.394,121.357
74DA38F20C26,2026-02-18,05:35:13,23.62,70.0,20.0,22.676,120.342
74DA38F209F8,2026-02-18,05:35:18,18.37,100.0,0.0,23.157,121.4
74DA38F210A2,2026-02-18,05:35:19,16.25,100.0,3.0,25.12,121.466
74DA38F7C3B2,2026-02-18,05:35:21,19.37,67.0,6.0,24.929,121.378
74DA38F20B80,2026-02-18,05:35:24,23.62,100.0,23.0,22.599,120.35
74DA38F7C31C,2026-02-18,05:35:25,15.62,100.0,0.0,24.93,121.372
74DA38F7C3D6,2026-02-18,05:35:31,16.25,100.0,0.0,25.045,121.541
74DA38F20E6E,2026-02-18,05:35:48,15.25,83.0,0.0,24.41,120.902
74DA38ED0640,2026-02-18,05:35:50,17.0,100.0,2.0,23.154,121.266
74DA38F20AAA,2026-02-18,05:35:51,15.0,100.0,6.0,24.6,120.999
74DA38F20D2E,2026-02-18,05:35:51,16.0,100.0,0.0,25.06,121.545
74DA38F7C30E,2026-02-18,05:35:51,15.5,100.0,13.0,24.949,121.382
74DA38F7C40C,2026-02-18,05:35:58,14.87,100.0,0.0,24.995,121.52
74DA38F7C4DE,2026-02-18,05:36:04,16.87,100.0,0.0,25.09,121.462
74DA38F20E34,2026-02-18,05:36:05,22.62,74.0,15.0,22.586,120.313
74DA38F7C524,2026-02-18,05:36:05,13.75,100.0,44.0,25.002,121.552
74DA38F20DE0,2026-02-18,05:36:10,25.5,98.0,0.0,22.589,120.328
74DA38F20EB2,2026-02-18,05:36:12,15.12,100.0,12.0,24.324,120.835
74DA38F208E2,2026-02-18,05:36:22,16.25,100.0,3.0,24.688,121.766
74DA38F207DE,2026-02-18,05:36:28,24.37,100.0,24.0,22.603,120.34
74DA38F20AA4,2026-02-18,05:36:28,26.75,85.0,16.0,22.685,120.492
74DA38F21048,2026-02-18,05:36:29,22.75,100.0,22.0,22.595,120.341
74DA38F210E4,2026-02-18,05:36:35,21.37,100.0,12.0,23.24,120.696
74DA38F20B5C,2026-02-18,05:36:38,-4.0,0.0,20.0,22.798,120.293
74DA38F209A4,2026-02-18,05:36:45,25.25,100.0,0.0,22.702,120.572
74DA38F7C562,2026-02-18,05:36:51,16.12,57.0,13.0,25.021,121.418
74DA38F21204,2026-02-18,05:36:52,21.37,100.0,1.0,25.062,121.451
74DA38F7C4CC,2026-02-18,05:36:55,15.75,100.0,9.0,25.062,121.451
74DA38F7C53C,2026-02-18,05:37:01,14.0,100.0,0.0,25.11,121.804
74DA38F7C63C,2026-02-18,05:37:08,85.25,100.0,9.0,24.998,121.425
74DA38F7C3DE,2026-02-18,05:37:13,16.25,100.0,302.0,24.972,121.537
74DA38F20DD0,2026-02-18,05:37:14,23.75,100.0,2.0,22.6080258,120.3229833
74DA38F2118E,2026-02-18,05:37:14,14.62,100.0,47.0,26.148,119.935
74DA38ED04F2,2026-02-18,05:37:17,18.62,100.0,3.0,23.468,121.496
74DA38ED059C,2026-02-18,05:37:18,17.0,100.0,11.0,23.706,121.412
74DA38F20BE0,2026-02-18,05:37:18,25.12,100.0,0.0,22.73,120.346
74DA38F20D16,2026-02-18,05:37:18,16.62,99.0,18.0,25.062,121.526
74DA38F7C5A0,2026-02-18,05:37:20,15.87,89.0,0.0,25.107,121.518
74DA38F209DE,2026-02-18,05:37:26,16.12,100.0,1.0,24.861,120.964
74DA38F20902,2026-02-18,05:37:27,24.62,91.0,1.0,22.204,120.7
74DA38ED05B6,2026-02-18,05:37:28,17.37,100.0,9.0,23.43,121.348
74DA38F20BD0,2026-02-18,05:37:32,-4.0,0.0,19.0,22.688,120.408
74DA38ED0630,2026-02-18,05:37:33,18.62,100.0,0.0,23.994,121.594
74DA38F2113E,2026-02-18,05:37:36,-4.0,0.0,6.0,22.728,120.313
74DA38F20D6C,2026-02-18,05:37:43,22.12,78.0,0.0,22.661,120.301
74DA38F20A78,2026-02-18,05:37:46,18.0,100.0,0.0,22.904,121.124
74DA38F7C5CE,2026-02-18,05:37:54,14.87,91.0,0.0,25.066,121.656
74DA38F7C5E6,2026-02-18,05:37:58,16.25,100.0,8.0,25.107,121.843
74DA38F20D2A,2026-02-18,05:37:59,16.25,71.0,0.0,25.048,121.573
74DA38F7C41E,2026-02-18,05:38:05,16.75,74.0,13.0,25.054,121.517
74DA38F20976,2026-02-18,05:38:09,15.5,89.0,21.0,25.127,121.746
74DA38F21088,2026-02-18,05:38:11,15.37,100.0,0.0,25.068,121.588
74DA38F7C260,2026-02-18,05:38:11,15.75,100.0,0.0,25.065,121.425
74DA38F20BCA,2026-02-18,05:38:27,15.12,99.0,0.0,25.079,121.58
74DA38F210F6,2026-02-18,05:38:34,22.0,100.0,2.0,22.757426,121.158891
74DA38ED0454,2026-02-18,05:38:37,18.75,100.0,7.0,24.053,121.599
74DA38F20D70,2026-02-18,05:38:41,18.12,100.0,0.0,23.05,121.164
74DA38F7C600,2026-02-18,05:38:45,21.0,58.0,6.0,25.07,121.586
74DA38F20BE4,2026-02-18,05:38:56,15.25,100.0,24.0,24.791,120.957
74DA38F7C560,2026-02-18,05:38:57,14.25,100.0,0.0,25.079,121.671
74DA38F20F0A,2026-02-18,05:38:59,24.75,100.0,15.0,22.995,120.635
74DA38F7C366,2026-02-18,05:39:04,15.5,100.0,8.0,25.002,121.516
74DA38F21054,2026-02-18,05:39:07,25.12,63.0,19.0,22.898,120.627
74DA38F20B26,2026-02-18,05:39:13,24.25,100.0,13.0,22.783,120.247
74DA38F7C30C,2026-02-18,05:39:13,15.25,98.0,0.0,24.975,121.532
74DA38F20D1E,2026-02-18,05:39:18,15.75,100.0,20.0,25.048,121.573
74DA38F7C566,2026-02-18,05:39:19,16.5,100.0,0.0,25.051,121.448
74DA38F7C3BA,2026-02-18,05:39:25,118.87,46.0,119.0,25.174,121.441
74DA38F7C3DC,2026-02-18,05:39:27,14.62,100.0,18.0,25.003,121.539
74DA38F20AE6,2026-02-18,05:39:31,25.25,100.0,11.0,22.63,120.348
74DA38F7C610,2026-02-18,05:39:31,17.37,79.0,15.0,25.063,121.564
74DA38F20E9E,2026-02-18,05:39:34,15.37,100.0,13.0,24.648,121.151
74DA38F20A30,2026-02-18,05:39:44,15.37,86.0,0.0,24.948,121.372
74DA38F20D1A,2026-02-18,05:39:45,16.12,84.0,0.0,25.078,121.541
74DA38F7C47E,2026-02-18,05:39:45,16.62,100.0,18.0,25.053963,121.427681
74DA38F20D4C,2026-02-18,05:39:51,20.0,100.0,0.0,22.971,121.303
74DA38F21024,2026-02-18,05:39:59,16.37,100.0,0.0,24.93,121.036
74DA38F7C616,2026-02-18,05:39:59,15.87,100.0,0.0,25.031,121.563
74DA38F7C5BE,2026-02-18,05:40:19,16.12,79.0,19.0,25.092,121.523
74DA38F2104E,2026-02-18,05:40:21,24.37,94.0,27.0,23.108,120.7
74DA38F7C39A,2026-02-18,05:40:22,15.5,100.0,0.0,25.002,121.414
74DA38F7C59C,2026-02-18,05:40:29,16.0,74.0,17.0,25.103,121.487
74DA38F20B88,2026-02-18,05:40:34,23.12,100.0,0.0,22.75,120.316
74DA38F7C464,2026-02-18,05:40:36,14.5,34.0,0.0,25.006,121.413
74DA38F7C47C,2026-02-18,05:40:38,16.12,95.0,0.0,25.055,121.455
74DA38F7C29C,2026-02-18,05:40:41,16.0,100.0,12.0,25.02,121.416
74DA38F7C514,2026-02-18,05:40:47,16.0,97.0,16.0,25.051,121.518
74DA38F209EE,2026-02-18,05:40:57,20.87,100.0,0.0,23.026,121.33
74DA38F20C22,2026-02-18,05:41:01,24.0,100.0,0.0,22.729,120.357
74DA38F7C37C,2026-02-18,05:41:12,12.37,100.0,0.0,25.111,121.856
74DA38ED06E0,2026-02-18,05:41:15,19.25,93.0,0.0,23.601,121.521
74DA38ED05EA,2026-02-18,05:41:17,18.0,100.0,8.0,23.394,121.357
74DA38F20B82,2026-02-18,05:41:19,-4.0,0.0,0.0,22.847,120.465
74DA38F20DC0,2026-02-18,05:41:21,22.5,100.0,2.0,22.711,120.295
74DA38F7C338,2026-02-18,05:41:21,18.0,91.0,12.0,25.011,121.458
74DA38F20C26,2026-02-18,05:41:22,23.75,70.0,21.0,22.676,120.342
74DA38F210A2,2026-02-18,05:41:26,16.12,100.0,4.0,25.12,121.466
74DA38F7C3B2,2026-02-18,05:41:27,19.37,67.0,6.0,24.929,121.378
74DA38F209B2,2026-02-18,05:41:35,22.25,100.0,0.0,22.363,120.599
74DA38F7C570,2026-02-18,05:41:36,14.0,100.0,0.0,25.239,121.63
74DA38F209F8,2026-02-18,05:41:47,18.12,100.0,0.0,23.157,121.4
74DA38F20E6E,2026-02-18,05:41:49,15.25,83.0,0.0,24.41,120.902
74DA38F20B80,2026-02-18,05:41:52,23.5,100.0,47.0,22.599,120.35
74DA38F7C31C,2026-02-18,05:41:53,15.62,100.0,0.0,24.93,121.372
74DA38ED0640,2026-02-18,05:41:57,17.0,100.0,2.0,23.154,121.266
74DA38F20AAA,2026-02-18,05:41:58,15.0,100.0,6.0,24.6,120.999
74DA38F7C3D6,2026-02-18,05:41:58,16.25,100.0,0.0,25.045,121.541
74DA38F7C30E,2026-02-18,05:42:02,15.62,100.0,12.0,24.949,121.382
74DA38F7C40C,2026-02-18,05:42:04,14.87,100.0,0.0,24.995,121.52
74DA38F20E34,2026-02-18,05:42:14,22.62,74.0,14.0,22.586,120.313
74DA38F20D2E,2026-02-18,05:42:19,16.0,100.0,0.0,25.06,121.545
74DA38F20EB2,2026-02-18,05:42:19,15.25,100.0,12.0,24.324,120.835
74DA38F7C4DE,2026-02-18,05:42:21,16.75,100.0,0.0,25.09,121.462
74DA38F209A8,2026-02-18,05:42:22,-4.0,0.0,0.0,22.401,120.577
74DA38F208E2,2026-02-18,05:42:27,16.25,100.0,3.0,24.688,121.766
74DA38F207DE,2026-02-18,05:42:35,24.37,100.0,22.0,22.603,120.34
74DA38F20AA4,2026-02-18,05:42:35,26.75,85.0,17.0,22.685,120.492
74DA38F20DE0,2026-02-18,05:42:39,25.5,98.0,0.0,22.589,120.328
74DA38F7C524,2026-02-18,05:42:39,13.62,100.0,46.0,25.002,121.552
74DA38F210E4,2026-02-18,05:42:42,21.5,100.0,12.0,23.24,120.696
74DA38F21048,2026-02-18,05:42:58,22.75,100.0,21.0,22.595,120.341
74DA38F21204,2026-02-18,05:42:58,21.5,100.0,1.0,25.062,121.451
74DA38F7C562,2026-02-18,05:42:59,16.12,65.0,13.0,25.021,121.418
74DA38F7C4CC,2026-02-18,05:43:04,15.75,100.0,10.0,25.062,121.451
74DA38F7C3DE,2026-02-18,05:43:08,16.25,100.0,282.0,24.972,121.537
74DA38F209A4,2026-02-18,05:43:13,25.25,100.0,0.0,22.702,120.572
74DA38F7C63C,2026-02-18,05:43:15,85.25,100.0,8.0,24.998,121.425
74DA38ED059C,2026-02-18,05:43:26,16.75,100.0,4.0,23.706,121.412
74DA38F20D16,2026-02-18,05:43:26,16.75,99.0,18.0,25.062,121.526
74DA38F7C53C,2026-02-18,05:43:28,14.12,100.0,0.0,25.11,121.804
74DA38F20902,2026-02-18,05:43:33,24.62,91.0,1.0,22.204,120.7
74DA38ED05B6,2026-02-18,05:43:34,17.37,100.0,10.0,23.43,121.348
74DA38ED04F2,2026-02-18,05:43:36,18.62,100.0,3.0,23.468,121.496
74DA38F20DD0,2026-02-18,05:43:43,23.62,100.0,2.0,22.6080258,120.3229833
74DA38F20BE0,2026-02-18,05:43:45,25.12,100.0,0.0,22.73,120.346
74DA38F7C5A0,2026-02-18,05:43:48,15.87,89.0,0.0,25.107,121.518
74DA38F2118E,2026-02-18,05:43:50,14.62,100.0,48.0,26.148,119.935
74DA38F20A78,2026-02-18,05:43:53,18.12,100.0,0.0,22.904,121.124
74DA38F21136,2026-02-18,05:43:54,15.25,100.0,10.0,25.119,121.505
74DA38F209DE,2026-02-18,05:43:55,16.0,100.0,3.0,24.861,120.964
74DA38ED0630,2026-02-18,05:44:05,18.62,98.0,0.0,23.994,121.594
74DA38F7C5E6,2026-02-18,05:44:05,16.25,100.0,9.0,25.107,121.843
74DA38F20D6C,2026-02-18,05:44:11,22.25,78.0,0.0,22.661,120.301
74DA38F7C41E,2026-02-18,05:44:11,16.62,74.0,13.0,25.054,121.517
74DA38F20976,2026-02-18,05:44:17,15.5,90.0,22.0,25.127,121.746
74DA38F7C5CE,2026-02-18,05:44:23,15.0,90.0,1.0,25.066,121.656
74DA38F20D2A,2026-02-18,05:44:29,16.37,71.0,0.0,25.048,121.573
74DA38F210F6,2026-02-18,05:44:39,22.0,100.0,2.0,22.757426,121.158891
74DA38F21088,2026-02-18,05:44:40,15.37,100.0,0.0,25.068,121.588
74DA38F7C260,2026-02-18,05:44:41,15.62,100.0,0.0,25.065,121.425
74DA38F20D70,2026-02-18,05:44:47,17.75,100.0,0.0,23.05,121.164
74DA38F7C600,2026-02-18,05:44:51,21.0,57.0,6.0,25.07,121.586
74DA38F20BCA,2026-02-18,05:44:56,15.12,99.0,0.0,25.079,121.58
74DA38F2113E,2026-02-18,05:44:58,-4.0,0.0,4.0,22.728,120.313
74DA38F20BE4,2026-02-18,05:45:06,15.25,100.0,24.0,24.791,120.957
74DA38F20F0A,2026-02-18,05:45:07,24.87,100.0,16.0,22.995,120.635
74DA38F7C366,2026-02-18,05:45:11,15.25,100.0,8.0,25.002,121.516
74DA38F21054,2026-02-18,05:45:13,25.12,63.0,18.0,22.898,120.627
74DA38F7C30C,2026-02-18,05:45:21,15.25,98.0,0.0,24.975,121.532
74DA38F7C560,2026-02-18,05:45:26,14.25,100.0,0.0,25.079,121.671
74DA38F7C3BA,2026-02-18,05:45:27,118.87,46.0,119.0,25.174,121.441
74DA38F20D1E,2026-02-18,05:45:29,15.87,100.0,21.0,25.048,121.573
74DA38F7C3DC,2026-02-18,05:45:35,14.62,100.0,20.0,25.003,121.539
74DA38F20AE6,2026-02-18,05:45:37,25.25,100.0,11.0,22.63,120.348
74DA38F20E9E,2026-02-18,05:45:40,15.37,100.0,14.0,24.648,121.151
74DA38F7C610,2026-02-18,05:45:41,17.37,79.0,15.0,25.063,121.564
74DA38F7C566,2026-02-18,05:45:47,16.37,100.0,0.0,25.051,121.448
74DA38F7C47E,2026-02-18,05:45:52,16.62,100.0,18.0,25.053963,121.427681
74DA38F20B5C,2026-02-18,05:46:08,-4.0,0.0,20.0,22.798,120.293
74DA38F20D1A,2026-02-18,05:46:12,16.12,84.0,0.0,25.078,121.541
74DA38F7C616,2026-02-18,05:46:13,15.87,100.0,0.0,25.031,121.563
74DA38F20D4C,2026-02-18,05:46:18,20.0,100.0,0.0,22.971,121.303
74DA38F21024,2026-02-18,05:46:26,16.37,100.0,0.0,24.93,121.036
74DA38F7C5BE,2026-02-18,05:46:27,16.12,79.0,18.0,25.092,121.523
74DA38F2104E,2026-02-18,05:46:30,24.25,94.0,26.0,23.108,120.7
74DA38F7C59C,2026-02-18,05:46:36,16.12,74.0,17.0,25.103,121.487
74DA38F7C29C,2026-02-18,05:46:47,16.12,100.0,12.0,25.02,121.416
74DA38F7C47C,2026-02-18,05:46:47,16.37,95.0,0.0,25.055,121.455
74DA38F7C39A,2026-02-18,05:46:51,15.62,100.0,0.0,25.002,121.414
74DA38F7C514,2026-02-18,05:46:56,16.0,96.0,15.0,25.051,121.518
74DA38F209EE,2026-02-18,05:47:03,20.87,100.0,0.0,23.026,121.33
74DA38F20B88,2026-02-18,05:47:03,23.0,100.0,0.0,22.75,120.316
74DA38F7C464,2026-02-18,05:47:05,14.5,36.0,0.0,25.006,121.413
74DA38ED06E0,2026-02-18,05:47:22,19.25,92.0,0.0,23.601,121.521
74DA38ED05EA,2026-02-18,05:47:24,17.87,100.0,8.0,23.394,121.357
74DA38F20C22,2026-02-18,05:47:30,24.12,100.0,0.0,22.729,120.357
74DA38F20C26,2026-02-18,05:47:31,24.0,69.0,21.0,22.676,120.342
74DA38F210A2,2026-02-18,05:47:32,16.12,100.0,5.0,25.12,121.466
74DA38F7C338,2026-02-18,05:47:34,18.12,90.0,13.0,25.011,121.458
74DA38F7C3B2,2026-02-18,05:47:34,19.37,67.0,6.0,24.929,121.378
74DA38F7C37C,2026-02-18,05:47:40,12.25,100.0,0.0,25.111,121.856
74DA38F20DC0,2026-02-18,05:47:49,22.5,100.0,0.0,22.711,120.295
74DA38F20E6E,2026-02-18,05:47:50,15.25,83.0,0.0,24.41,120.902
74DA38F209B2,2026-02-18,05:48:02,22.25,100.0,0.0,22.363,120.599
74DA38ED0640,2026-02-18,05:48:04,17.0,100.0,2.0,23.154,121.266
74DA38F20AAA,2026-02-18,05:48:04,15.12,100.0,7.0,24.6,120.999
74DA38F20BD0,2026-02-18,05:48:05,-4.0,0.0,19.0,22.688,120.408
74DA38F7C570,2026-02-18,05:48:08,14.0,100.0,0.0,25.239,121.63
74DA38F7C30E,2026-02-18,05:48:11,15.5,100.0,13.0,24.949,121.382
74DA38F7C40C,2026-02-18,05:48:11,14.87,100.0,0.0,24.995,121.52
74DA38F209F8,2026-02-18,05:48:14,18.0,100.0,0.0,23.157,121.4
74DA38F20B80,2026-02-18,05:48:19,23.62,100.0,49.0,22.599,120.35
74DA38F20E34,2026-02-18,05:48:23,22.62,74.0,14.0,22.586,120.313
74DA38F7C31C,2026-02-18,05:48:23,15.75,100.0,0.0,24.93,121.372
74DA38F20EB2,2026-02-18,05:48:25,15.37,100.0,12.0,24.324,120.835
74DA38F7C3D6,2026-02-18,05:48:26,16.25,100.0,0.0,25.045,121.541
74DA38F7C4DE,2026-02-18,05:48:31,16.75,100.0,0.0,25.09,121.462
74DA38F208E2,2026-02-18,05:48:33,16.25,100.0,9.0,24.688,121.766
74DA38F207DE,2026-02-18,05:48:42,24.37,100.0,22.0,22.603,120.34
74DA38F20AA4,2026-02-18,05:48:45,26.75,84.0,22.0,22.685,120.492
74DA38F20D2E,2026-02-18,05:48:49,16.0,100.0,0.0,25.06,121.545
74DA38F210E4,2026-02-18,05:48:50,21.5,100.0,12.0,23.24,120.696
74DA38F7C3DE,2026-02-18,05:49:03,16.25,100.0,296.0,24.972,121.537
74DA38F21204,2026-02-18,05:49:05,21.5,100.0,1.0,25.062,121.451
74DA38F20DE0,2026-02-18,05:49:07,25.87,97.0,0.0,22.589,120.328
74DA38F7C524,2026-02-18,05:49:08,13.62,100.0,45.0,25.002,121.552
74DA38F7C4CC,2026-02-18,05:49:10,15.75,100.0,10.0,25.062,121.451
74DA38F7C562,2026-02-18,05:49:16,16.12,56.0,14.0,25.021,121.418
74DA38F7C63C,2026-02-18,05:49:22,85.25,100.0,8.0,24.998,121.425
74DA38F21048,2026-02-18,05:49:29,22.75,100.0,19.0,22.595,120.341
74DA38ED059C,2026-02-18,05:49:33,16.87,100.0,4.0,23.706,121.412
74DA38F20D16,2026-02-18,05:49:35,16.75,99.0,19.0,25.062,121.526
74DA38F20902,2026-02-18,05:49:38,24.62,91.0,1.0,22.204,120.7
74DA38ED05B6,2026-02-18,05:49:40,17.25,100.0,9.0,23.43,121.348
74DA38F209A4,2026-02-18,05:49:41,25.25,100.0,0.0,22.702,120.572
74DA38ED04F2,2026-02-18,05:49:50,18.62,100.0,3.0,23.468,121.496
74DA38F7C53C,2026-02-18,05:49:56,14.12,100.0,0.0,25.11,121.804
74DA38F20A78,2026-02-18,05:50:00,18.0,100.0,0.0,22.904,121.124
74DA38F21136,2026-02-18,05:50:00,15.37,100.0,9.0,25.119,121.505
74DA38F20DD0,2026-02-18,05:50:11,23.75,100.0,0.0,22.6080258,120.3229833
74DA38F7C5E6,2026-02-18,05:50:11,16.25,100.0,9.0,25.107,121.843
74DA38F20BE0,2026-02-18,05:50:13,25.0,100.0,0.0,22.73,120.346
74DA38F7C5A0,2026-02-18,05:50:17,16.0,89.0,0.0,25.107,121.518
74DA38F7C41E,2026-02-18,05:50:18,16.62,74.0,13.0,25.054,121.517
74DA38F209DE,2026-02-18,05:50:23,15.87,100.0,3.0,24.861,120.964
74DA38F20976,2026-02-18,05:50:24,15.5,89.0,22.0,25.127,121.746
74DA38F2118E,2026-02-18,05:50:26,14.75,100.0,47.0,26.148,119.935
74DA38ED0630,2026-02-18,05:50:37,18.5,99.0,0.0,23.994,121.594
74DA38F20D6C,2026-02-18,05:50:41,22.25,77.0,0.0,22.661,120.301
74DA38F210F6,2026-02-18,05:50:44,22.0,100.0,2.0,22.757426,121.158891
74DA38F7C5CE,2026-02-18,05:50:51,15.0,90.0,0.0,25.066,121.656
74DA38F20B82,2026-02-18,05:50:52,-4.0,0.0,0.0,22.847,120.465
74DA38F20D70,2026-02-18,05:50:54,17.87,100.0,0.0,23.05,121.164
74DA38F7C600,2026-02-18,05:50:56,21.0,57.0,6.0,25.07,121.586
74DA38F20D2A,2026-02-18,05:50:58,16.37,71.0,0.0,25.048,121.573
74DA38F21088,2026-02-18,05:51:09,15.5,100.0,0.0,25.068,121.588
74DA38F7C260,2026-02-18,05:51:11,15.75,100.0,1.0,25.065,121.425
74DA38F20BE4,2026-02-18,05:51:13,15.25,100.0,24.0,24.791,120.957
74DA38F20F0A,2026-02-18,05:51:14,25.0,100.0,14.0,22.995,120.635
74DA38F21054,2026-02-18,05:51:19,25.12,62.0,18.0,22.898,120.627
74DA38F7C366,2026-02-18,05:51:19,15.12,100.0,8.0,25.002,121.516
74DA38F20BCA,2026-02-18,05:51:25,15.12,99.0,0.0,25.079,121.58
74DA38ED0454,2026-02-18,05:51:27,18.87,100.0,7.0,24.053,121.599
74DA38F7C3BA,2026-02-18,05:51:29,118.87,46.0,119.0,25.174,121.441
74DA38F7C30C,2026-02-18,05:51:32,15.37,98.0,0.0,24.975,121.532
74DA38F7C3DC,2026-02-18,05:51:42,14.62,100.0,18.0,25.003,121.539
74DA38F20D1E,2026-02-18,05:51:43,15.62,100.0,21.0,25.048,121.573
74DA38F20AE6,2026-02-18,05:51:44,25.25,100.0,11.0,22.63,120.348
74DA38F20E9E,2026-02-18,05:51:46,15.25,100.0,11.0,24.648,121.151
74DA38F7C610,2026-02-18,05:51:47,17.5,79.0,14.0,25.063,121.564
74DA38F7C560,2026-02-18,05:51:55,14.25,100.0,0.0,25.079,121.671
74DA38F20B26,2026-02-18,05:51:59,24.12,100.0,13.0,22.783,120.247
74DA38F209A8,2026-02-18,05:52:00,-4.0,0.0,0.0,22.401,120.577
74DA38F7C47E,2026-02-18,05:52:00,16.62,100.0,20.0,25.053963,121.427681
74DA38F7C566,2026-02-18,05:52:16,16.5,100.0,0.0,25.051,121.448
74DA38F7C616,2026-02-18,05:52:23,15.87,100.0,0.0,25.031,121.563
74DA38F7C5BE,2026-02-18,05:52:36,16.0,79.0,21.0,25.092,121.523
74DA38F2113E,2026-02-18,05:52:38,-4.0,0.0,3.0,22.728,120.313
74DA38F2104E,2026-02-18,05:52:40,24.25,94.0,25.0,23.108,120.7
74DA38F20D1A,2026-02-18,05:52:41,16.12,84.0,0.0,25.078,121.541
74DA38F7C59C,2026-02-18,05:52:42,16.12,75.0,17.0,25.103,121.487
74DA38F20D4C,2026-02-18,05:52:46,19.87,100.0,0.0,22.971,121.303
74DA38F21024,2026-02-18,05:52:54,16.37,100.0,0.0,24.93,121.036
74DA38F7C29C,2026-02-18,05:52:54,15.87,100.0,13.0,25.02,121.416
74DA38F7C47C,2026-02-18,05:52:55,16.5,95.0,0.0,25.055,121.455
74DA38F7C514,2026-02-18,05:53:03,16.0,96.0,16.0,25.051,121.518
74DA38F209EE,2026-02-18,05:53:09,20.75,100.0,0.0,23.026,121.33
74DA38F20A30,2026-02-18,05:53:19,15.25,87.0,0.0,24.948,121.372
74DA38F7C39A,2026-02-18,05:53:20,15.62,100.0,0.0,25.002,121.414
74DA38ED06E0,2026-02-18,05:53:29,19.12,92.0,0.0,23.601,121.521
74DA38ED05EA,2026-02-18,05:53:30,17.87,100.0,10.0,23.394,121.357
74DA38F20B88,2026-02-18,05:53:33,23.0,100.0,0.0,22.75,120.316
74DA38F7C464,2026-02-18,05:53:36,14.5,35.0,0.0,25.006,121.413
74DA38F210A2,2026-02-18,05:53:39,16.0,100.0,5.0,25.12,121.466
74DA38F20C26,2026-02-18,05:53:40,23.87,69.0,20.0,22.676,120.342
74DA38F7C3B2,2026-02-18,05:53:40,19.37,67.0,7.0,24.929,121.378
74DA38F7C338,2026-02-18,05:53:46,18.12,91.0,13.0,25.011,121.458
74DA38F20E6E,2026-02-18,05:53:52,15.37,83.0,0.0,24.41,120.902
74DA38F20C22,2026-02-18,05:53:59,24.12,100.0,0.0,22.729,120.357
74DA38F7C37C,2026-02-18,05:54:07,12.25,100.0,0.0,25.111,121.856
74DA38F20AAA,2026-02-18,05:54:09,15.12,100.0,6.0,24.6,120.999
74DA38ED0640,2026-02-18,05:54:11,17.0,100.0,3.0,23.154,121.266
74DA38F7C30E,2026-02-18,05:54:18,15.5,100.0,13.0,24.949,121.382
74DA38F7C40C,2026-02-18,05:54:18,15.0,100.0,0.0,24.995,121.52
74DA38F20DC0,2026-02-18,05:54:26,22.75,100.0,0.0,22.711,120.295
74DA38F209B2,2026-02-18,05:54:29,22.25,100.0,0.0,22.363,120.599
74DA38F20E34,2026-02-18,05:54:31,22.75,74.0,13.0,22.586,120.313
74DA38F20EB2,2026-02-18,05:54:31,15.37,100.0,12.0,24.324,120.835
74DA38F7C570,2026-02-18,05:54:36,14.0,100.0,0.0,25.239,121.63
74DA38F208E2,2026-02-18,05:54:39,16.12,100.0,12.0,24.688,121.766
74DA38F7C4DE,2026-02-18,05:54:40,16.75,100.0,0.0,25.09,121.462
74DA38F209F8,2026-02-18,05:54:42,17.87,100.0,0.0,23.157,121.4
74DA38F20B80,2026-02-18,05:54:48,23.75,100.0,49.0,22.599,120.35
74DA38F7C31C,2026-02-18,05:54:50,16.0,100.0,0.0,24.93,121.372
74DA38F207DE,2026-02-18,05:54:52,24.5,100.0,22.0,22.603,120.34
74DA38F20AA4,2026-02-18,05:54:54,26.75,84.0,26.0,22.685,120.492
74DA38F7C3D6,2026-02-18,05:54:55,16.12,100.0,0.0,25.045,121.541
74DA38F210E4,2026-02-18,05:54:57,21.37,100.0,11.0,23.24,120.696
74DA38F7C3DE,2026-02-18,05:54:59,16.25,100.0,294.0,24.972,121.537
74DA38F21204,2026-02-18,05:55:12,21.37,100.0,2.0,25.062,121.451
74DA38F7C4CC,2026-02-18,05:55:17,15.75,100.0,9.0,25.062,121.451
74DA38F20D2E,2026-02-18,05:55:19,16.0,100.0,1.0,25.06,121.545
74DA38F7C63C,2026-02-18,05:55:29,85.25,100.0,9.0,24.998,121.425
74DA38F7C562,2026-02-18,05:55:32,16.0,29.0,15.0,25.021,121.418
74DA38F20DE0,2026-02-18,05:55:35,25.75,96.0,0.0,22.589,120.328
74DA38F20B5C,2026-02-18,05:55:40,-4.0,0.0,20.0,22.798,120.293
74DA38F7C524,2026-02-18,05:55:40,13.62,100.0,45.0,25.002,121.552
74DA38ED059C,2026-02-18,05:55:41,16.75,100.0,4.0,23.706,121.412
74DA38F20902,2026-02-18,05:55:44,24.5,92.0,1.0,22.204,120.7
74DA38F20D16,2026-02-18,05:55:44,16.75,99.0,18.0,25.062,121.526
74DA38ED05B6,2026-02-18,05:55:46,17.12,100.0,10.0,23.43,121.348
74DA38ED04F2,2026-02-18,05:55:57,18.62,100.0,4.0,23.468,121.496
74DA38F21048,2026-02-18,05:56:00,22.87,100.0,19.0,22.595,120.341
74DA38F20A78,2026-02-18,05:56:06,18.12,100.0,0.0,22.904,121.124
74DA38F21136,2026-02-18,05:56:07,15.25,100.0,11.0,25.119,121.505
74DA38F209A4,2026-02-18,05:56:11,25.12,100.0,0.0,22.702,120.572
74DA38F7C5E6,2026-02-18,05:56:18,16.25,100.0,9.0,25.107,121.843
74DA38F7C41E,2026-02-18,05:56:24,16.5,74.0,14.0,25.054,121.517
74DA38F7C53C,2026-02-18,05:56:27,14.12,100.0,0.0,25.11,121.804
74DA38F20976,2026-02-18,05:56:32,15.5,90.0,21.0,25.127,121.746
74DA38F20DD0,2026-02-18,05:56:42,24.12,100.0,0.0,22.6080258,120.3229833
74DA38F20BE0,2026-02-18,05:56:44,25.12,100.0,0.0,22.73,120.346
74DA38F7C5A0,2026-02-18,05:56:45,16.12,89.0,0.0,25.107,121.518
74DA38F210F6,2026-02-18,05:56:50,21.87,100.0,1.0,22.757426,121.158891
74DA38F209DE,2026-02-18,05:56:51,16.0,100.0,0.0,24.861,120.964
74DA38F20D70,2026-02-18,05:56:59,18.0,100.0,0.0,23.05,121.164
74DA38F2118E,2026-02-18,05:57:01,14.75,100.0,48.0,26.148,119.935
74DA38F7C600,2026-02-18,05:57:01,21.25,57.0,6.0,25.07,121.586
74DA38ED0630,2026-02-18,05:57:07,18.5,100.0,0.0,23.994,121.594
74DA38F20D6C,2026-02-18,05:57:09,22.12,77.0,0.0,22.661,120.301
74DA38F7C5CE,2026-02-18,05:57:19,15.0,89.0,0.0,25.066,121.656
74DA38F20BE4,2026-02-18,05:57:22,15.25,100.0,25.0,24.791,120.957
74DA38F20F0A,2026-02-18,05:57:22,25.12,100.0,15.0,22.995,120.635
74DA38F7C366,2026-02-18,05:57:25,15.12,100.0,9.0,25.002,121.516
74DA38F21054,2026-02-18,05:57:26,25.12,62.0,18.0,22.898,120.627
74DA38F20D2A,2026-02-18,05:57:27,16.37,71.0,0.0,25.048,121.573
74DA38F7C3BA,2026-02-18,05:57:31,118.87,46.0,121.0,25.174,121.441
74DA38ED0454,2026-02-18,05:57:35,18.87,100.0,7.0,24.053,121.599
74DA38F21088,2026-02-18,05:57:38,15.5,100.0,0.0,25.068,121.588
74DA38F7C30C,2026-02-18,05:57:39,15.5,98.0,0.0,24.975,121.532
74DA38F7C260,2026-02-18,05:57:47,15.62,100.0,0.0,25.065,121.425
74DA38F20AE6,2026-02-18,05:57:50,25.25,100.0,11.0,22.63,120.348
74DA38F7C3DC,2026-02-18,05:57:50,14.87,100.0,18.0,25.003,121.539
74DA38F20D1E,2026-02-18,05:57:53,15.75,100.0,22.0,25.048,121.573
74DA38F20E9E,2026-02-18,05:57:53,15.0,100.0,11.0,24.648,121.151
74DA38F7C610,2026-02-18,05:57:54,17.37,78.0,15.0,25.063,121.564
74DA38F20BCA,2026-02-18,05:57:58,15.12,99.0,0.0,25.079,121.58
74DA38F7C47E,2026-02-18,05:58:08,16.5,100.0,22.0,25.053963,121.427681
74DA38F20B26,2026-02-18,05:58:09,24.0,100.0,14.0,22.783,120.247
74DA38F7C560,2026-02-18,05:58:23,14.12,100.0,0.0,25.079,121.671
74DA38F20BD0,2026-02-18,05:58:35,-4.0,0.0,19.0,22.688,120.408
74DA38F7C566,2026-02-18,05:58:45,16.5,100.0,0.0,25.051,121.448
74DA38F7C5BE,2026-02-18,05:58:45,16.0,79.0,22.0,25.092,121.523
74DA38F7C59C,2026-02-18,05:58:49,16.12,74.0,17.0,25.103,121.487
74DA38F2104E,2026-02-18,05:58:51,24.5,94.0,26.0,23.108,120.7
74DA38F7C616,2026-02-18,05:58:51,15.62,100.0,0.0,25.031,121.563
74DA38F7C29C,2026-02-18,05:58:59,15.87,100.0,12.0,25.02,121.416
74DA38F7C47C,2026-02-18,05:59:04,16.37,95.0,0.0,25.055,121.455
74DA38F20D1A,2026-02-18,05:59:10,16.12,83.0,0.0,25.078,121.541
74DA38F20D4C,2026-02-18,05:59:13,19.75,100.0,0.0,22.971,121.303
74DA38F7C514,2026-02-18,05:59:13,15.87,96.0,16.0,25.051,121.518
74DA38F209EE,2026-02-18,05:59:17,20.62,100.0,0.0,23.026,121.33
74DA38F21024,2026-02-18,05:59:24,16.25,100.0,0.0,24.93,121.036
74DA38ED06E0,2026-02-18,05:59:36,19.12,92.0,0.0,23.601,121.521
74DA38ED05EA,2026-02-18,05:59:37,17.87,100.0,10.0,23.394,121.357
74DA38F210A2,2026-02-18,05:59:45,16.25,100.0,5.0,25.12,121.466
74DA38F7C3B2,2026-02-18,05:59:46,19.37,67.0,6.0,24.929,121.378
74DA38F20C26,2026-02-18,05:59:47,23.87,69.0,18.0,22.676,120.342
74DA38F7C39A,2026-02-18,05:59:48,15.75,100.0,0.0,25.002,121.414
74DA38F20A30,2026-02-18,05:59:50,15.25,87.0,0.0,24.948,121.372
74DA38F20E6E,2026-02-18,05:59:55,15.37,83.0,0.0,24.41,120.902
74DA38F2113E,2026-02-18,05:59:55,-4.0,0.0,3.0,22.728,120.313
74DA38F20B88,2026-02-18,06:00:01,23.12,100.0,0.0,22.75,120.316
74DA38F7C464,2026-02-18,06:00:06,14.37,37.0,0.0,25.006,121.413
74DA38F20AAA,2026-02-18,06:00:16,15.0,100.0,6.0,24.6,120.999
74DA38ED0640,2026-02-18,06:00:18,16.87,100.0,3.0,23.154,121.266
74DA38F20B82,2026-02-18,06:00:25,-4.0,0.0,0.0,22.847,120.465
74DA38F7C40C,2026-02-18,06:00:25,14.87,100.0,0.0,24.995,121.52
74DA38F20C22,2026-02-18,06:00:28,24.25,100.0,0.0,22.729,120.357
74DA38F7C30E,2026-02-18,06:00:31,15.62,100.0,13.0,24.949,121.382
74DA38F7C37C,2026-02-18,06:00:36,12.25,100.0,1.0,25.111,121.856
74DA38F20EB2,2026-02-18,06:00:39,15.37,100.0,12.0,24.324,120.835
74DA38F20E34,2026-02-18,06:00:42,22.62,74.0,12.0,22.586,120.313
74DA38F208E2,2026-02-18,06:00:44,16.0,100.0,13.0,24.688,121.766
74DA38F7C4DE,2026-02-18,06:00:47,16.87,100.0,0.0,25.09,121.462
74DA38F7C3DE,2026-02-18,06:00:54,16.25,100.0,294.0,24.972,121.537
74DA38F209B2,2026-02-18,06:00:57,22.37,100.0,0.0,22.363,120.599
74DA38F20DC0,2026-02-18,06:00:58,22.62,100.0,17.0,22.711,120.295
74DA38F20AA4,2026-02-18,06:01:01,26.87,84.0,30.0,22.685,120.492
74DA38F207DE,2026-02-18,06:01:03,24.5,100.0,22.0,22.603,120.34
74DA38F210E4,2026-02-18,06:01:06,21.5,100.0,11.0,23.24,120.696
74DA38F7C570,2026-02-18,06:01:06,14.0,100.0,0.0,25.239,121.63
74DA38F209F8,2026-02-18,06:01:11,18.0,100.0,0.0,23.157,121.4
74DA38F20B80,2026-02-18,06:01:17,23.5,100.0,42.0,22.599,120.35
74DA38F21204,2026-02-18,06:01:18,21.5,100.0,1.0,25.062,121.451
74DA38F7C31C,2026-02-18,06:01:19,16.0,100.0,0.0,24.93,121.372
74DA38F7C3D6,2026-02-18,06:01:23,16.25,100.0,0.0,25.045,121.541
74DA38F7C4CC,2026-02-18,06:01:28,15.75,100.0,11.0,25.062,121.451
74DA38F7C63C,2026-02-18,06:01:37,85.25,100.0,10.0,24.998,121.425
74DA38F209A8,2026-02-18,06:01:38,-4.0,0.0,0.0,22.401,120.577
74DA38F7C562,2026-02-18,06:01:38,15.87,48.0,15.0,25.021,121.418
74DA38ED059C,2026-02-18,06:01:48,16.75,100.0,5.0,23.706,121.412
74DA38F20D2E,2026-02-18,06:01:48,16.0,100.0,0.0,25.06,121.545
74DA38F20902,2026-02-18,06:01:50,24.5,91.0,1.0,22.204,120.7
74DA38ED05B6,2026-02-18,06:01:52,17.0,100.0,9.0,23.43,121.348
74DA38F20D16,2026-02-18,06:01:52,16.75,99.0,18.0,25.062,121.526
74DA38F20DE0,2026-02-18,06:02:04,25.75,95.0,0.0,22.589,120.328
74DA38ED04F2,2026-02-18,06:02:08,18.62,100.0,3.0,23.468,121.496
74DA38F7C524,2026-02-18,06:02:12,13.62,100.0,48.0,25.002,121.552
74DA38F20A78,2026-02-18,06:02:13,18.12,100.0,0.0,22.904,121.124
74DA38F21136,2026-02-18,06:02:13,15.12,100.0,11.0,25.119,121.505
74DA38F7C5E6,2026-02-18,06:02:26,16.25,100.0,9.0,25.107,121.843
74DA38F21048,2026-02-18,06:02:29,22.75,100.0,20.0,22.595,120.341
74DA38F7C41E,2026-02-18,06:02:32,16.5,74.0,14.0,25.054,121.517
74DA38F20976,2026-02-18,06:02:40,15.5,90.0,21.0,25.127,121.746
74DA38F209A4,2026-02-18,06:02:40,25.25,100.0,0.0,22.702,120.572
74DA38F210F6,2026-02-18,06:02:55,21.87,100.0,2.0,22.757426,121.158891
74DA38F7C53C,2026-02-18,06:02:56,14.0,100.0,0.0,25.11,121.804
74DA38F20D70,2026-02-18,06:03:04,17.87,100.0,0.0,23.05,121.164
74DA38F7C600,2026-02-18,06:03:07,21.37,57.0,6.0,25.07,121.586
74DA38F20DD0,2026-02-18,06:03:11,23.75,100.0,5.0,22.6080258,120.3229833
74DA38F20BE0,2026-02-18,06:03:13,25.12,100.0,0.0,22.73,120.346
74DA38F7C5A0,2026-02-18,06:03:14,16.12,89.0,0.0,25.107,121.518
74DA38F209DE,2026-02-18,06:03:19,16.12,100.0,1.0,24.861,120.964
74DA38F20F0A,2026-02-18,06:03:27,25.12,100.0,15.0,22.995,120.635
74DA38F21054,2026-02-18,06:03:32,25.12,62.0,18.0,22.898,120.627
74DA38F7C366,2026-02-18,06:03:32,15.25,100.0,9.0,25.002,121.516
74DA38F7C3BA,2026-02-18,06:03:33,118.87,46.0,134.0,25.174,121.441
74DA38F20BE4,2026-02-18,06:03:34,15.25,100.0,27.0,24.791,120.957
74DA38ED0630,2026-02-18,06:03:35,18.5,100.0,0.0,23.994,121.594
74DA38F20D6C,2026-02-18,06:03:36,22.12,78.0,0.0,22.661,120.301
74DA38F2118E,2026-02-18,06:03:38,14.87,100.0,49.0,26.148,119.935
74DA38ED0454,2026-02-18,06:03:41,18.87,100.0,7.0,24.053,121.599
74DA38F7C30C,2026-02-18,06:03:47,15.37,98.0,0.0,24.975,121.532
74DA38F7C5CE,2026-02-18,06:03:48,15.0,90.0,0.0,25.066,121.656
74DA38F20AE6,2026-02-18,06:03:56,25.37,100.0,11.0,22.63,120.348
74DA38F20D2A,2026-02-18,06:03:57,16.5,71.0,0.0,25.048,121.573
74DA38F7C3DC,2026-02-18,06:03:58,14.87,100.0,18.0,25.003,121.539
74DA38F20E9E,2026-02-18,06:04:01,15.0,100.0,10.0,24.648,121.151
74DA38F20D1E,2026-02-18,06:04:03,15.87,100.0,22.0,25.048,121.573
74DA38F7C610,2026-02-18,06:04:04,17.37,78.0,16.0,25.063,121.564
74DA38F21088,2026-02-18,06:04:06,15.37,100.0,0.0,25.068,121.588
74DA38F7C47E,2026-02-18,06:04:18,16.62,100.0,22.0,25.053963,121.427681
74DA38F7C260,2026-02-18,06:04:21,15.75,100.0,0.0,25.065,121.425
74DA38F20B26,2026-02-18,06:04:24,23.87,100.0,14.0,22.783,120.247
74DA38F20BCA,2026-02-18,06:04:26,15.12,99.0,0.0,25.079,121.58
74DA38F7C560,2026-02-18,06:04:52,14.25,100.0,0.0,25.079,121.671
74DA38F7C5BE,2026-02-18,06:04:54,16.12,80.0,21.0,25.092,121.523
74DA38F7C59C,2026-02-18,06:04:56,16.0,74.0,21.0,25.103,121.487
74DA38F2104E,2026-02-18,06:04:59,24.5,93.0,25.0,23.108,120.7
74DA38F7C616,2026-02-18,06:05:05,15.62,100.0,0.0,25.031,121.563
74DA38F7C29C,2026-02-18,06:05:08,16.0,100.0,14.0,25.02,121.416
74DA38F20B5C,2026-02-18,06:05:10,-4.0,0.0,20.0,22.798,120.293
74DA38F7C47C,2026-02-18,06:05:12,16.37,95.0,0.0,25.055,121.455
74DA38F7C566,2026-02-18,06:05:13,16.37,100.0,0.0,25.051,121.448
74DA38F7C514,2026-02-18,06:05:22,15.87,97.0,17.0,25.051,121.518
74DA38F209EE,2026-02-18,06:05:25,20.62,100.0,0.0,23.026,121.33
74DA38F20D1A,2026-02-18,06:05:38,16.25,84.0,0.0,25.078,121.541
74DA38F20D4C,2026-02-18,06:05:41,19.87,100.0,0.0,22.971,121.303
74DA38ED05EA,2026-02-18,06:05:43,17.75,100.0,8.0,23.394,121.357
74DA38ED06E0,2026-02-18,06:05:43,19.0,92.0,0.0,23.601,121.521
74DA38F210A2,2026-02-18,06:05:50,16.25,100.0,5.0,25.12,121.466
74DA38F21024,2026-02-18,06:05:51,16.25,100.0,0.0,24.93,121.036
74DA38F7C3B2,2026-02-18,06:05:54,19.37,67.0,7.0,24.929,121.378
74DA38F20C26,2026-02-18,06:05:56,24.0,69.0,18.0,22.676,120.342
74DA38F20E6E,2026-02-18,06:05:56,15.37,83.0,0.0,24.41,120.902
74DA38F7C39A,2026-02-18,06:06:17,15.62,100.0,0.0,25.002,121.414
74DA38F20A30,2026-02-18,06:06:20,15.25,87.0,0.0,24.948,121.372
74DA38F20AAA,2026-02-18,06:06:23,15.0,100.0,7.0,24.6,120.999
74DA38ED0640,2026-02-18,06:06:27,16.87,100.0,3.0,23.154,121.266
74DA38F20B88,2026-02-18,06:06:29,23.12,100.0,0.0,22.75,120.316
74DA38F7C40C,2026-02-18,06:06:31,15.0,100.0,0.0,24.995,121.52
74DA38F7C464,2026-02-18,06:06:43,14.5,43.0,0.0,25.006,121.413
74DA38F20EB2,2026-02-18,06:06:46,15.25,100.0,13.0,24.324,120.835
74DA38F7C3DE,2026-02-18,06:06:49,16.12,100.0,287.0,24.972,121.537
74DA38F208E2,2026-02-18,06:06:50,16.0,100.0,16.0,24.688,121.766
74DA38F7C4DE,2026-02-18,06:06:54,16.87,100.0,0.0,25.09,121.462
74DA38F20C22,2026-02-18,06:06:57,24.25,100.0,0.0,22.729,120.357
74DA38F7C30E,2026-02-18,06:06:59,15.5,100.0,13.0,24.949,121.382
74DA38F7C37C,2026-02-18,06:07:06,12.37,100.0,0.0,25.111,121.856
74DA38F207DE,2026-02-18,06:07:09,24.5,100.0,22.0,22.603,120.34
74DA38F20AA4,2026-02-18,06:07:09,26.87,84.0,30.0,22.685,120.492
74DA38F2113E,2026-02-18,06:07:11,-4.0,0.0,2.0,22.728,120.313
74DA38F20E34,2026-02-18,06:07:12,22.75,74.0,12.0,22.586,120.313
74DA38F210E4,2026-02-18,06:07:14,21.37,100.0,11.0,23.24,120.696
74DA38F7C338,2026-02-18,06:07:18,18.12,90.0,13.0,25.011,121.458
74DA38F21204,2026-02-18,06:07:23,21.5,100.0,1.0,25.062,121.451
74DA38F209B2,2026-02-18,06:07:24,22.5,100.0,0.0,22.363,120.599
74DA38F20DC0,2026-02-18,06:07:28,22.75,100.0,21.0,22.711,120.295
74DA38F7C4CC,2026-02-18,06:07:35,15.75,100.0,10.0,25.062,121.451
74DA38F209F8,2026-02-18,06:07:39,17.87,100.0,0.0,23.157,121.4
74DA38F7C570,2026-02-18,06:07:39,13.87,100.0,1.0,25.239,121.63
74DA38F7C562,2026-02-18,06:07:45,16.12,50.0,15.0,25.021,121.418
74DA38F7C63C,2026-02-18,06:07:45,85.25,100.0,10.0,24.998,121.425
74DA38F20B80,2026-02-18,06:07:48,23.5,100.0,34.0,22.599,120.35
74DA38F7C31C,2026-02-18,06:07:50,16.0,100.0,0.0,24.93,121.372
74DA38F7C3D6,2026-02-18,06:07:51,16.37,100.0,0.0,25.045,121.541
74DA38ED059C,2026-02-18,06:07:55,16.75,100.0,4.0,23.706,121.412
74DA38F20902,2026-02-18,06:07:56,24.62,91.0,1.0,22.204,120.7
74DA38ED05B6,2026-02-18,06:07:58,16.87,100.0,9.0,23.43,121.348
74DA38F20D16,2026-02-18,06:08:01,16.75,99.0,19.0,25.062,121.526
74DA38ED04F2,2026-02-18,06:08:16,18.5,100.0,3.0,23.468,121.496
74DA38F20D2E,2026-02-18,06:08:17,15.87,100.0,0.0,25.06,121.545
74DA38F20A78,2026-02-18,06:08:20,18.12,100.0,0.0,22.904,121.124
74DA38F21136,2026-02-18,06:08:20,15.12,100.0,12.0,25.119,121.505
74DA38F20DE0,2026-02-18,06:08:33,25.62,95.0,0.0,22.589,120.328
74DA38F7C5E6,2026-02-18,06:08:35,16.25,100.0,10.0,25.107,121.843
74DA38F7C41E,2026-02-18,06:08:38,16.62,74.0,14.0,25.054,121.517
74DA38F7C524,2026-02-18,06:08:45,13.62,100.0,46.0,25.002,121.552
74DA38F20976,2026-02-18,06:08:48,15.62,90.0,22.0,25.127,121.746
74DA38F21048,2026-02-18,06:08:58,22.75,100.0,18.0,22.595,120.341
74DA38F210F6,2026-02-18,06:09:00,21.87,100.0,2.0,22.757426,121.158891
74DA38F20BD0,2026-02-18,06:09:01,-4.0,0.0,18.0,22.688,120.408
74DA38F209A4,2026-02-18,06:09:09,25.25,100.0,0.0,22.702,120.572
74DA38F20D70,2026-02-18,06:09:10,18.0,100.0,0.0,23.05,121.164
74DA38F7C600,2026-02-18,06:09:12,21.37,57.0,7.0,25.07,121.586
74DA38F7C53C,2026-02-18,06:09:24,14.0,100.0,0.0,25.11,121.804
74DA38F20F0A,2026-02-18,06:09:34,25.12,100.0,15.0,22.995,120.635
74DA38F7C3BA,2026-02-18,06:09:38,118.87,46.0,123.0,25.174,121.441
74DA38F21054,2026-02-18,06:09:39,25.25,62.0,18.0,22.898,120.627
74DA38F7C366,2026-02-18,06:09:40,15.37,100.0,9.0,25.002,121.516
74DA38F20BE0,2026-02-18,06:09:41,25.5,100.0,0.0,22.73,120.346
74DA38F20BE4,2026-02-18,06:09:42,15.12,100.0,27.0,24.791,120.957
74DA38F20DD0,2026-02-18,06:09:42,23.75,100.0,5.0,22.6080258,120.3229833
74DA38F7C5A0,2026-02-18,06:09:44,16.0,89.0,0.0,25.107,121.518
74DA38ED0454,2026-02-18,06:09:48,18.87,100.0,7.0,24.053,121.599
74DA38F209DE,2026-02-18,06:09:48,16.12,100.0,1.0,24.861,120.964
74DA38F7C30C,2026-02-18,06:09:55,15.25,98.0,0.0,24.975,121.532
74DA38F20B82,2026-02-18,06:09:57,-4.0,0.0,0.0,22.847,120.465
74DA38F20AE6,2026-02-18,06:10:02,25.25,100.0,11.0,22.63,120.348
74DA38F20D6C,2026-02-18,06:10:02,22.25,77.0,0.0,22.661,120.301
74DA38ED0630,2026-02-18,06:10:03,18.5,99.0,0.0,23.994,121.594
74DA38F7C3DC,2026-02-18,06:10:05,14.87,100.0,19.0,25.003,121.539
74DA38F20E9E,2026-02-18,06:10:07,15.12,100.0,11.0,24.648,121.151
74DA38F2118E,2026-02-18,06:10:11,14.75,100.0,47.0,26.148,119.935
74DA38F7C610,2026-02-18,06:10:11,17.37,79.0,16.0,25.063,121.564
74DA38F7C5CE,2026-02-18,06:10:16,15.0,90.0,0.0,25.066,121.656
74DA38F7C47E,2026-02-18,06:10:26,16.62,100.0,23.0,25.053963,121.427681
74DA38F20D2A,2026-02-18,06:10:29,16.5,71.0,0.0,25.048,121.573
74DA38F20B26,2026-02-18,06:10:34,23.75,100.0,15.0,22.783,120.247
74DA38F21088,2026-02-18,06:10:35,15.5,100.0,0.0,25.068,121.588
74DA38F20BCA,2026-02-18,06:10:56,15.25,99.0,0.0,25.079,121.58
74DA38F7C260,2026-02-18,06:11:00,15.75,100.0,0.0,25.065,121.425
74DA38F7C5BE,2026-02-18,06:11:02,16.12,79.0,21.0,25.092,121.523
74DA38F7C59C,2026-02-18,06:11:03,15.62,75.0,22.0,25.103,121.487
74DA38F2104E,2026-02-18,06:11:10,24.25,94.0,25.0,23.108,120.7
74DA38F209A8,2026-02-18,06:11:16,-4.0,0.0,0.0,22.401,120.577
74DA38F7C29C,2026-02-18,06:11:16,16.12,100.0,14.0,25.02,121.416
74DA38F7C616,2026-02-18,06:11:20,15.87,100.0,0.0,25.031,121.563
74DA38F7C47C,2026-02-18,06:11:21,16.12,96.0,0.0,25.055,121.455
74DA38F7C560,2026-02-18,06:11:22,14.12,100.0,0.0,25.079,121.671
74DA38F209EE,2026-02-18,06:11:31,20.62,100.0,0.0,23.026,121.33
74DA38F7C514,2026-02-18,06:11:31,15.87,97.0,17.0,25.051,121.518
74DA38F7C566,2026-02-18,06:11:41,16.37,100.0,0.0,25.051,121.448
74DA38ED05EA,2026-02-18,06:11:48,17.75,100.0,7.0,23.394,121.357
74DA38ED06E0,2026-02-18,06:11:51,19.0,92.0,0.0,23.601,121.521
74DA38F210A2,2026-02-18,06:11:56,16.12,100.0,5.0,25.12,121.466
74DA38F20E6E,2026-02-18,06:11:58,15.5,83.0,0.0,24.41,120.902
74DA38F7C3B2,2026-02-18,06:12:01,19.37,67.0,7.0,24.929,121.378
74DA38F20C26,2026-02-18,06:12:05,24.12,69.0,14.0,22.676,120.342
74DA38F20D1A,2026-02-18,06:12:07,16.12,83.0,0.0,25.078,121.541
74DA38F20D4C,2026-02-18,06:12:09,19.75,100.0,0.0,22.971,121.303
74DA38F21024,2026-02-18,06:12:20,16.25,100.0,0.0,24.93,121.036
74DA38F20AAA,2026-02-18,06:12:29,15.12,100.0,7.0,24.6,120.999
74DA38ED0640,2026-02-18,06:12:34,16.75,100.0,3.0,23.154,121.266
74DA38F7C40C,2026-02-18,06:12:38,15.0,100.0,0.0,24.995,121.52
74DA38F7C3DE,2026-02-18,06:12:45,16.12,100.0,288.0,24.972,121.537
74DA38F7C39A,2026-02-18,06:12:47,15.5,100.0,0.0,25.002,121.414
74DA38F20A30,2026-02-18,06:12:50,15.37,87.0,0.0,24.948,121.372
74DA38F20EB2,2026-02-18,06:12:55,15.25,100.0,13.0,24.324,120.835
74DA38F208E2,2026-02-18,06:12:56,15.87,100.0,17.0,24.688,121.766
74DA38F20B88,2026-02-18,06:12:58,23.12,100.0,0.0,22.75,120.316
74DA38F7C30E,2026-02-18,06:13:05,15.5,100.0,13.0,24.949,121.382
74DA38F7C4DE,2026-02-18,06:13:11,16.87,100.0,0.0,25.09,121.462
74DA38F7C464,2026-02-18,06:13:13,14.62,37.0,0.0,25.006,121.413
74DA38F207DE,2026-02-18,06:13:16,24.5,100.0,20.0,22.603,120.34
74DA38F20AA4,2026-02-18,06:13:18,26.87,84.0,32.0,22.685,120.492
74DA38F20E34,2026-02-18,06:13:21,22.75,74.0,12.0,22.586,120.313
74DA38F210E4,2026-02-18,06:13:22,21.37,100.0,11.0,23.24,120.696
74DA38F20C22,2026-02-18,06:13:26,24.37,100.0,0.0,22.729,120.357
74DA38F21204,2026-02-18,06:13:29,21.5,100.0,1.0,25.062,121.451
74DA38F7C37C,2026-02-18,06:13:36,12.37,100.0,0.0,25.111,121.856
74DA38F7C4CC,2026-02-18,06:13:44,15.87,100.0,12.0,25.062,121.451
74DA38F7C63C,2026-02-18,06:13:51,85.25,100.0,10.0,24.998,121.425
74DA38F209B2,2026-02-18,06:13:52,22.37,100.0,0.0,22.363,120.599
74DA38F20DC0,2026-02-18,06:13:57,23.12,100.0,4.0,22.711,120.295
74DA38ED059C,2026-02-18,06:14:02,16.87,100.0,5.0,23.706,121.412
74DA38F20902,2026-02-18,06:14:02,24.37,91.0,2.0,22.204,120.7
74DA38F7C562,2026-02-18,06:14:03,16.37,60.0,17.0,25.021,121.418
74DA38ED05B6,2026-02-18,06:14:04,16.75,100.0,9.0,23.43,121.348
74DA38F209F8,2026-02-18,06:14:07,17.87,100.0,0.0,23.157,121.4
74DA38F20D16,2026-02-18,06:14:10,16.75,100.0,19.0,25.062,121.526
74DA38F7C570,2026-02-18,06:14:10,13.87,100.0,0.0,25.239,121.63
74DA38F20B80,2026-02-18,06:14:19,23.62,100.0,36.0,22.599,120.35
74DA38F7C3D6,2026-02-18,06:14:20,16.5,100.0,0.0,25.045,121.541
74DA38F7C31C,2026-02-18,06:14:22,15.75,100.0,0.0,24.93,121.372
74DA38F20A78,2026-02-18,06:14:26,17.87,100.0,0.0,22.904,121.124
74DA38F21136,2026-02-18,06:14:27,15.0,100.0,12.0,25.119,121.505
74DA38F2113E,2026-02-18,06:14:27,-4.0,0.0,4.0,22.728,120.313
74DA38ED04F2,2026-02-18,06:14:29,18.5,100.0,3.0,23.468,121.496
74DA38F20B5C,2026-02-18,06:14:42,-4.0,0.0,19.0,22.798,120.293
74DA38F7C5E6,2026-02-18,06:14:42,16.25,100.0,10.0,25.107,121.843
74DA38F7C41E,2026-02-18,06:14:44,16.62,74.0,15.0,25.054,121.517
74DA38F20D2E,2026-02-18,06:14:46,15.87,100.0,0.0,25.06,121.545
74DA38F20976,2026-02-18,06:14:58,15.5,90.0,23.0,25.127,121.746
74DA38F20DE0,2026-02-18,06:15:02,25.87,95.0,0.0,22.589,120.328
74DA38F210F6,2026-02-18,06:15:05,21.87,100.0,2.0,22.757426,121.158891
74DA38F20D70,2026-02-18,06:15:15,18.12,100.0,0.0,23.05,121.164
74DA38F7C524,2026-02-18,06:15:17,13.75,100.0,47.0,25.002,121.552
74DA38F7C600,2026-02-18,06:15:18,21.5,54.0,7.0,25.07,121.586
74DA38F21048,2026-02-18,06:15:30,22.87,100.0,18.0,22.595,120.341
74DA38F209A4,2026-02-18,06:15:37,25.37,100.0,0.0,22.702,120.572
74DA38F7C3BA,2026-02-18,06:15:39,118.87,46.0,125.0,25.174,121.441
74DA38F20F0A,2026-02-18,06:15:41,25.0,100.0,15.0,22.995,120.635
74DA38F21054,2026-02-18,06:15:46,25.12,62.0,17.0,22.898,120.627
74DA38F7C366,2026-02-18,06:15:48,15.62,100.0,8.0,25.002,121.516
74DA38F20BE4,2026-02-18,06:15:50,15.12,100.0,29.0,24.791,120.957
74DA38F7C53C,2026-02-18,06:15:52,14.12,100.0,0.0,25.11,121.804
74DA38ED0454,2026-02-18,06:15:55,18.75,100.0,7.0,24.053,121.599
74DA38F20AE6,2026-02-18,06:16:08,25.25,100.0,11.0,22.63,120.348
74DA38F20BE0,2026-02-18,06:16:08,25.87,100.0,0.0,22.73,120.346
74DA38F20DD0,2026-02-18,06:16:11,23.5,100.0,3.0,22.6080258,120.3229833
74DA38F7C30C,2026-02-18,06:16:11,15.37,98.0,0.0,24.975,121.532
74DA38F7C5A0,2026-02-18,06:16:12,15.87,89.0,0.0,25.107,121.518
74DA38F20E9E,2026-02-18,06:16:13,15.12,100.0,10.0,24.648,121.151
74DA38F7C3DC,2026-02-18,06:16:14,14.87,100.0,19.0,25.003,121.539
74DA38F209DE,2026-02-18,06:16:16,15.87,100.0,3.0,24.861,120.964
74DA38F7C610,2026-02-18,06:16:20,17.5,79.0,16.0,25.063,121.564
74DA38ED0630,2026-02-18,06:16:31,18.5,99.0,0.0,23.994,121.594
74DA38F20D1E,2026-02-18,06:16:33,15.87,100.0,24.0,25.048,121.573
74DA38F7C47E,2026-02-18,06:16:37,16.5,100.0,24.0,25.053963,121.427681
74DA38F20D6C,2026-02-18,06:16:40,22.37,77.0,0.0,22.661,120.301
74DA38F20B26,2026-02-18,06:16:43,23.5,100.0,14.0,22.783,120.247
74DA38F7C5CE,2026-02-18,06:16:45,14.87,89.0,2.0,25.066,121.656
74DA38F2118E,2026-02-18,06:16:47,14.75,100.0,48.0,26.148,119.935
74DA38F20D2A,2026-02-18,06:16:57,16.37,71.0,0.0,25.048,121.573
74DA38F21088,2026-02-18,06:17:03,15.5,100.0,0.0,25.068,121.588
74DA38F7C59C,2026-02-18,06:17:10,15.62,75.0,23.0,25.103,121.487
74DA38F7C5BE,2026-02-18,06:17:12,16.12,79.0,22.0,25.092,121.523
74DA38F2104E,2026-02-18,06:17:18,23.87,95.0,25.0,23.108,120.7
74DA38F7C29C,2026-02-18,06:17:22,16.12,100.0,15.0,25.02,121.416
74DA38F20BCA,2026-02-18,06:17:26,15.37,100.0,0.0,25.079,121.58
74DA38F7C260,2026-02-18,06:17:29,15.75,100.0,0.0,25.065,121.425
74DA38F7C47C,2026-02-18,06:17:29,16.0,97.0,0.0,25.055,121.455
74DA38F7C616,2026-02-18,06:17:30,15.87,100.0,0.0,25.031,121.563
74DA38F209EE,2026-02-18,06:17:36,20.75,100.0,0.0,23.026,121.33
74DA38F7C514,2026-02-18,06:17:41,16.0,97.0,16.0,25.051,121.518
74DA38F7C560,2026-02-18,06:17:51,14.25,100.0,0.0,25.079,121.671
74DA38ED05EA,2026-02-18,06:17:54,17.62,100.0,7.0,23.394,121.357
74DA38F20E6E,2026-02-18,06:17:58,15.5,83.0,0.0,24.41,120.902
74DA38ED06E0,2026-02-18,06:17:59,19.12,93.0,0.0,23.601,121.521
74DA38F210A2,2026-02-18,06:18:03,16.0,100.0,5.0,25.12,121.466
74DA38F7C3B2,2026-02-18,06:18:09,19.37,67.0,7.0,24.929,121.378
74DA38F7C566,2026-02-18,06:18:10,16.12,100.0,0.0,25.051,121.448
74DA38F20C26,2026-02-18,06:18:13,24.5,68.0,13.0,22.676,120.342
74DA38F20D1A,2026-02-18,06:18:36,16.0,84.0,0.0,25.078,121.541
74DA38F20D4C,2026-02-18,06:18:36,19.87,100.0,0.0,22.971,121.303
74DA38F20AAA,2026-02-18,06:18:38,15.12,100.0,6.0,24.6,120.999
74DA38F7C3DE,2026-02-18,06:18:39,16.0,100.0,290.0,24.972,121.537
74DA38ED0640,2026-02-18,06:18:42,16.75,100.0,3.0,23.154,121.266
74DA38F7C40C,2026-02-18,06:18:46,15.0,100.0,0.0,24.995,121.52
74DA38F21024,2026-02-18,06:18:49,16.25,100.0,0.0,24.93,121.036
74DA38F20EB2,2026-02-18,06:19:01,15.25,100.0,12.0,24.324,120.835
74DA38F208E2,2026-02-18,06:19:03,16.0,100.0,17.0,24.688,121.766
74DA38F7C30E,2026-02-18,06:19:12,15.5,100.0,13.0,24.949,121.382
74DA38F7C39A,2026-02-18,06:19:14,15.37,100.0,0.0,25.002,121.414
74DA38F20A30,2026-02-18,06:19:21,15.37,87.0,0.0,24.948,121.372
74DA38F207DE,2026-02-18,06:19:23,24.5,100.0,20.0,22.603,120.34
74DA38F20AA4,2026-02-18,06:19:27,26.87,84.0,34.0,22.685,120.492
74DA38F7C4DE,2026-02-18,06:19:27,16.87,100.0,0.0,25.09,121.462
74DA38F20B88,2026-02-18,06:19:28,23.12,100.0,0.0,22.75,120.316
74DA38F20E34,2026-02-18,06:19:28,22.75,74.0,11.0,22.586,120.313
74DA38F210E4,2026-02-18,06:19:28,21.37,100.0,10.0,23.24,120.696
74DA38F20BD0,2026-02-18,06:19:29,-4.0,0.0,19.0,22.688,120.408
74DA38F20B82,2026-02-18,06:19:30,-4.0,0.0,0.0,22.847,120.465
74DA38F21204,2026-02-18,06:19:44,21.62,100.0,0.0,25.062,121.451
74DA38F7C464,2026-02-18,06:19:44,14.62,37.0,0.0,25.006,121.413
74DA38F7C4CC,2026-02-18,06:19:50,15.5,100.0,10.0,25.062,121.451
74DA38F20C22,2026-02-18,06:19:55,24.37,100.0,0.0,22.729,120.357
74DA38F7C63C,2026-02-18,06:19:58,85.25,100.0,9.0,24.998,121.425
74DA38F7C37C,2026-02-18,06:20:06,12.25,100.0,0.0,25.111,121.856
74DA38F20902,2026-02-18,06:20:07,24.37,92.0,1.0,22.204,120.7
74DA38ED059C,2026-02-18,06:20:08,16.87,100.0,5.0,23.706,121.412
74DA38ED05B6,2026-02-18,06:20:10,17.0,100.0,12.0,23.43,121.348
74DA38F20D16,2026-02-18,06:20:19,16.62,99.0,20.0,25.062,121.526
74DA38F209B2,2026-02-18,06:20:20,22.37,100.0,0.0,22.363,120.599
74DA38F20DC0,2026-02-18,06:20:23,23.0,100.0,0.0,22.711,120.295
74DA38F20A78,2026-02-18,06:20:33,17.87,100.0,0.0,22.904,121.124
74DA38F209F8,2026-02-18,06:20:35,17.75,100.0,0.0,23.157,121.4
74DA38ED04F2,2026-02-18,06:20:39,18.5,100.0,4.0,23.468,121.496
74DA38F7C570,2026-02-18,06:20:43,13.87,100.0,1.0,25.239,121.63
74DA38F7C3D6,2026-02-18,06:20:46,16.5,100.0,0.0,25.045,121.541
74DA38F20B80,2026-02-18,06:20:48,23.62,100.0,37.0,22.599,120.35
74DA38F7C5E6,2026-02-18,06:20:49,16.25,100.0,11.0,25.107,121.843
74DA38F7C41E,2026-02-18,06:20:52,16.62,74.0,16.0,25.054,121.517
74DA38F7C31C,2026-02-18,06:20:55,15.62,100.0,0.0,24.93,121.372
74DA38F209A8,2026-02-18,06:20:57,-4.0,0.0,0.0,22.401,120.577
74DA38F20976,2026-02-18,06:21:07,15.5,89.0,23.0,25.127,121.746
74DA38F210F6,2026-02-18,06:21:10,21.87,100.0,1.0,22.757426,121.158891
74DA38F20D2E,2026-02-18,06:21:15,16.0,100.0,0.0,25.06,121.545
74DA38F20D70,2026-02-18,06:21:21,18.12,100.0,0.0,23.05,121.164
74DA38F7C600,2026-02-18,06:21:23,21.5,52.0,7.0,25.07,121.586
74DA38F20DE0,2026-02-18,06:21:31,26.25,94.0,0.0,22.589,120.328
74DA38F7C3BA,2026-02-18,06:21:40,118.87,46.0,126.0,25.174,121.441
74DA38F2113E,2026-02-18,06:21:44,-4.0,0.0,4.0,22.728,120.313
74DA38F20F0A,2026-02-18,06:21:46,24.87,100.0,14.0,22.995,120.635
74DA38F7C524,2026-02-18,06:21:50,13.62,100.0,48.0,25.002,121.552
74DA38F21054,2026-02-18,06:21:54,25.25,62.0,18.0,22.898,120.627
74DA38F7C366,2026-02-18,06:21:56,15.62,100.0,9.0,25.002,121.516
74DA38F20BE4,2026-02-18,06:21:57,15.12,100.0,31.0,24.791,120.957
74DA38F21048,2026-02-18,06:21:59,23.0,100.0,17.0,22.595,120.341
74DA38ED0454,2026-02-18,06:22:03,18.87,100.0,7.0,24.053,121.599
74DA38F209A4,2026-02-18,06:22:05,25.37,100.0,0.0,22.702,120.572
74DA38F20AE6,2026-02-18,06:22:14,25.37,100.0,11.0,22.63,120.348
74DA38F20E9E,2026-02-18,06:22:19,15.12,100.0,10.0,24.648,121.151
74DA38F7C30C,2026-02-18,06:22:19,15.25,98.0,0.0,24.975,121.532
74DA38F7C3DC,2026-02-18,06:22:21,14.87,100.0,19.0,25.003,121.539
74DA38F7C53C,2026-02-18,06:22:21,14.12,100.0,2.0,25.11,121.804
74DA38F7C610,2026-02-18,06:22:28,17.37,79.0,16.0,25.063,121.564
74DA38F20BE0,2026-02-18,06:22:37,25.75,100.0,0.0,22.73,120.346
74DA38F7C5A0,2026-02-18,06:22:40,15.75,89.0,0.0,25.107,121.518
74DA38F20DD0,2026-02-18,06:22:41,23.62,100.0,3.0,22.6080258,120.3229833
74DA38F20D1E,2026-02-18,06:22:42,15.87,100.0,24.0,25.048,121.573
74DA38F209DE,2026-02-18,06:22:45,15.5,100.0,2.0,24.861,120.964
74DA38F7C47E,2026-02-18,06:22:47,16.5,100.0,25.0,25.053963,121.427681
74DA38ED0630,2026-02-18,06:22:59,18.5,98.0,0.0,23.994,121.594
74DA38F20D6C,2026-02-18,06:23:08,22.25,77.0,0.0,22.661,120.301
74DA38F20B26,2026-02-18,06:23:12,23.37,100.0,14.0,22.783,120.247
74DA38F7C5CE,2026-02-18,06:23:14,15.0,90.0,2.0,25.066,121.656
74DA38F7C59C,2026-02-18,06:23:19,15.87,75.0,22.0,25.103,121.487
74DA38F7C5BE,2026-02-18,06:23:22,16.12,80.0,21.0,25.092,121.523
74DA38F2118E,2026-02-18,06:23:23,14.87,100.0,50.0,26.148,119.935
74DA38F20D2A,2026-02-18,06:23:26,16.25,71.0,0.0,25.048,121.573
74DA38F2104E,2026-02-18,06:23:26,23.75,96.0,25.0,23.108,120.7
74DA38F7C29C,2026-02-18,06:23:29,16.12,100.0,15.0,25.02,121.416
74DA38F21088,2026-02-18,06:23:31,15.37,100.0,0.0,25.068,121.588
74DA38F7C47C,2026-02-18,06:23:38,16.12,97.0,0.0,25.055,121.455
74DA38F7C616,2026-02-18,06:23:38,16.0,100.0,0.0,25.031,121.563
74DA38F209EE,2026-02-18,06:23:41,20.75,100.0,0.0,23.026,121.33
74DA38F7C514,2026-02-18,06:23:48,16.0,97.0,17.0,25.051,121.518
74DA38ED05EA,2026-02-18,06:23:59,17.62,100.0,7.0,23.394,121.357
74DA38F20E6E,2026-02-18,06:23:59,15.5,83.0,0.0,24.41,120.902
74DA38F7C260,2026-02-18,06:24:00,15.75,100.0,0.0,25.065,121.425
74DA38ED06E0,2026-02-18,06:24:07,19.12,93.0,0.0,23.601,121.521
74DA38F210A2,2026-02-18,06:24:08,16.0,100.0,6.0,25.12,121.466
74DA38F20BCA,2026-02-18,06:24:09,15.25,99.0,0.0,25.079,121.58
74DA38F20B5C,2026-02-18,06:24:14,-4.0,0.0,21.0,22.798,120.293
74DA38F7C3B2,2026-02-18,06:24:16,19.37,67.0,7.0,24.929,121.378
74DA38F7C560,2026-02-18,06:24:19,14.25,100.0,0.0,25.079,121.671
74DA38F20C26,2026-02-18,06:24:20,24.62,68.0,12.0,22.676,120.342
74DA38F7C3DE,2026-02-18,06:24:35,16.12,100.0,291.0,24.972,121.537
74DA38F7C566,2026-02-18,06:24:37,16.25,100.0,0.0,25.051,121.448
74DA38F20AAA,2026-02-18,06:24:45,15.12,100.0,7.0,24.6,120.999
74DA38ED0640,2026-02-18,06:24:52,16.87,100.0,3.0,23.154,121.266
74DA38F7C40C,2026-02-18,06:24:54,15.0,100.0,0.0,24.995,121.52
74DA38F20D4C,2026-02-18,06:25:03,20.0,100.0,0.0,22.971,121.303
74DA38F20D1A,2026-02-18,06:25:06,15.87,84.0,0.0,25.078,121.541
74DA38F20EB2,2026-02-18,06:25:09,15.37,100.0,13.0,24.324,120.835
74DA38F208E2,2026-02-18,06:25:10,15.75,100.0,17.0,24.688,121.766
74DA38F21024,2026-02-18,06:25:16,16.25,100.0,0.0,24.93,121.036
74DA38F7C30E,2026-02-18,06:25:20,15.5,100.0,14.0,24.949,121.382
74DA38F207DE,2026-02-18,06:25:30,24.37,100.0,20.0,22.603,120.34
74DA38F20AA4,2026-02-18,06:25:36,26.87,83.0,32.0,22.685,120.492
74DA38F20E34,2026-02-18,06:25:38,22.62,74.0,11.0,22.586,120.313
74DA38F7C4DE,2026-02-18,06:25:38,16.75,100.0,0.0,25.09,121.462
74DA38F210E4,2026-02-18,06:25:39,21.37,100.0,11.0,23.24,120.696
74DA38F7C39A,2026-02-18,06:25:43,15.5,100.0,0.0,25.002,121.414
74DA38F20A30,2026-02-18,06:25:50,15.25,86.0,0.0,24.948,121.372
74DA38F20B88,2026-02-18,06:25:54,23.12,100.0,0.0,22.75,120.316
74DA38F21204,2026-02-18,06:25:54,21.62,100.0,0.0,25.062,121.451
74DA38F7C4CC,2026-02-18,06:25:56,15.75,100.0,10.0,25.062,121.451
74DA38F7C63C,2026-02-18,06:26:06,85.25,100.0,11.0,24.998,121.425
74DA38F20902,2026-02-18,06:26:13,24.37,92.0,2.0,22.204,120.7
74DA38F7C464,2026-02-18,06:26:14,14.62,36.0,0.0,25.006,121.413
74DA38ED059C,2026-02-18,06:26:16,16.87,100.0,5.0,23.706,121.412
74DA38ED05B6,2026-02-18,06:26:17,17.0,100.0,17.0,23.43,121.348
74DA38F20C22,2026-02-18,06:26:23,24.25,100.0,0.0,22.729,120.357
74DA38F20D16,2026-02-18,06:26:26,16.62,100.0,20.0,25.062,121.526
74DA38F7C37C,2026-02-18,06:26:37,12.12,100.0,1.0,25.111,121.856
74DA38F20A78,2026-02-18,06:26:42,17.75,100.0,1.0,22.904,121.124
74DA38F209B2,2026-02-18,06:26:47,22.62,100.0,0.0,22.363,120.599
74DA38F7C338,2026-02-18,06:26:50,18.25,90.0,14.0,25.011,121.458
74DA38F20DC0,2026-02-18,06:26:51,22.87,100.0,0.0,22.711,120.295
74DA38ED04F2,2026-02-18,06:26:53,18.37,100.0,4.0,23.468,121.496
74DA38F7C5E6,2026-02-18,06:26:56,16.25,100.0,11.0,25.107,121.843
74DA38F7C41E,2026-02-18,06:27:01,16.87,74.0,15.0,25.054,121.517
74DA38F209F8,2026-02-18,06:27:02,17.75,100.0,0.0,23.157,121.4
74DA38F7C562,2026-02-18,06:27:07,16.25,70.0,18.0,25.021,121.418
74DA38F7C570,2026-02-18,06:27:12,14.0,100.0,0.0,25.239,121.63
74DA38F20976,2026-02-18,06:27:14,15.62,90.0,23.0,25.127,121.746
74DA38F7C3D6,2026-02-18,06:27:14,16.25,100.0,0.0,25.045,121.541
74DA38F210F6,2026-02-18,06:27:15,21.87,100.0,0.0,22.757426,121.158891
74DA38F20B80,2026-02-18,06:27:18,23.62,100.0,30.0,22.599,120.35
74DA38F7C31C,2026-02-18,06:27:24,15.62,100.0,0.0,24.93,121.372
74DA38F20D70,2026-02-18,06:27:26,18.0,100.0,0.0,23.05,121.164
74DA38F7C600,2026-02-18,06:27:29,21.37,51.0,7.0,25.07,121.586
74DA38F7C3BA,2026-02-18,06:27:43,118.87,46.0,120.0,25.174,121.441
74DA38F20D2E,2026-02-18,06:27:44,16.0,100.0,0.0,25.06,121.545
74DA38F20F0A,2026-02-18,06:27:52,24.75,100.0,14.0,22.995,120.635
74DA38F20DE0,2026-02-18,06:28:00,26.37,93.0,0.0,22.589,120.328
74DA38F21054,2026-02-18,06:28:00,25.25,62.0,18.0,22.898,120.627
74DA38F7C366,2026-02-18,06:28:03,15.87,100.0,9.0,25.002,121.516
74DA38F20BE4,2026-02-18,06:28:08,15.0,100.0,32.0,24.791,120.957
74DA38ED0454,2026-02-18,06:28:13,18.87,100.0,7.0,24.053,121.599
74DA38F20AE6,2026-02-18,06:28:19,25.25,100.0,11.0,22.63,120.348
74DA38F7C524,2026-02-18,06:28:24,13.62,100.0,49.0,25.002,121.552
74DA38F20E9E,2026-02-18,06:28:25,15.0,100.0,9.0,24.648,121.151
74DA38F7C3DC,2026-02-18,06:28:27,15.0,100.0,20.0,25.003,121.539
74DA38F21048,2026-02-18,06:28:29,23.0,100.0,17.0,22.595,120.341
74DA38F209A4,2026-02-18,06:28:33,25.37,100.0,0.0,22.702,120.572
74DA38F7C610,2026-02-18,06:28:34,17.37,79.0,16.0,25.063,121.564
74DA38F7C30C,2026-02-18,06:28:45,15.37,98.0,0.0,24.975,121.532
74DA38F7C53C,2026-02-18,06:28:50,14.12,100.0,2.0,25.11,121.804
74DA38F7C47E,2026-02-18,06:28:56,16.5,100.0,26.0,25.053963,121.427681
74DA38F20D1E,2026-02-18,06:28:59,15.87,100.0,26.0,25.048,121.573
74DA38F2113E,2026-02-18,06:29:00,-4.0,0.0,4.0,22.728,120.313
74DA38F20B82,2026-02-18,06:29:02,-4.0,0.0,1.0,22.847,120.465
74DA38F20BE0,2026-02-18,06:29:06,26.0,100.0,0.0,22.73,120.346
74DA38F7C5A0,2026-02-18,06:29:09,15.75,89.0,0.0,25.107,121.518
74DA38F20DD0,2026-02-18,06:29:10,23.87,100.0,1.0,22.6080258,120.3229833
74DA38F209DE,2026-02-18,06:29:14,15.75,100.0,2.0,24.861,120.964
74DA38F7C59C,2026-02-18,06:29:25,15.75,75.0,23.0,25.103,121.487
74DA38F20B26,2026-02-18,06:29:29,23.25,100.0,14.0,22.783,120.247
74DA38ED0630,2026-02-18,06:29:30,18.62,99.0,0.0,23.994,121.594
74DA38F7C5BE,2026-02-18,06:29:32,16.12,79.0,23.0,25.092,121.523
74DA38F2104E,2026-02-18,06:29:35,23.62,96.0,26.0,23.108,120.7
74DA38F7C29C,2026-02-18,06:29:35,15.87,100.0,17.0,25.02,121.416
74DA38F20D6C,2026-02-18,06:29:36,22.12,78.0,0.0,22.661,120.301
74DA38F7C5CE,2026-02-18,06:29:42,15.12,89.0,0.0,25.066,121.656
74DA38F209EE,2026-02-18,06:29:46,20.62,100.0,0.0,23.026,121.33
74DA38F7C47C,2026-02-18,06:29:46,16.25,96.0,0.0,25.055,121.455
74DA38F20BD0,2026-02-18,06:29:56,-4.0,0.0,20.0,22.688,120.408
74DA38F7C514,2026-02-18,06:29:57,16.0,97.0,17.0,25.051,121.518
74DA38F2118E,2026-02-18,06:29:58,14.87,100.0,50.0,26.148,119.935
74DA38F21088,2026-02-18,06:30:00,15.37,100.0,0.0,25.068,121.588
74DA38F20E6E,2026-02-18,06:30:01,15.37,83.0,0.0,24.41,120.902
74DA38ED05EA,2026-02-18,06:30:05,17.62,100.0,6.0,23.394,121.357
74DA38F20D2A,2026-02-18,06:30:06,16.37,71.0,0.0,25.048,121.573
74DA38ED06E0,2026-02-18,06:30:13,19.12,92.0,0.0,23.601,121.521
74DA38F210A2,2026-02-18,06:30:14,15.87,100.0,5.0,25.12,121.466
74DA38F7C3B2,2026-02-18,06:30:23,19.37,67.0,7.0,24.929,121.378
74DA38F7C3DE,2026-02-18,06:30:31,16.12,100.0,296.0,24.972,121.537
74DA38F209A8,2026-02-18,06:30:36,-4.0,0.0,0.0,22.401,120.577
74DA38F7C260,2026-02-18,06:30:37,15.62,100.0,0.0,25.065,121.425
74DA38F20BCA,2026-02-18,06:30:38,15.12,99.0,0.0,25.079,121.58
74DA38F20C26,2026-02-18,06:30:43,24.87,67.0,12.0,22.676,120.342
74DA38F7C560,2026-02-18,06:30:49,14.25,100.0,0.0,25.079,121.671
74DA38F20AAA,2026-02-18,06:30:51,15.0,100.0,8.0,24.6,120.999
74DA38F7C40C,2026-02-18,06:31:00,15.0,100.0,0.0,24.995,121.52
74DA38ED0640,2026-02-18,06:31:02,16.87,100.0,3.0,23.154,121.266
74DA38F7C566,2026-02-18,06:31:06,16.25,100.0,0.0,25.051,121.448
74DA38F208E2,2026-02-18,06:31:17,15.87,100.0,25.0,24.688,121.766
74DA38F20EB2,2026-02-18,06:31:17,15.0,100.0,13.0,24.324,120.835
74DA38F20D4C,2026-02-18,06:31:31,20.0,100.0,0.0,22.971,121.303
74DA38F20D1A,2026-02-18,06:31:33,16.0,84.0,0.0,25.078,121.541
74DA38F7C30E,2026-02-18,06:31:35,15.5,100.0,14.0,24.949,121.382
74DA38F207DE,2026-02-18,06:31:37,24.37,100.0,19.0,22.603,120.34
74DA38F20AA4,2026-02-18,06:31:42,26.87,83.0,27.0,22.685,120.492
74DA38F20E34,2026-02-18,06:31:44,22.75,74.0,10.0,22.586,120.313
74DA38F21024,2026-02-18,06:31:45,16.12,100.0,0.0,24.93,121.036
74DA38F210E4,2026-02-18,06:31:45,21.62,100.0,10.0,23.24,120.696
74DA38F7C4DE,2026-02-18,06:31:48,16.75,100.0,0.0,25.09,121.462
74DA38F21204,2026-02-18,06:32:01,21.75,100.0,0.0,25.062,121.451
74DA38F7C4CC,2026-02-18,06:32:03,15.75,100.0,10.0,25.062,121.451
74DA38F7C39A,2026-02-18,06:32:13,15.37,100.0,0.0,25.002,121.414
74DA38F7C63C,2026-02-18,06:32:14,85.25,100.0,12.0,24.998,121.425
74DA38F20A30,2026-02-18,06:32:18,15.25,87.0,0.0,24.948,121.372
74DA38F20902,2026-02-18,06:32:19,24.25,92.0,1.0,22.204,120.7
74DA38F20B88,2026-02-18,06:32:22,23.25,100.0,0.0,22.75,120.316
74DA38ED059C,2026-02-18,06:32:23,16.87,100.0,5.0,23.706,121.412
74DA38ED05B6,2026-02-18,06:32:24,17.0,100.0,18.0,23.43,121.348
74DA38F20D16,2026-02-18,06:32:35,16.62,100.0,21.0,25.062,121.526
74DA38F21136,2026-02-18,06:32:42,14.75,100.0,13.0,25.119,121.505
74DA38F7C464,2026-02-18,06:32:43,14.5,34.0,0.0,25.006,121.413
74DA38F20A78,2026-02-18,06:32:50,17.87,100.0,0.0,22.904,121.124
74DA38F20C22,2026-02-18,06:32:50,24.25,100.0,0.0,22.729,120.357
74DA38ED04F2,2026-02-18,06:33:00,18.5,100.0,3.0,23.468,121.496
74DA38F7C5E6,2026-02-18,06:33:05,16.25,100.0,11.0,25.107,121.843
74DA38F7C37C,2026-02-18,06:33:06,12.37,100.0,1.0,25.111,121.856
74DA38F7C41E,2026-02-18,06:33:09,16.87,74.0,16.0,25.054,121.517
74DA38F209B2,2026-02-18,06:33:14,22.5,100.0,0.0,22.363,120.599
74DA38F20DC0,2026-02-18,06:33:19,22.62,100.0,2.0,22.711,120.295
74DA38F210F6,2026-02-18,06:33:20,21.62,100.0,1.0,22.757426,121.158891
74DA38F7C562,2026-02-18,06:33:20,16.25,66.0,19.0,25.021,121.418
74DA38F20976,2026-02-18,06:33:24,15.62,90.0,24.0,25.127,121.746
74DA38F209F8,2026-02-18,06:33:31,17.75,100.0,0.0,23.157,121.4
74DA38F20D70,2026-02-18,06:33:32,18.0,100.0,0.0,23.05,121.164
74DA38F7C600,2026-02-18,06:33:34,21.37,50.0,7.0,25.07,121.586
74DA38F7C570,2026-02-18,06:33:40,14.0,100.0,0.0,25.239,121.63
74DA38F7C3BA,2026-02-18,06:33:43,118.87,46.0,123.0,25.174,121.441
74DA38F7C3D6,2026-02-18,06:33:44,16.12,100.0,0.0,25.045,121.541
74DA38F20B5C,2026-02-18,06:33:46,-4.0,0.0,20.0,22.798,120.293
74DA38F20B80,2026-02-18,06:33:50,23.5,100.0,34.0,22.599,120.35
74DA38F7C31C,2026-02-18,06:33:56,15.5,100.0,0.0,24.93,121.372
74DA38F20F0A,2026-02-18,06:33:57,24.62,100.0,14.0,22.995,120.635
74DA38F21054,2026-02-18,06:34:08,25.25,62.0,18.0,22.898,120.627
74DA38F7C366,2026-02-18,06:34:10,15.75,100.0,10.0,25.002,121.516
74DA38F20D2E,2026-02-18,06:34:14,16.0,100.0,2.0,25.06,121.545
74DA38F20BE4,2026-02-18,06:34:17,15.0,100.0,32.0,24.791,120.957
74DA38ED0454,2026-02-18,06:34:22,18.87,100.0,7.0,24.053,121.599
74DA38F20AE6,2026-02-18,06:34:25,25.25,100.0,12.0,22.63,120.348
74DA38F20DE0,2026-02-18,06:34:27,26.5,92.0,0.0,22.589,120.328
74DA38F20E9E,2026-02-18,06:34:31,15.12,100.0,10.0,24.648,121.151
74DA38F7C3DC,2026-02-18,06:34:36,15.0,100.0,21.0,25.003,121.539
74DA38F7C610,2026-02-18,06:34:42,17.37,79.0,17.0,25.063,121.564
74DA38F21048,2026-02-18,06:34:58,23.0,100.0,16.0,22.595,120.341
74DA38F7C30C,2026-02-18,06:34:58,15.37,98.0,0.0,24.975,121.532
74DA38F209A4,2026-02-18,06:35:01,25.37,100.0,0.0,22.702,120.572
74DA38F7C524,2026-02-18,06:35:03,13.62,100.0,49.0,25.002,121.552
74DA38F7C47E,2026-02-18,06:35:05,16.5,100.0,26.0,25.053963,121.427681
74DA38F20D1E,2026-02-18,06:35:11,15.75,100.0,25.0,25.048,121.573
74DA38F7C53C,2026-02-18,06:35:19,14.37,100.0,2.0,25.11,121.804
74DA38F7C59C,2026-02-18,06:35:32,15.62,75.0,23.0,25.103,121.487
74DA38F20BE0,2026-02-18,06:35:34,26.0,100.0,0.0,22.73,120.346
74DA38F20B26,2026-02-18,06:35:37,23.25,100.0,14.0,22.783,120.247
74DA38F7C5A0,2026-02-18,06:35:37,15.75,89.0,0.0,25.107,121.518
74DA38F20DD0,2026-02-18,06:35:38,24.0,100.0,3.0,22.6080258,120.3229833
74DA38F7C29C,2026-02-18,06:35:42,15.75,100.0,18.0,25.02,121.416
74DA38F7C5BE,2026-02-18,06:35:42,16.0,80.0,24.0,25.092,121.523
74DA38F209DE,2026-02-18,06:35:43,15.5,100.0,6.0,24.861,120.964
74DA38F2104E,2026-02-18,06:35:44,23.62,97.0,24.0,23.108,120.7
74DA38F209EE,2026-02-18,06:35:52,20.62,100.0,0.0,23.026,121.33
74DA38F7C47C,2026-02-18,06:35:55,16.25,97.0,0.0,25.055,121.455
74DA38ED0630,2026-02-18,06:35:59,18.62,98.0,0.0,23.994,121.594
74DA38F7C616,2026-02-18,06:36:01,16.0,100.0,0.0,25.031,121.563
74DA38F20E6E,2026-02-18,06:36:02,15.37,83.0,0.0,24.41,120.902
74DA38F20D6C,2026-02-18,06:36:05,22.25,78.0,0.0,22.661,120.301
74DA38F7C514,2026-02-18,06:36:07,16.0,97.0,18.0,25.051,121.518
74DA38F7C5CE,2026-02-18,06:36:10,15.0,89.0,0.0,25.066,121.656
74DA38ED05EA,2026-02-18,06:36:11,17.5,100.0,6.0,23.394,121.357
74DA38F210A2,2026-02-18,06:36:20,16.0,100.0,5.0,25.12,121.466
74DA38F2113E,2026-02-18,06:36:26,-4.0,0.0,4.0,22.728,120.313
74DA38F7C3DE,2026-02-18,06:36:27,16.12,100.0,304.0,24.972,121.537
74DA38ED06E0,2026-02-18,06:36:29,19.12,92.0,0.0,23.601,121.521
74DA38F21088,2026-02-18,06:36:29,15.5,100.0,0.0,25.068,121.588
74DA38F7C3B2,2026-02-18,06:36:29,19.37,67.0,7.0,24.929,121.378
74DA38F2118E,2026-02-18,06:36:32,15.0,100.0,51.0,26.148,119.935
74DA38F20D2A,2026-02-18,06:36:33,16.37,71.0,0.0,25.048,121.573
74DA38F20C26,2026-02-18,06:36:50,24.87,67.0,13.0,22.676,120.342
74DA38F20AAA,2026-02-18,06:36:57,15.0,100.0,8.0,24.6,120.999
74DA38F7C260,2026-02-18,06:37:06,15.62,100.0,0.0,25.065,121.425
74DA38F20BCA,2026-02-18,06:37:08,15.12,99.0,0.0,25.079,121.58
74DA38F7C40C,2026-02-18,06:37:08,14.87,100.0,0.0,24.995,121.52
74DA38ED0640,2026-02-18,06:37:09,16.87,100.0,3.0,23.154,121.266
74DA38F7C560,2026-02-18,06:37:17,14.12,100.0,0.0,25.079,121.671
74DA38F208E2,2026-02-18,06:37:23,15.75,100.0,17.0,24.688,121.766
74DA38F20EB2,2026-02-18,06:37:24,14.87,100.0,13.0,24.324,120.835
74DA38F7C566,2026-02-18,06:37:35,16.25,100.0,0.0,25.051,121.448
74DA38F207DE,2026-02-18,06:37:43,24.5,100.0,19.0,22.603,120.34
74DA38F7C30E,2026-02-18,06:37:48,15.5,100.0,15.0,24.949,121.382
74DA38F20AA4,2026-02-18,06:37:50,26.87,83.0,28.0,22.685,120.492
74DA38F20E34,2026-02-18,06:37:51,22.75,74.0,10.0,22.586,120.313
74DA38F210E4,2026-02-18,06:37:52,21.75,100.0,11.0,23.24,120.696
74DA38F20D4C,2026-02-18,06:37:58,20.12,100.0,0.0,22.971,121.303
74DA38F7C4DE,2026-02-18,06:37:59,16.75,100.0,0.0,25.09,121.462
74DA38F20D1A,2026-02-18,06:38:02,16.0,84.0,0.0,25.078,121.541
74DA38F21204,2026-02-18,06:38:07,21.75,100.0,0.0,25.062,121.451
74DA38F7C4CC,2026-02-18,06:38:11,15.75,100.0,11.0,25.062,121.451
74DA38F21024,2026-02-18,06:38:13,16.12,100.0,0.0,24.93,121.036
74DA38F7C63C,2026-02-18,06:38:22,85.25,100.0,11.0,24.998,121.425
74DA38F20902,2026-02-18,06:38:25,24.5,92.0,2.0,22.204,120.7
74DA38ED05B6,2026-02-18,06:38:29,17.0,100.0,11.0,23.43,121.348
74DA38ED059C,2026-02-18,06:38:30,16.5,100.0,5.0,23.706,121.412
74DA38F20B82,2026-02-18,06:38:35,-4.0,0.0,0.0,22.847,120.465
74DA38F7C39A,2026-02-18,06:38:42,15.5,100.0,0.0,25.002,121.414
74DA38F20D16,2026-02-18,06:38:43,16.5,100.0,22.0,25.062,121.526
74DA38F20B88,2026-02-18,06:38:50,23.37,100.0,0.0,22.75,120.316
74DA38F21136,2026-02-18,06:38:53,14.87,100.0,14.0,25.119,121.505
74DA38F20A78,2026-02-18,06:38:57,17.87,100.0,1.0,22.904,121.124
74DA38F20A30,2026-02-18,06:38:58,15.25,87.0,0.0,24.948,121.372
74DA38ED04F2,2026-02-18,06:39:07,18.37,100.0,3.0,23.468,121.496
74DA38F7C464,2026-02-18,06:39:12,14.5,36.0,0.0,25.006,121.413
74DA38F7C5E6,2026-02-18,06:39:12,16.5,100.0,11.0,25.107,121.843
74DA38F20C22,2026-02-18,06:39:18,24.25,100.0,0.0,22.729,120.357
74DA38F7C41E,2026-02-18,06:39:19,16.75,74.0,17.0,25.054,121.517
74DA38F210F6,2026-02-18,06:39:25,21.5,100.0,1.0,22.757426,121.158891
74DA38F7C562,2026-02-18,06:39:28,16.25,69.0,19.0,25.021,121.418
74DA38F20D70,2026-02-18,06:39:37,18.12,100.0,0.0,23.05,121.164
74DA38F7C37C,2026-02-18,06:39:37,12.37,100.0,0.0,25.111,121.856
74DA38F20976,2026-02-18,06:39:40,15.62,89.0,25.0,25.127,121.746
74DA38F7C600,2026-02-18,06:39:40,21.12,55.0,7.0,25.07,121.586
74DA38F209B2,2026-02-18,06:39:42,22.25,100.0,0.0,22.363,120.599
74DA38F7C3BA,2026-02-18,06:39:43,118.87,46.0,127.0,25.174,121.441
74DA38F20DC0,2026-02-18,06:39:47,22.62,100.0,9.0,22.711,120.295
74DA38F209F8,2026-02-18,06:39:59,17.75,100.0,0.0,23.157,121.4
74DA38F20F0A,2026-02-18,06:40:03,24.62,100.0,13.0,22.995,120.635
74DA38F7C570,2026-02-18,06:40:08,14.0,100.0,0.0,25.239,121.63
74DA38F7C3D6,2026-02-18,06:40:11,16.12,100.0,0.0,25.045,121.541
74DA38F21054,2026-02-18,06:40:14,25.25,62.0,18.0,22.898,120.627
74DA38F7C366,2026-02-18,06:40:16,15.37,100.0,9.0,25.002,121.516
74DA38F209A8,2026-02-18,06:40:18,-4.0,0.0,0.0,22.401,120.577
74DA38F20B80,2026-02-18,06:40:22,23.5,100.0,28.0,22.599,120.35
74DA38F20BD0,2026-02-18,06:40:27,-4.0,0.0,20.0,22.688,120.408
74DA38ED0454,2026-02-18,06:40:29,18.75,100.0,8.0,24.053,121.599
74DA38F20BE4,2026-02-18,06:40:29,15.0,100.0,34.0,24.791,120.957
74DA38F7C31C,2026-02-18,06:40:30,15.5,100.0,0.0,24.93,121.372
74DA38F20AE6,2026-02-18,06:40:31,25.25,100.0,11.0,22.63,120.348
74DA38F20E9E,2026-02-18,06:40:37,15.0,100.0,10.0,24.648,121.151
74DA38F20D2E,2026-02-18,06:40:42,16.0,100.0,0.0,25.06,121.545
74DA38F7C3DC,2026-02-18,06:40:45,15.12,100.0,21.0,25.003,121.539
74DA38F7C610,2026-02-18,06:40:51,17.37,79.0,18.0,25.063,121.564
74DA38F20DE0,2026-02-18,06:40:55,26.62,91.0,0.0,22.589,120.328
74DA38F7C30C,2026-02-18,06:41:07,15.37,98.0,0.0,24.975,121.532
74DA38F7C47E,2026-02-18,06:41:13,16.25,100.0,27.0,25.053963,121.427681
74DA38F20D1E,2026-02-18,06:41:22,15.87,100.0,26.0,25.048,121.573
74DA38F21048,2026-02-18,06:41:27,23.0,100.0,16.0,22.595,120.341
74DA38F209A4,2026-02-18,06:41:28,25.25,100.0,0.0,22.702,120.572
74DA38F7C524,2026-02-18,06:41:40,13.75,100.0,50.0,25.002,121.552
74DA38F7C59C,2026-02-18,06:41:41,15.75,76.0,24.0,25.103,121.487
74DA38F20B26,2026-02-18,06:41:45,23.25,100.0,14.0,22.783,120.247
74DA38F7C53C,2026-02-18,06:41:47,14.37,100.0,0.0,25.11,121.804
74DA38F7C29C,2026-02-18,06:41:52,15.75,100.0,17.0,25.02,121.416
74DA38F2104E,2026-02-18,06:41:53,23.37,97.0,24.0,23.108,120.7
74DA38F7C5BE,2026-02-18,06:41:54,16.0,80.0,24.0,25.092,121.523
74DA38F209EE,2026-02-18,06:41:57,20.62,100.0,0.0,23.026,121.33
74DA38F20BE0,2026-02-18,06:42:02,25.87,100.0,0.0,22.73,120.346
74DA38F20E6E,2026-02-18,06:42:02,15.62,83.0,0.0,24.41,120.902
74DA38F7C47C,2026-02-18,06:42:03,16.37,96.0,0.0,25.055,121.455
74DA38F7C5A0,2026-02-18,06:42:05,15.87,89.0,0.0,25.107,121.518
74DA38F20DD0,2026-02-18,06:42:06,23.87,100.0,3.0,22.6080258,120.3229833
74DA38F209DE,2026-02-18,06:42:12,15.25,100.0,3.0,24.861,120.964
74DA38ED05EA,2026-02-18,06:42:16,17.5,100.0,6.0,23.394,121.357
74DA38F7C514,2026-02-18,06:42:17,15.87,97.0,18.0,25.051,121.518
74DA38F7C616,2026-02-18,06:42:21,15.87,100.0,0.0,25.031,121.563
74DA38F7C3DE,2026-02-18,06:42:23,16.12,100.0,298.0,24.972,121.537
74DA38F210A2,2026-02-18,06:42:26,16.0,100.0,6.0,25.12,121.466
74DA38ED0630,2026-02-18,06:42:27,18.75,99.0,0.0,23.994,121.594
74DA38F20D6C,2026-02-18,06:42:34,22.25,78.0,0.0,22.661,120.301
74DA38F7C3B2,2026-02-18,06:42:36,19.37,67.0,7.0,24.929,121.378
74DA38ED06E0,2026-02-18,06:42:37,19.12,92.0,0.0,23.601,121.521
74DA38F7C5CE,2026-02-18,06:42:38,15.0,90.0,0.0,25.066,121.656
74DA38F20C26,2026-02-18,06:42:56,24.75,67.0,12.0,22.676,120.342
74DA38F21088,2026-02-18,06:42:57,15.5,100.0,0.0,25.068,121.588
74DA38F20AAA,2026-02-18,06:43:02,14.87,100.0,7.0,24.6,120.999
74DA38F20D2A,2026-02-18,06:43:03,16.37,71.0,0.0,25.048,121.573
74DA38F2118E,2026-02-18,06:43:07,15.0,100.0,52.0,26.148,119.935
74DA38F7C40C,2026-02-18,06:43:15,15.0,100.0,0.0,24.995,121.52
74DA38ED0640,2026-02-18,06:43:18,16.87,100.0,3.0,23.154,121.266
74DA38F20B5C,2026-02-18,06:43:18,-4.0,0.0,20.0,22.798,120.293
74DA38F208E2,2026-02-18,06:43:29,15.75,100.0,17.0,24.688,121.766
74DA38F20EB2,2026-02-18,06:43:30,15.0,100.0,13.0,24.324,120.835
74DA38F7C260,2026-02-18,06:43:35,15.5,100.0,0.0,25.065,121.425
74DA38F20BCA,2026-02-18,06:43:36,15.12,99.0,0.0,25.079,121.58
74DA38F7C560,2026-02-18,06:43:46,14.12,100.0,0.0,25.079,121.671
74DA38F207DE,2026-02-18,06:43:49,24.37,100.0,19.0,22.603,120.34
74DA38F2113E,2026-02-18,06:43:51,-4.0,0.0,4.0,22.728,120.313
74DA38F20AA4,2026-02-18,06:43:56,26.87,83.0,28.0,22.685,120.492
74DA38F20E34,2026-02-18,06:43:59,22.75,74.0,11.0,22.586,120.313
74DA38F7C30E,2026-02-18,06:43:59,15.5,100.0,14.0,24.949,121.382
74DA38F210E4,2026-02-18,06:44:00,21.62,100.0,10.0,23.24,120.696
74DA38F7C566,2026-02-18,06:44:02,16.12,100.0,0.0,25.051,121.448
74DA38F7C4DE,2026-02-18,06:44:11,16.75,100.0,0.0,25.09,121.462
74DA38F21204,2026-02-18,06:44:13,21.75,100.0,1.0,25.062,121.451
74DA38F7C4CC,2026-02-18,06:44:18,15.75,100.0,11.0,25.062,121.451
74DA38F20D4C,2026-02-18,06:44:26,19.87,100.0,0.0,22.971,121.303
74DA38F7C63C,2026-02-18,06:44:30,85.25,100.0,12.0,24.998,121.425
74DA38F20902,2026-02-18,06:44:31,24.37,92.0,1.0,22.204,120.7
74DA38F20D1A,2026-02-18,06:44:31,16.0,84.0,0.0,25.078,121.541
74DA38ED05B6,2026-02-18,06:44:35,17.0,100.0,13.0,23.43,121.348
74DA38ED059C,2026-02-18,06:44:36,16.62,100.0,6.0,23.706,121.412
74DA38F21024,2026-02-18,06:44:42,16.12,100.0,0.0,24.93,121.036
74DA38F20D16,2026-02-18,06:44:52,16.5,100.0,22.0,25.062,121.526
74DA38F21136,2026-02-18,06:45:00,15.0,100.0,12.0,25.119,121.505
74DA38F20A78,2026-02-18,06:45:04,17.87,100.0,1.0,22.904,121.124
74DA38F7C39A,2026-02-18,06:45:10,15.37,100.0,0.0,25.002,121.414
74DA38ED04F2,2026-02-18,06:45:17,18.5,100.0,4.0,23.468,121.496
74DA38F20B88,2026-02-18,06:45:18,23.37,100.0,0.0,22.75,120.316
74DA38F7C41E,2026-02-18,06:45:26,16.62,74.0,17.0,25.054,121.517
74DA38F20A30,2026-02-18,06:45:27,15.25,87.0,0.0,24.948,121.372
74DA38F7C5E6,2026-02-18,06:45:28,16.37,100.0,12.0,25.107,121.843
74DA38F210F6,2026-02-18,06:45:31,21.25,100.0,1.0,22.757426,121.158891
74DA38F7C562,2026-02-18,06:45:34,16.12,58.0,21.0,25.021,121.418
74DA38F20D70,2026-02-18,06:45:45,18.12,100.0,0.0,23.05,121.164
74DA38F7C600,2026-02-18,06:45:46,21.0,59.0,8.0,25.07,121.586
74DA38F20976,2026-02-18,06:45:48,15.62,91.0,23.0,25.127,121.746
74DA38F7C3BA,2026-02-18,06:45:49,118.87,46.0,124.0,25.174,121.441
74DA38F20C22,2026-02-18,06:45:51,24.37,100.0,0.0,22.729,120.357
74DA38F7C37C,2026-02-18,06:46:07,12.5,100.0,1.0,25.111,121.856
74DA38F209B2,2026-02-18,06:46:09,22.25,100.0,0.0,22.363,120.599
74DA38F20F0A,2026-02-18,06:46:10,24.62,100.0,14.0,22.995,120.635
74DA38F21054,2026-02-18,06:46:19,25.25,62.0,18.0,22.898,120.627
74DA38F7C366,2026-02-18,06:46:22,15.37,100.0,10.0,25.002,121.516
74DA38F20DC0,2026-02-18,06:46:24,22.62,100.0,12.0,22.711,120.295
74DA38F209F8,2026-02-18,06:46:27,17.75,100.0,0.0,23.157,121.4
74DA38F20AE6,2026-02-18,06:46:38,25.25,100.0,11.0,22.63,120.348
74DA38F7C570,2026-02-18,06:46:38,13.87,100.0,1.0,25.239,121.63
74DA38F7C3D6,2026-02-18,06:46:40,16.12,100.0,0.0,25.045,121.541
74DA38F20BE4,2026-02-18,06:46:41,14.87,100.0,35.0,24.791,120.957
74DA38F20E9E,2026-02-18,06:46:42,15.0,100.0,8.0,24.648,121.151
74DA38F20B80,2026-02-18,06:46:53,23.5,100.0,31.0,22.599,120.35
74DA38F7C3DC,2026-02-18,06:46:55,14.87,100.0,23.0,25.003,121.539
74DA38ED0454,2026-02-18,06:46:57,18.87,100.0,7.0,24.053,121.599
74DA38F7C31C,2026-02-18,06:46:59,15.5,100.0,0.0,24.93,121.372
74DA38F7C610,2026-02-18,06:46:59,17.37,79.0,18.0,25.063,121.564
74DA38F20D2E,2026-02-18,06:47:12,15.87,100.0,0.0,25.06,121.545
74DA38F7C30C,2026-02-18,06:47:20,15.5,98.0,0.0,24.975,121.532
74DA38F7C47E,2026-02-18,06:47:22,16.25,100.0,28.0,25.053963,121.427681
74DA38F20DE0,2026-02-18,06:47:24,27.62,90.0,0.0,22.589,120.328
74DA38F20D1E,2026-02-18,06:47:32,15.75,100.0,27.0,25.048,121.573
74DA38F7C59C,2026-02-18,06:47:51,15.62,75.0,25.0,25.103,121.487
74DA38F209A4,2026-02-18,06:47:56,25.12,100.0,0.0,22.702,120.572
74DA38F21048,2026-02-18,06:47:56,22.87,100.0,15.0,22.595,120.341
74DA38F2104E,2026-02-18,06:48:01,23.25,98.0,24.0,23.108,120.7
74DA38F7C29C,2026-02-18,06:48:02,15.75,100.0,18.0,25.02,121.416
74DA38F20E6E,2026-02-18,06:48:04,15.37,83.0,0.0,24.41,120.902
74DA38F7C5BE,2026-02-18,06:48:04,16.12,80.0,24.0,25.092,121.523
74DA38F209EE,2026-02-18,06:48:05,20.62,100.0,0.0,23.026,121.33
74DA38F20B26,2026-02-18,06:48:05,23.37,100.0,14.0,22.783,120.247
74DA38F20B82,2026-02-18,06:48:08,-4.0,0.0,0.0,22.847,120.465
74DA38F7C47C,2026-02-18,06:48:12,16.37,97.0,0.0,25.055,121.455
74DA38F7C524,2026-02-18,06:48:13,13.62,100.0,50.0,25.002,121.552
74DA38F7C53C,2026-02-18,06:48:16,14.25,100.0,0.0,25.11,121.804
74DA38F7C3DE,2026-02-18,06:48:19,16.25,100.0,304.0,24.972,121.537
74DA38ED05EA,2026-02-18,06:48:22,17.5,100.0,6.0,23.394,121.357
74DA38F7C514,2026-02-18,06:48:27,16.0,97.0,19.0,25.051,121.518
74DA38F20BE0,2026-02-18,06:48:31,26.0,100.0,0.0,22.73,120.346
74DA38F210A2,2026-02-18,06:48:32,16.0,100.0,6.0,25.12,121.466
74DA38F7C5A0,2026-02-18,06:48:34,15.87,89.0,0.0,25.107,121.518
74DA38F20DD0,2026-02-18,06:48:37,23.87,100.0,2.0,22.6080258,120.3229833
74DA38F209DE,2026-02-18,06:48:44,15.37,100.0,9.0,24.861,120.964
74DA38F7C3B2,2026-02-18,06:48:44,19.37,67.0,8.0,24.929,121.378
74DA38ED06E0,2026-02-18,06:48:45,19.12,92.0,0.0,23.601,121.521
74DA38F7C616,2026-02-18,06:48:48,16.0,100.0,0.0,25.031,121.563
74DA38F20D6C,2026-02-18,06:49:01,22.25,78.0,0.0,22.661,120.301
74DA38ED0630,2026-02-18,06:49:04,18.75,99.0,0.0,23.994,121.594
74DA38F20C26,2026-02-18,06:49:04,24.75,67.0,13.0,22.676,120.342
74DA38F7C5CE,2026-02-18,06:49:06,15.0,89.0,0.0,25.066,121.656
74DA38F20AAA,2026-02-18,06:49:08,15.0,100.0,7.0,24.6,120.999
74DA38ED0640,2026-02-18,06:49:24,17.0,100.0,3.0,23.154,121.266
74DA38F7C40C,2026-02-18,06:49:24,15.0,100.0,0.0,24.995,121.52
74DA38F21088,2026-02-18,06:49:26,15.5,100.0,0.0,25.068,121.588
74DA38F20D2A,2026-02-18,06:49:34,16.25,71.0,0.0,25.048,121.573
74DA38F208E2,2026-02-18,06:49:37,15.75,100.0,17.0,24.688,121.766
74DA38F20EB2,2026-02-18,06:49:37,15.0,100.0,13.0,24.324,120.835
74DA38F2118E,2026-02-18,06:49:42,15.12,100.0,51.0,26.148,119.935
74DA38F207DE,2026-02-18,06:49:54,24.12,100.0,19.0,22.603,120.34
74DA38F209A8,2026-02-18,06:49:56,-4.0,0.0,0.0,22.401,120.577
74DA38F20AA4,2026-02-18,06:50:04,26.87,83.0,27.0,22.685,120.492
74DA38F7C260,2026-02-18,06:50:04,15.5,100.0,0.0,25.065,121.425
74DA38F20BCA,2026-02-18,06:50:05,15.0,100.0,0.0,25.079,121.58
74DA38F210E4,2026-02-18,06:50:06,21.5,100.0,10.0,23.24,120.696
74DA38F7C30E,2026-02-18,06:50:09,15.5,100.0,14.0,24.949,121.382
74DA38F20E34,2026-02-18,06:50:12,22.62,74.0,11.0,22.586,120.313
74DA38F7C560,2026-02-18,06:50:16,14.25,100.0,0.0,25.079,121.671
74DA38F21204,2026-02-18,06:50:19,21.75,100.0,1.0,25.062,121.451
74DA38F7C4DE,2026-02-18,06:50:19,16.75,100.0,0.0,25.09,121.462
74DA38F7C4CC,2026-02-18,06:50:26,15.75,100.0,12.0,25.062,121.451
74DA38F7C566,2026-02-18,06:50:31,16.0,100.0,0.0,25.051,121.448
74DA38F20902,2026-02-18,06:50:37,24.37,93.0,2.0,22.204,120.7
74DA38F7C63C,2026-02-18,06:50:37,85.25,100.0,11.0,24.998,121.425
74DA38ED05B6,2026-02-18,06:50:41,17.12,100.0,12.0,23.43,121.348
74DA38ED059C,2026-02-18,06:50:44,16.75,100.0,7.0,23.706,121.412
74DA38F20D4C,2026-02-18,06:50:54,19.87,100.0,0.0,22.971,121.303
74DA38F20BD0,2026-02-18,06:50:56,-4.0,0.0,18.0,22.688,120.408
74DA38F20D1A,2026-02-18,06:51:00,15.87,85.0,0.0,25.078,121.541
74DA38F20D16,2026-02-18,06:51:02,16.62,100.0,22.0,25.062,121.526
74DA38F2113E,2026-02-18,06:51:07,-4.0,0.0,4.0,22.728,120.313
74DA38F20A78,2026-02-18,06:51:10,18.0,100.0,1.0,22.904,121.124
74DA38F21024,2026-02-18,06:51:10,16.12,100.0,0.0,24.93,121.036
74DA38ED04F2,2026-02-18,06:51:24,18.5,100.0,5.0,23.468,121.496
74DA38F7C41E,2026-02-18,06:51:34,16.62,74.0,18.0,25.054,121.517
74DA38F210F6,2026-02-18,06:51:36,21.25,100.0,1.0,22.757426,121.158891
74DA38F7C39A,2026-02-18,06:51:40,15.5,100.0,0.0,25.002,121.414
74DA38F7C5E6,2026-02-18,06:51:45,16.37,100.0,12.0,25.107,121.843
74DA38F7C562,2026-02-18,06:51:47,16.12,72.0,21.0,25.021,121.418
74DA38F20B88,2026-02-18,06:51:49,23.37,100.0,0.0,22.75,120.316
74DA38F7C600,2026-02-18,06:51:51,20.75,59.0,8.0,25.07,121.586
74DA38F20D70,2026-02-18,06:51:53,18.0,100.0,0.0,23.05,121.164
74DA38F20976,2026-02-18,06:51:54,15.62,91.0,23.0,25.127,121.746
74DA38F20A30,2026-02-18,06:51:55,15.25,87.0,0.0,24.948,121.372
74DA38F7C3BA,2026-02-18,06:51:57,118.87,46.0,124.0,25.174,121.441
74DA38F20F0A,2026-02-18,06:52:17,24.5,100.0,13.0,22.995,120.635
74DA38F21054,2026-02-18,06:52:25,25.25,62.0,17.0,22.898,120.627
74DA38F20C22,2026-02-18,06:52:27,24.25,100.0,0.0,22.729,120.357
74DA38F7C464,2026-02-18,06:52:27,14.37,35.0,0.0,25.006,121.413
74DA38F7C366,2026-02-18,06:52:30,15.37,100.0,11.0,25.002,121.516
74DA38F209B2,2026-02-18,06:52:37,22.37,100.0,0.0,22.363,120.599
74DA38F7C37C,2026-02-18,06:52:37,12.37,100.0,0.0,25.111,121.856
74DA38F20AE6,2026-02-18,06:52:45,25.25,100.0,11.0,22.63,120.348
74DA38F20B5C,2026-02-18,06:52:47,-4.0,0.0,19.0,22.798,120.293
74DA38F20E9E,2026-02-18,06:52:48,15.12,100.0,10.0,24.648,121.151
74DA38F20BE4,2026-02-18,06:52:52,14.87,100.0,35.0,24.791,120.957
74DA38F209F8,2026-02-18,06:52:55,17.75,100.0,0.0,23.157,121.4
74DA38F20DC0,2026-02-18,06:52:55,22.5,100.0,11.0,22.711,120.295
74DA38F7C3DC,2026-02-18,06:53:03,14.62,100.0,22.0,25.003,121.539
74DA38ED0454,2026-02-18,06:53:04,19.0,100.0,8.0,24.053,121.599
74DA38F7C610,2026-02-18,06:53:06,17.37,79.0,18.0,25.063,121.564
74DA38F7C570,2026-02-18,06:53:07,14.0,100.0,0.0,25.239,121.63
74DA38F7C3D6,2026-02-18,06:53:09,15.87,100.0,0.0,25.045,121.541
74DA38F20B80,2026-02-18,06:53:23,23.5,100.0,29.0,22.599,120.35
74DA38F7C31C,2026-02-18,06:53:30,15.5,100.0,0.0,24.93,121.372
74DA38F7C338,2026-02-18,06:53:33,18.12,91.0,16.0,25.011,121.458
74DA38F7C47E,2026-02-18,06:53:33,16.25,100.0,28.0,25.053963,121.427681
74DA38F7C30C,2026-02-18,06:53:36,15.37,98.0,0.0,24.975,121.532
74DA38F20D2E,2026-02-18,06:53:41,15.87,100.0,1.0,25.06,121.545
74DA38F20D1E,2026-02-18,06:53:43,15.87,100.0,28.0,25.048,121.573
74DA38F20DE0,2026-02-18,06:53:51,28.36,90.0,0.0,22.589,120.328
74DA38F7C59C,2026-02-18,06:53:58,15.5,76.0,24.0,25.103,121.487
74DA38F20E6E,2026-02-18,06:54:04,15.25,83.0,0.0,24.41,120.902
74DA38F2104E,2026-02-18,06:54:09,23.12,98.0,25.0,23.108,120.7
74DA38F209EE,2026-02-18,06:54:10,20.37,100.0,0.0,23.026,121.33
74DA38F7C29C,2026-02-18,06:54:10,15.87,100.0,18.0,25.02,121.416
74DA38F20B26,2026-02-18,06:54:11,23.37,100.0,13.0,22.783,120.247
74DA38F7C3DE,2026-02-18,06:54:14,16.37,100.0,290.0,24.972,121.537
74DA38F7C5BE,2026-02-18,06:54:16,16.25,80.0,24.0,25.092,121.523
74DA38F7C47C,2026-02-18,06:54:22,16.37,96.0,0.0,25.055,121.455
74DA38F209A4,2026-02-18,06:54:23,25.0,100.0,0.0,22.702,120.572
74DA38F21048,2026-02-18,06:54:24,23.0,100.0,16.0,22.595,120.341
74DA38ED05EA,2026-02-18,06:54:28,17.5,100.0,7.0,23.394,121.357
74DA38F7C514,2026-02-18,06:54:37,15.87,97.0,19.0,25.051,121.518
74DA38F210A2,2026-02-18,06:54:38,15.87,100.0,6.0,25.12,121.466
74DA38F7C53C,2026-02-18,06:54:44,14.25,100.0,1.0,25.11,121.804
74DA38F7C524,2026-02-18,06:54:46,13.62,100.0,50.0,25.002,121.552
74DA38F7C3B2,2026-02-18,06:54:51,19.37,67.0,8.0,24.929,121.378
74DA38ED06E0,2026-02-18,06:54:52,19.12,92.0,0.0,23.601,121.521
74DA38F20BE0,2026-02-18,06:55:01,26.12,100.0,0.0,22.73,120.346
74DA38F7C5A0,2026-02-18,06:55:02,15.87,89.0,0.0,25.107,121.518
74DA38F20DD0,2026-02-18,06:55:04,23.62,100.0,3.0,22.6080258,120.3229833
74DA38F209DE,2026-02-18,06:55:13,15.37,100.0,4.0,24.861,120.964
74DA38F20AAA,2026-02-18,06:55:14,14.87,100.0,7.0,24.6,120.999
74DA38F20C26,2026-02-18,06:55:16,24.75,67.0,11.0,22.676,120.342
74DA38F7C616,2026-02-18,06:55:18,15.87,100.0,0.0,25.031,121.563
74DA38ED0640,2026-02-18,06:55:31,16.87,100.0,3.0,23.154,121.266
74DA38F7C40C,2026-02-18,06:55:31,14.87,100.0,0.0,24.995,121.52
74DA38ED0630,2026-02-18,06:55:33,18.87,98.0,0.0,23.994,121.594
74DA38F20D6C,2026-02-18,06:55:33,22.37,79.0,0.0,22.661,120.301
74DA38F7C5CE,2026-02-18,06:55:34,15.0,89.0,0.0,25.066,121.656
74DA38F20EB2,2026-02-18,06:55:43,14.87,100.0,13.0,24.324,120.835
74DA38F208E2,2026-02-18,06:55:44,15.87,100.0,17.0,24.688,121.766
74DA38F21088,2026-02-18,06:55:55,15.5,100.0,0.0,25.068,121.588
74DA38F207DE,2026-02-18,06:56:01,24.12,100.0,19.0,22.603,120.34
74DA38F20D2A,2026-02-18,06:56:04,16.12,71.0,0.0,25.048,121.573
74DA38F210E4,2026-02-18,06:56:13,21.5,100.0,11.0,23.24,120.696
74DA38F20AA4,2026-02-18,06:56:15,26.87,83.0,26.0,22.685,120.492
74DA38F2118E,2026-02-18,06:56:17,15.12,100.0,49.0,26.148,119.935
74DA38F7C30E,2026-02-18,06:56:17,15.5,100.0,15.0,24.949,121.382
74DA38F20E34,2026-02-18,06:56:18,22.75,75.0,11.0,22.586,120.313
74DA38F21204,2026-02-18,06:56:25,21.87,100.0,2.0,25.062,121.451
74DA38F7C4CC,2026-02-18,06:56:32,15.75,100.0,13.0,25.062,121.451
74DA38F7C260,2026-02-18,06:56:33,15.5,100.0,0.0,25.065,121.425
74DA38F20BCA,2026-02-18,06:56:36,15.12,100.0,0.0,25.079,121.58
74DA38F20902,2026-02-18,06:56:42,24.12,92.0,2.0,22.204,120.7
74DA38F7C560,2026-02-18,06:56:43,14.12,100.0,0.0,25.079,121.671
74DA38F7C4DE,2026-02-18,06:56:45,16.75,100.0,0.0,25.09,121.462
74DA38F7C63C,2026-02-18,06:56:46,85.25,100.0,12.0,24.998,121.425
74DA38ED05B6,2026-02-18,06:56:47,17.25,100.0,9.0,23.43,121.348
74DA38ED059C,2026-02-18,06:56:51,16.87,100.0,6.0,23.706,121.412
74DA38F7C566,2026-02-18,06:56:59,16.12,100.0,0.0,25.051,121.448
74DA38F20D16,2026-02-18,06:57:12,16.62,100.0,24.0,25.062,121.526
74DA38F21136,2026-02-18,06:57:12,15.12,100.0,13.0,25.119,121.505
74DA38F20A78,2026-02-18,06:57:16,18.0,100.0,1.0,22.904,121.124
74DA38F20D4C,2026-02-18,06:57:21,19.75,100.0,0.0,22.971,121.303
74DA38F20D1A,2026-02-18,06:57:29,15.87,84.0,0.0,25.078,121.541
74DA38ED04F2,2026-02-18,06:57:33,18.5,100.0,5.0,23.468,121.496
74DA38F21024,2026-02-18,06:57:38,16.0,100.0,0.0,24.93,121.036
74DA38F20B82,2026-02-18,06:57:40,-4.0,0.0,0.0,22.847,120.465
74DA38F210F6,2026-02-18,06:57:41,21.12,100.0,2.0,22.757426,121.158891
74DA38F7C41E,2026-02-18,06:57:41,16.62,74.0,17.0,25.054,121.517
74DA38F7C5E6,2026-02-18,06:57:54,16.25,100.0,12.0,25.107,121.843
74DA38F7C3BA,2026-02-18,06:57:57,118.87,46.0,124.0,25.174,121.441
74DA38F7C600,2026-02-18,06:57:57,20.75,59.0,8.0,25.07,121.586
74DA38F7C562,2026-02-18,06:57:58,16.12,75.0,22.0,25.021,121.418
74DA38F20D70,2026-02-18,06:58:01,18.0,100.0,0.0,23.05,121.164
74DA38F20976,2026-02-18,06:58:02,15.5,90.0,24.0,25.127,121.746
74DA38F7C39A,2026-02-18,06:58:08,15.37,100.0,0.0,25.002,121.414
74DA38F20B88,2026-02-18,06:58:16,23.5,100.0,0.0,22.75,120.316
74DA38F2113E,2026-02-18,06:58:22,-4.0,0.0,5.0,22.728,120.313
74DA38F20F0A,2026-02-18,06:58:23,24.5,100.0,13.0,22.995,120.635
74DA38F20A30,2026-02-18,06:58:24,15.25,87.0,0.0,24.948,121.372
74DA38F21054,2026-02-18,06:58:31,25.25,62.0,17.0,22.898,120.627
74DA38F7C366,2026-02-18,06:58:36,15.5,100.0,11.0,25.002,121.516
74DA38F20AE6,2026-02-18,06:58:52,25.37,100.0,11.0,22.63,120.348
74DA38F20E9E,2026-02-18,06:58:54,15.12,100.0,11.0,24.648,121.151
74DA38F20C22,2026-02-18,06:58:55,24.37,100.0,0.0,22.729,120.357
74DA38F20BE4,2026-02-18,06:59:04,14.75,100.0,36.0,24.791,120.957
74DA38F7C464,2026-02-18,06:59:04,14.25,34.0,0.0,25.006,121.413
74DA38F209B2,2026-02-18,06:59:05,22.37,100.0,0.0,22.363,120.599
74DA38F7C37C,2026-02-18,06:59:06,12.37,100.0,0.0,25.111,121.856
74DA38F7C3DC,2026-02-18,06:59:11,14.62,100.0,22.0,25.003,121.539
74DA38ED0454,2026-02-18,06:59:12,19.0,100.0,9.0,24.053,121.599
74DA38F7C610,2026-02-18,06:59:17,17.37,79.0,19.0,25.063,121.564
74DA38F209F8,2026-02-18,06:59:23,17.62,100.0,0.0,23.157,121.4
74DA38F20DC0,2026-02-18,06:59:24,22.62,100.0,9.0,22.711,120.295
74DA38F209A8,2026-02-18,06:59:35,-4.0,0.0,0.0,22.401,120.577
74DA38F7C3D6,2026-02-18,06:59:36,15.62,100.0,0.0,25.045,121.541
74DA38F7C570,2026-02-18,06:59:36,13.87,100.0,1.0,25.239,121.63
74DA38F7C47E,2026-02-18,06:59:43,16.37,100.0,30.0,25.053963,121.427681
74DA38F7C30C,2026-02-18,06:59:46,15.37,98.0,0.0,24.975,121.532
74DA38F20B80,2026-02-18,06:59:54,23.37,100.0,30.0,22.599,120.35
74DA38F7C338,2026-02-18,06:59:56,18.0,91.0,16.0,25.011,121.458
74DA38F7C31C,2026-02-18,06:59:58,15.37,100.0,0.0,24.93,121.372
74DA38F20D1E,2026-02-18,07:00:00,15.75,100.0,28.0,25.048,121.573
74DA38F7C59C,2026-02-18,07:00:05,15.62,75.0,24.0,25.103,121.487
74DA38F20E6E,2026-02-18,07:00:06,15.12,84.0,0.0,24.41,120.902
74DA38F20D2E,2026-02-18,07:00:09,16.0,100.0,0.0,25.06,121.545
74DA38F7C3DE,2026-02-18,07:00:09,16.37,100.0,288.0,24.972,121.537
74DA38F209EE,2026-02-18,07:00:16,20.37,100.0,0.0,23.026,121.33
74DA38F7C29C,2026-02-18,07:00:19,15.87,100.0,19.0,25.02,121.416
74DA38F20B26,2026-02-18,07:00:20,23.25,100.0,13.0,22.783,120.247
74DA38F20DE0,2026-02-18,07:00:20,28.75,89.0,0.0,22.589,120.328
74DA38F2104E,2026-02-18,07:00:20,23.0,98.0,26.0,23.108,120.7
74DA38F7C5BE,2026-02-18,07:00:28,16.12,79.0,25.0,25.092,121.523
74DA38F7C47C,2026-02-18,07:00:31,16.5,96.0,0.0,25.055,121.455
74DA38ED05EA,2026-02-18,07:00:35,17.5,100.0,8.0,23.394,121.357
74DA38F210A2,2026-02-18,07:00:44,15.87,100.0,6.0,25.12,121.466
74DA38F7C514,2026-02-18,07:00:46,15.75,97.0,20.0,25.051,121.518
74DA38F209A4,2026-02-18,07:00:53,24.87,100.0,0.0,22.702,120.572
74DA38F21048,2026-02-18,07:00:53,23.0,100.0,15.0,22.595,120.341
74DA38F7C3B2,2026-02-18,07:00:59,19.37,67.0,8.0,24.929,121.378
74DA38ED06E0,2026-02-18,07:01:08,19.12,92.0,0.0,23.601,121.521
74DA38F7C53C,2026-02-18,07:01:12,14.25,100.0,0.0,25.11,121.804
74DA38F7C524,2026-02-18,07:01:18,13.75,100.0,50.0,25.002,121.552
74DA38F20AAA,2026-02-18,07:01:21,15.0,100.0,8.0,24.6,120.999
74DA38F20BD0,2026-02-18,07:01:24,-4.0,0.0,18.0,22.688,120.408
74DA38F7C616,2026-02-18,07:01:25,16.0,100.0,0.0,25.031,121.563
74DA38F20BE0,2026-02-18,07:01:29,26.25,100.0,0.0,22.73,120.346
74DA38F20C26,2026-02-18,07:01:31,25.0,68.0,11.0,22.676,120.342
74DA38F7C5A0,2026-02-18,07:01:31,15.75,89.0,0.0,25.107,121.518
74DA38F20DD0,2026-02-18,07:01:33,23.75,100.0,3.0,22.6080258,120.3229833
74DA38ED0640,2026-02-18,07:01:38,16.75,100.0,3.0,23.154,121.266
74DA38F7C40C,2026-02-18,07:01:38,14.87,100.0,0.0,24.995,121.52
74DA38F209DE,2026-02-18,07:01:43,15.5,100.0,4.0,24.861,120.964
74DA38F20EB2,2026-02-18,07:01:51,14.87,100.0,14.0,24.324,120.835
74DA38F208E2,2026-02-18,07:01:55,15.87,100.0,20.0,24.688,121.766
74DA38F20D6C,2026-02-18,07:02:01,22.37,79.0,0.0,22.661,120.301
74DA38F7C5CE,2026-02-18,07:02:03,15.0,90.0,0.0,25.066,121.656
74DA38ED0630,2026-02-18,07:02:06,18.87,99.0,0.0,23.994,121.594
74DA38F207DE,2026-02-18,07:02:10,24.12,100.0,18.0,22.603,120.34
74DA38F20B5C,2026-02-18,07:02:17,-4.0,0.0,19.0,22.798,120.293
74DA38F210E4,2026-02-18,07:02:20,21.5,100.0,10.0,23.24,120.696
74DA38F20AA4,2026-02-18,07:02:22,26.87,83.0,25.0,22.685,120.492
74DA38F21088,2026-02-18,07:02:23,15.37,100.0,0.0,25.068,121.588
74DA38F20E34,2026-02-18,07:02:25,22.87,75.0,11.0,22.586,120.313
74DA38F7C30E,2026-02-18,07:02:25,15.37,100.0,16.0,24.949,121.382
74DA38F21204,2026-02-18,07:02:30,21.75,100.0,2.0,25.062,121.451
74DA38F7C4CC,2026-02-18,07:02:40,15.87,100.0,12.0,25.062,121.451
74DA38F20D2A,2026-02-18,07:02:41,16.25,71.0,0.0,25.048,121.573
74DA38F20902,2026-02-18,07:02:48,24.12,93.0,2.0,22.204,120.7
74DA38F2118E,2026-02-18,07:02:51,15.0,100.0,50.0,26.148,119.935
74DA38ED05B6,2026-02-18,07:02:52,17.25,100.0,9.0,23.43,121.348
74DA38F7C63C,2026-02-18,07:02:54,85.25,100.0,13.0,24.998,121.425
74DA38F7C4DE,2026-02-18,07:02:55,16.62,100.0,0.0,25.09,121.462
74DA38ED059C,2026-02-18,07:02:59,17.0,100.0,6.0,23.706,121.412
74DA38F7C260,2026-02-18,07:03:04,15.5,100.0,0.0,25.065,121.425
74DA38F20BCA,2026-02-18,07:03:06,15.0,100.0,0.0,25.079,121.58
74DA38F7C560,2026-02-18,07:03:12,14.12,100.0,0.0,25.079,121.671
74DA38F20A78,2026-02-18,07:03:22,17.87,100.0,2.0,22.904,121.124
74DA38F20D16,2026-02-18,07:03:22,16.5,100.0,24.0,25.062,121.526
74DA38F7C566,2026-02-18,07:03:28,16.12,100.0,0.0,25.051,121.448
74DA38ED04F2,2026-02-18,07:03:45,18.5,100.0,4.0,23.468,121.496
74DA38F210F6,2026-02-18,07:03:46,21.12,100.0,1.0,22.757426,121.158891
74DA38F20D4C,2026-02-18,07:03:49,19.75,100.0,1.0,22.971,121.303
74DA38F7C41E,2026-02-18,07:03:51,16.62,74.0,18.0,25.054,121.517
74DA38F20D1A,2026-02-18,07:03:58,15.87,85.0,0.0,25.078,121.541
74DA38F7C3BA,2026-02-18,07:04:00,118.87,46.0,126.0,25.174,121.441
74DA38F7C600,2026-02-18,07:04:02,20.62,58.0,8.0,25.07,121.586
74DA38F7C5E6,2026-02-18,07:04:03,16.25,100.0,12.0,25.107,121.843
74DA38F7C562,2026-02-18,07:04:06,16.12,73.0,22.0,25.021,121.418
74DA38F20D70,2026-02-18,07:04:07,17.75,100.0,0.0,23.05,121.164
74DA38F21024,2026-02-18,07:04:08,16.0,100.0,1.0,24.93,121.036
74DA38F20976,2026-02-18,07:04:13,15.5,90.0,24.0,25.127,121.746
74DA38F20F0A,2026-02-18,07:04:30,24.5,100.0,13.0,22.995,120.635
74DA38F7C39A,2026-02-18,07:04:37,15.37,100.0,0.0,25.002,121.414
74DA38F21054,2026-02-18,07:04:38,25.25,62.0,18.0,22.898,120.627
74DA38F20B88,2026-02-18,07:04:45,23.5,100.0,0.0,22.75,120.316
74DA38F7C366,2026-02-18,07:04:45,15.5,100.0,11.0,25.002,121.516
74DA38F20A30,2026-02-18,07:04:53,15.25,87.0,0.0,24.948,121.372
74DA38F20AE6,2026-02-18,07:04:58,25.37,100.0,11.0,22.63,120.348
74DA38F20E9E,2026-02-18,07:04:59,15.12,100.0,13.0,24.648,121.151
74DA38F20BE4,2026-02-18,07:05:14,14.75,100.0,35.0,24.791,120.957
74DA38F7C3DC,2026-02-18,07:05:21,14.5,100.0,24.0,25.003,121.539
74DA38F20C22,2026-02-18,07:05:29,24.37,100.0,0.0,22.729,120.357
74DA38F7C610,2026-02-18,07:05:29,17.25,79.0,20.0,25.063,121.564
74DA38ED0454,2026-02-18,07:05:32,19.12,100.0,68.0,24.053,121.599
74DA38F209B2,2026-02-18,07:05:36,22.5,100.0,0.0,22.363,120.599
74DA38F7C37C,2026-02-18,07:05:41,12.37,100.0,1.0,25.111,121.856
74DA38F7C464,2026-02-18,07:05:43,14.25,34.0,0.0,25.006,121.413
74DA38F2113E,2026-02-18,07:05:47,-4.0,0.0,3.0,22.728,120.313
74DA38F209F8,2026-02-18,07:05:59,17.5,100.0,0.0,23.157,121.4
74DA38F7C30C,2026-02-18,07:06:01,15.37,98.0,0.0,24.975,121.532
74DA38F7C47E,2026-02-18,07:06:01,16.5,100.0,30.0,25.053963,121.427681
74DA38F20DC0,2026-02-18,07:06:03,22.62,100.0,8.0,22.711,120.295
74DA38F7C3DE,2026-02-18,07:06:12,16.25,100.0,297.0,24.972,121.537
74DA38F7C3D6,2026-02-18,07:06:13,15.5,100.0,0.0,25.045,121.541
74DA38F7C570,2026-02-18,07:06:13,14.0,100.0,0.0,25.239,121.63
74DA38F20E6E,2026-02-18,07:06:15,15.12,84.0,0.0,24.41,120.902
74DA38F7C338,2026-02-18,07:06:18,18.0,91.0,17.0,25.011,121.458
74DA38F7C59C,2026-02-18,07:06:19,15.75,76.0,26.0,25.103,121.487
74DA38F20D1E,2026-02-18,07:06:22,15.87,100.0,28.0,25.048,121.573
74DA38F209EE,2026-02-18,07:06:27,20.37,100.0,0.0,23.026,121.33
74DA38F7C29C,2026-02-18,07:06:31,15.87,100.0,19.0,25.02,121.416
74DA38F7C31C,2026-02-18,07:06:31,15.5,100.0,0.0,24.93,121.372
74DA38F20B80,2026-02-18,07:06:32,23.12,100.0,39.0,22.599,120.35
74DA38F20B26,2026-02-18,07:06:34,23.37,100.0,13.0,22.783,120.247
74DA38F2104E,2026-02-18,07:06:34,23.12,98.0,25.0,23.108,120.7
74DA38F20D2E,2026-02-18,07:06:43,15.87,100.0,0.0,25.06,121.545
74DA38F7C47C,2026-02-18,07:06:44,16.0,97.0,0.0,25.055,121.455
74DA38F7C5BE,2026-02-18,07:06:44,16.12,80.0,25.0,25.092,121.523
74DA38ED05EA,2026-02-18,07:06:49,17.37,100.0,10.0,23.394,121.357
74DA38F20DE0,2026-02-18,07:06:52,28.75,89.0,0.0,22.589,120.328
74DA38F210A2,2026-02-18,07:06:56,15.87,100.0,6.0,25.12,121.466
74DA38F7C514,2026-02-18,07:06:59,15.75,98.0,20.0,25.051,121.518
74DA38F7C3B2,2026-02-18,07:07:08,19.37,67.0,7.0,24.929,121.378
74DA38F20B82,2026-02-18,07:07:15,-4.0,0.0,0.0,22.847,120.465
74DA38F21048,2026-02-18,07:07:24,22.87,100.0,14.0,22.595,120.341
74DA38F209A4,2026-02-18,07:07:27,24.87,100.0,0.0,22.702,120.572
74DA38ED06E0,2026-02-18,07:07:28,19.25,92.0,0.0,23.601,121.521
74DA38F20AAA,2026-02-18,07:07:28,14.87,100.0,8.0,24.6,120.999
74DA38F20C26,2026-02-18,07:07:40,25.0,67.0,11.0,22.676,120.342
74DA38F7C616,2026-02-18,07:07:42,15.87,100.0,0.0,25.031,121.563
74DA38F7C53C,2026-02-18,07:07:43,14.25,100.0,2.0,25.11,121.804
74DA38F7C40C,2026-02-18,07:07:47,14.87,100.0,0.0,24.995,121.52
74DA38ED0640,2026-02-18,07:07:49,16.75,100.0,3.0,23.154,121.266
74DA38F7C524,2026-02-18,07:07:55,13.87,100.0,53.0,25.002,121.552
74DA38F20BE0,2026-02-18,07:07:59,25.87,100.0,0.0,22.73,120.346
74DA38F20EB2,2026-02-18,07:08:00,14.62,100.0,14.0,24.324,120.835
74DA38F7C5A0,2026-02-18,07:08:02,15.62,90.0,0.0,25.107,121.518
74DA38F208E2,2026-02-18,07:08:04,16.0,100.0,20.0,24.688,121.766
74DA38F20DD0,2026-02-18,07:08:04,23.37,100.0,3.0,22.6080258,120.3229833
74DA38F209DE,2026-02-18,07:08:15,15.5,100.0,4.0,24.861,120.964
74DA38F207DE,2026-02-18,07:08:18,24.12,100.0,18.0,22.603,120.34
74DA38F20AA4,2026-02-18,07:08:29,26.87,83.0,25.0,22.685,120.492
74DA38F210E4,2026-02-18,07:08:29,21.5,100.0,10.0,23.24,120.696
74DA38F20D6C,2026-02-18,07:08:31,22.5,79.0,0.0,22.661,120.301
74DA38F7C5CE,2026-02-18,07:08:31,15.0,90.0,0.0,25.066,121.656
74DA38F20E34,2026-02-18,07:08:33,22.87,74.0,11.0,22.586,120.313
74DA38F7C30E,2026-02-18,07:08:33,15.37,100.0,16.0,24.949,121.382
74DA38ED0630,2026-02-18,07:08:37,18.87,100.0,0.0,23.994,121.594
74DA38F21204,2026-02-18,07:08:37,21.75,100.0,3.0,25.062,121.451
74DA38F7C4CC,2026-02-18,07:08:48,15.62,100.0,13.0,25.062,121.451
74DA38F21088,2026-02-18,07:08:52,15.37,100.0,0.0,25.068,121.588
74DA38F20902,2026-02-18,07:08:54,24.25,93.0,2.0,22.204,120.7
74DA38ED05B6,2026-02-18,07:08:58,17.25,100.0,8.0,23.43,121.348
74DA38F7C63C,2026-02-18,07:09:01,85.25,100.0,13.0,24.998,121.425
74DA38F7C4DE,2026-02-18,07:09:02,16.5,100.0,0.0,25.09,121.462
74DA38ED059C,2026-02-18,07:09:06,17.0,100.0,6.0,23.706,121.412
74DA38F20D2A,2026-02-18,07:09:11,16.37,71.0,0.0,25.048,121.573
74DA38F209A8,2026-02-18,07:09:14,-4.0,0.0,0.0,22.401,120.577
74DA38F21136,2026-02-18,07:09:25,15.25,100.0,13.0,25.119,121.505
74DA38F2118E,2026-02-18,07:09:25,15.0,100.0,48.0,26.148,119.935
74DA38F20A78,2026-02-18,07:09:29,18.0,100.0,1.0,22.904,121.124
74DA38F20D16,2026-02-18,07:09:31,16.5,100.0,24.0,25.062,121.526
74DA38F7C260,2026-02-18,07:09:36,15.5,100.0,0.0,25.065,121.425
74DA38F20BCA,2026-02-18,07:09:38,15.12,100.0,0.0,25.079,121.58
74DA38F7C560,2026-02-18,07:09:42,14.12,100.0,0.0,25.079,121.671
74DA38F210F6,2026-02-18,07:09:51,21.12,100.0,1.0,22.757426,121.158891
74DA38ED04F2,2026-02-18,07:09:52,18.5,100.0,5.0,23.468,121.496
74DA38F7C566,2026-02-18,07:09:57,16.12,100.0,0.0,25.051,121.448
74DA38F7C3BA,2026-02-18,07:10:01,118.87,46.0,126.0,25.174,121.441
74DA38F7C41E,2026-02-18,07:10:02,16.5,74.0,19.0,25.054,121.517
74DA38F7C600,2026-02-18,07:10:08,20.75,58.0,8.0,25.07,121.586
74DA38F20D70,2026-02-18,07:10:13,17.87,100.0,0.0,23.05,121.164
74DA38F7C5E6,2026-02-18,07:10:13,16.25,100.0,13.0,25.107,121.843
74DA38F20D4C,2026-02-18,07:10:17,19.75,100.0,0.0,22.971,121.303
74DA38F7C562,2026-02-18,07:10:18,16.12,71.0,25.0,25.021,121.418
74DA38F20976,2026-02-18,07:10:27,15.5,89.0,26.0,25.127,121.746
74DA38F20D1A,2026-02-18,07:10:27,15.87,84.0,0.0,25.078,121.541
74DA38F21024,2026-02-18,07:10:36,16.0,100.0,0.0,24.93,121.036
74DA38F20F0A,2026-02-18,07:10:39,24.5,100.0,13.0,22.995,120.635
74DA38F21054,2026-02-18,07:10:46,25.25,62.0,19.0,22.898,120.627
74DA38F7C366,2026-02-18,07:10:55,15.25,100.0,12.0,25.002,121.516
74DA38F20AE6,2026-02-18,07:11:05,25.25,100.0,11.0,22.63,120.348
74DA38F20E9E,2026-02-18,07:11:06,15.12,100.0,12.0,24.648,121.151
74DA38F7C39A,2026-02-18,07:11:08,15.37,100.0,0.0,25.002,121.414
74DA38F20B88,2026-02-18,07:11:13,23.37,100.0,0.0,22.75,120.316
74DA38F20A30,2026-02-18,07:11:21,15.25,87.0,0.0,24.948,121.372
74DA38F20BE4,2026-02-18,07:11:27,14.87,100.0,37.0,24.791,120.957
74DA38F7C3DC,2026-02-18,07:11:29,14.62,100.0,24.0,25.003,121.539
74DA38F7C610,2026-02-18,07:11:40,17.25,79.0,20.0,25.063,121.564
74DA38F20B5C,2026-02-18,07:11:48,-4.0,0.0,19.0,22.798,120.293
74DA38ED0454,2026-02-18,07:11:51,19.12,100.0,30.0,24.053,121.599
74DA38F20BD0,2026-02-18,07:11:57,-4.0,0.0,18.0,22.688,120.408
74DA38F209B2,2026-02-18,07:12:03,22.5,100.0,0.0,22.363,120.599
74DA38F20C22,2026-02-18,07:12:05,24.25,100.0,1.0,22.729,120.357
74DA38F7C3DE,2026-02-18,07:12:08,16.12,100.0,302.0,24.972,121.537
74DA38F7C37C,2026-02-18,07:12:10,12.25,100.0,1.0,25.111,121.856
74DA38F7C464,2026-02-18,07:12:10,14.25,34.0,0.0,25.006,121.413
74DA38F7C30C,2026-02-18,07:12:12,15.5,98.0,0.0,24.975,121.532
74DA38F7C47E,2026-02-18,07:12:12,16.5,100.0,29.0,25.053963,121.427681
74DA38F20E6E,2026-02-18,07:12:16,15.12,84.0,0.0,24.41,120.902
74DA38F209F8,2026-02-18,07:12:25,17.5,100.0,0.0,23.157,121.4
74DA38F7C59C,2026-02-18,07:12:29,15.62,75.0,26.0,25.103,121.487
74DA38F20D1E,2026-02-18,07:12:31,15.87,100.0,28.0,25.048,121.573
74DA38F209EE,2026-02-18,07:12:33,20.37,100.0,0.0,23.026,121.33
74DA38F20DC0,2026-02-18,07:12:34,22.62,100.0,8.0,22.711,120.295
74DA38F7C29C,2026-02-18,07:12:39,16.0,100.0,19.0,25.02,121.416
74DA38F7C3D6,2026-02-18,07:12:40,15.75,100.0,0.0,25.045,121.541
74DA38F7C570,2026-02-18,07:12:41,14.0,100.0,0.0,25.239,121.63
74DA38F20B26,2026-02-18,07:12:42,23.37,100.0,13.0,22.783,120.247
74DA38F2104E,2026-02-18,07:12:44,23.0,99.0,25.0,23.108,120.7
74DA38F7C47C,2026-02-18,07:12:54,15.62,99.0,0.0,25.055,121.455
74DA38ED05EA,2026-02-18,07:12:55,17.37,100.0,10.0,23.394,121.357
74DA38F210A2,2026-02-18,07:13:02,15.87,100.0,6.0,25.12,121.466
74DA38F2113E,2026-02-18,07:13:03,-4.0,0.0,3.0,22.728,120.313
74DA38F7C31C,2026-02-18,07:13:03,15.37,100.0,0.0,24.93,121.372
74DA38F20B80,2026-02-18,07:13:08,23.12,100.0,28.0,22.599,120.35
74DA38F20D2E,2026-02-18,07:13:10,15.87,100.0,0.0,25.06,121.545
74DA38F7C514,2026-02-18,07:13:10,15.87,98.0,20.0,25.051,121.518
74DA38F7C3B2,2026-02-18,07:13:15,19.37,67.0,8.0,24.929,121.378
74DA38F20DE0,2026-02-18,07:13:20,27.62,89.0,0.0,22.589,120.328
74DA38F20AAA,2026-02-18,07:13:34,14.87,100.0,8.0,24.6,120.999
74DA38ED06E0,2026-02-18,07:13:42,19.12,92.0,0.0,23.601,121.521
74DA38F20C26,2026-02-18,07:13:48,25.0,67.0,11.0,22.676,120.342
74DA38F21048,2026-02-18,07:13:53,22.87,100.0,13.0,22.595,120.341
74DA38F7C40C,2026-02-18,07:13:54,14.87,100.0,0.0,24.995,121.52
74DA38ED0640,2026-02-18,07:13:56,16.75,100.0,3.0,23.154,121.266
74DA38F209A4,2026-02-18,07:13:56,24.87,100.0,0.0,22.702,120.572
74DA38F20EB2,2026-02-18,07:14:07,14.5,100.0,13.0,24.324,120.835
74DA38F208E2,2026-02-18,07:14:12,16.12,100.0,20.0,24.688,121.766
74DA38F7C53C,2026-02-18,07:14:14,14.25,100.0,1.0,25.11,121.804
74DA38F207DE,2026-02-18,07:14:24,24.12,100.0,19.0,22.603,120.34
74DA38F20BE0,2026-02-18,07:14:27,25.75,100.0,0.0,22.73,120.346
74DA38F7C524,2026-02-18,07:14:31,13.75,100.0,54.0,25.002,121.552
74DA38F7C5A0,2026-02-18,07:14:31,15.62,90.0,0.0,25.107,121.518
74DA38F20DD0,2026-02-18,07:14:35,23.75,100.0,2.0,22.6080258,120.3229833
74DA38F20AA4,2026-02-18,07:14:37,26.75,83.0,24.0,22.685,120.492
74DA38F210E4,2026-02-18,07:14:37,21.62,100.0,10.0,23.24,120.696
74DA38F20E34,2026-02-18,07:14:40,23.0,74.0,10.0,22.586,120.313
74DA38F21204,2026-02-18,07:14:43,21.75,100.0,2.0,25.062,121.451
74DA38F209DE,2026-02-18,07:14:44,15.37,100.0,4.0,24.861,120.964
74DA38F7C30E,2026-02-18,07:14:48,15.37,100.0,17.0,24.949,121.382
74DA38F7C4CC,2026-02-18,07:14:54,15.75,100.0,12.0,25.062,121.451
74DA38F20D6C,2026-02-18,07:14:57,22.5,79.0,0.0,22.661,120.301
74DA38F7C5CE,2026-02-18,07:14:58,15.0,89.0,0.0,25.066,121.656
74DA38F20902,2026-02-18,07:14:59,24.12,93.0,2.0,22.204,120.7
74DA38ED05B6,2026-02-18,07:15:05,17.12,100.0,7.0,23.43,121.348
74DA38ED0630,2026-02-18,07:15:06,18.87,100.0,0.0,23.994,121.594
74DA38F7C63C,2026-02-18,07:15:10,85.25,100.0,13.0,24.998,121.425
74DA38ED059C,2026-02-18,07:15:13,16.87,100.0,6.0,23.706,121.412
74DA38F21088,2026-02-18,07:15:21,15.37,100.0,0.0,25.068,121.588
74DA38F21136,2026-02-18,07:15:32,15.25,100.0,14.0,25.119,121.505
74DA38F20A78,2026-02-18,07:15:36,18.0,100.0,2.0,22.904,121.124
74DA38F20D16,2026-02-18,07:15:38,16.5,100.0,24.0,25.062,121.526
74DA38F20D2A,2026-02-18,07:15:43,16.37,71.0,0.0,25.048,121.573
74DA38F210F6,2026-02-18,07:15:57,21.12,100.0,1.0,22.757426,121.158891
74DA38ED04F2,2026-02-18,07:16:01,18.5,100.0,6.0,23.468,121.496
74DA38F2118E,2026-02-18,07:16:01,14.75,100.0,50.0,26.148,119.935
74DA38F7C3BA,2026-02-18,07:16:02,118.87,46.0,123.0,25.174,121.441
74DA38F7C260,2026-02-18,07:16:06,15.5,100.0,0.0,25.065,121.425
74DA38F20BCA,2026-02-18,07:16:07,15.0,99.0,0.0,25.079,121.58
74DA38F7C560,2026-02-18,07:16:11,14.0,100.0,0.0,25.079,121.671
74DA38F7C41E,2026-02-18,07:16:12,16.5,74.0,18.0,25.054,121.517
74DA38F7C600,2026-02-18,07:16:14,20.75,58.0,9.0,25.07,121.586
74DA38F20D70,2026-02-18,07:16:19,18.0,100.0,0.0,23.05,121.164
74DA38F7C5E6,2026-02-18,07:16:24,16.12,100.0,13.0,25.107,121.843
74DA38F7C566,2026-02-18,07:16:25,15.87,100.0,0.0,25.051,121.448
74DA38F7C562,2026-02-18,07:16:26,15.87,55.0,23.0,25.021,121.418
74DA38F20976,2026-02-18,07:16:37,15.5,89.0,25.0,25.127,121.746
74DA38F20D4C,2026-02-18,07:16:44,19.87,100.0,0.0,22.971,121.303
74DA38F20F0A,2026-02-18,07:16:46,24.62,100.0,13.0,22.995,120.635
74DA38F20B82,2026-02-18,07:16:47,-4.0,0.0,1.0,22.847,120.465
74DA38F21054,2026-02-18,07:16:53,25.25,62.0,19.0,22.898,120.627
74DA38F20D1A,2026-02-18,07:16:57,15.75,85.0,0.0,25.078,121.541
74DA38F7C366,2026-02-18,07:17:03,15.25,100.0,12.0,25.002,121.516
74DA38F21024,2026-02-18,07:17:06,15.87,100.0,0.0,24.93,121.036
74DA38F20AE6,2026-02-18,07:17:12,25.37,100.0,11.0,22.63,120.348
74DA38F20E9E,2026-02-18,07:17:16,15.12,100.0,13.0,24.648,121.151
74DA38F7C39A,2026-02-18,07:17:36,15.37,100.0,0.0,25.002,121.414
74DA38F7C3DC,2026-02-18,07:17:36,14.75,100.0,24.0,25.003,121.539
74DA38F20BE4,2026-02-18,07:17:37,14.75,100.0,37.0,24.791,120.957
74DA38F20B88,2026-02-18,07:17:41,23.25,100.0,0.0,22.75,120.316
74DA38F20A30,2026-02-18,07:17:49,15.37,87.0,0.0,24.948,121.372
74DA38F7C610,2026-02-18,07:17:50,17.37,79.0,19.0,25.063,121.564
74DA38F7C3DE,2026-02-18,07:18:04,16.12,100.0,298.0,24.972,121.537
74DA38F20E6E,2026-02-18,07:18:17,15.12,84.0,0.0,24.41,120.902
74DA38F7C30C,2026-02-18,07:18:22,15.37,98.0,0.0,24.975,121.532
74DA38F7C47E,2026-02-18,07:18:26,16.37,100.0,30.0,25.053963,121.427681
74DA38F209B2,2026-02-18,07:18:29,22.62,100.0,0.0,22.363,120.599
74DA38F20C22,2026-02-18,07:18:32,24.37,100.0,0.0,22.729,120.357
74DA38F7C59C,2026-02-18,07:18:36,15.5,76.0,26.0,25.103,121.487
74DA38F7C37C,2026-02-18,07:18:39,12.25,100.0,1.0,25.111,121.856
74DA38F7C464,2026-02-18,07:18:42,14.25,34.0,0.0,25.006,121.413
74DA38F209EE,2026-02-18,07:18:43,20.37,100.0,0.0,23.026,121.33
74DA38F20D1E,2026-02-18,07:18:43,15.75,100.0,29.0,25.048,121.573
74DA38F7C29C,2026-02-18,07:18:48,16.12,100.0,20.0,25.02,121.416
74DA38F2104E,2026-02-18,07:18:52,23.0,99.0,24.0,23.108,120.7
74DA38F209A8,2026-02-18,07:18:54,-4.0,0.0,0.0,22.401,120.577
74DA38F209F8,2026-02-18,07:18:54,17.5,100.0,0.0,23.157,121.4
74DA38F20B26,2026-02-18,07:18:59,23.37,100.0,13.0,22.783,120.247
74DA38ED05EA,2026-02-18,07:19:02,17.37,100.0,11.0,23.394,121.357
74DA38F20DC0,2026-02-18,07:19:03,22.62,100.0,8.0,22.711,120.295
74DA38F7C47C,2026-02-18,07:19:03,15.87,99.0,0.0,25.055,121.455
74DA38F7C3D6,2026-02-18,07:19:08,16.0,100.0,0.0,25.045,121.541
74DA38F7C5BE,2026-02-18,07:19:08,16.0,80.0,25.0,25.092,121.523
74DA38F210A2,2026-02-18,07:19:09,15.87,100.0,6.0,25.12,121.466
74DA38F7C570,2026-02-18,07:19:10,13.87,100.0,0.0,25.239,121.63
74DA38F7C514,2026-02-18,07:19:19,15.87,98.0,21.0,25.051,121.518
74DA38F7C3B2,2026-02-18,07:19:23,19.37,67.0,8.0,24.929,121.378
74DA38F7C31C,2026-02-18,07:19:31,15.37,100.0,0.0,24.93,121.372
74DA38F20B80,2026-02-18,07:19:39,23.0,100.0,24.0,22.599,120.35
74DA38F20D2E,2026-02-18,07:19:40,15.75,100.0,0.0,25.06,121.545
74DA38F20AAA,2026-02-18,07:19:41,14.87,100.0,8.0,24.6,120.999
74DA38F20DE0,2026-02-18,07:19:49,26.87,92.0,0.0,22.589,120.328
74DA38ED06E0,2026-02-18,07:19:51,19.12,92.0,0.0,23.601,121.521
74DA38F20C26,2026-02-18,07:20:01,24.75,67.0,13.0,22.676,120.342
74DA38ED0640,2026-02-18,07:20:02,16.62,100.0,3.0,23.154,121.266
74DA38F7C40C,2026-02-18,07:20:02,15.0,100.0,0.0,24.995,121.52
74DA38F20EB2,2026-02-18,07:20:14,14.12,100.0,14.0,24.324,120.835
74DA38F208E2,2026-02-18,07:20:19,16.37,100.0,20.0,24.688,121.766
74DA38F2113E,2026-02-18,07:20:19,-4.0,0.0,4.0,22.728,120.313
74DA38F21048,2026-02-18,07:20:21,22.75,100.0,11.0,22.595,120.341
74DA38F209A4,2026-02-18,07:20:24,24.62,100.0,0.0,22.702,120.572
74DA38F207DE,2026-02-18,07:20:30,24.12,100.0,18.0,22.603,120.34
74DA38F7C53C,2026-02-18,07:20:43,14.25,100.0,0.0,25.11,121.804
74DA38F20AA4,2026-02-18,07:20:45,26.75,83.0,24.0,22.685,120.492
74DA38F20E34,2026-02-18,07:20:47,23.12,74.0,11.0,22.586,120.313
74DA38F21204,2026-02-18,07:20:49,21.75,100.0,2.0,25.062,121.451
74DA38F210E4,2026-02-18,07:20:50,21.62,100.0,10.0,23.24,120.696
74DA38F7C616,2026-02-18,07:20:51,15.75,100.0,0.0,25.031,121.563
74DA38F20BE0,2026-02-18,07:20:54,25.87,100.0,0.0,22.73,120.346
74DA38F7C30E,2026-02-18,07:20:57,15.37,100.0,17.0,24.949,121.382
74DA38F7C5A0,2026-02-18,07:21:00,15.62,90.0,1.0,25.107,121.518
74DA38F7C4CC,2026-02-18,07:21:02,15.62,100.0,13.0,25.062,121.451
74DA38F20902,2026-02-18,07:21:05,24.12,93.0,2.0,22.204,120.7
74DA38F20DD0,2026-02-18,07:21:06,23.62,100.0,3.0,22.6080258,120.3229833
74DA38F7C524,2026-02-18,07:21:07,13.75,100.0,54.0,25.002,121.552
74DA38ED05B6,2026-02-18,07:21:11,17.25,100.0,9.0,23.43,121.348
74DA38F209DE,2026-02-18,07:21:14,15.5,100.0,4.0,24.861,120.964
74DA38F7C63C,2026-02-18,07:21:17,85.25,100.0,13.0,24.998,121.425
74DA38ED059C,2026-02-18,07:21:20,17.0,100.0,6.0,23.706,121.412
74DA38F20B5C,2026-02-18,07:21:20,-4.0,0.0,18.0,22.798,120.293
74DA38F20D6C,2026-02-18,07:21:25,22.62,79.0,0.0,22.661,120.301
74DA38F7C5CE,2026-02-18,07:21:26,15.0,89.0,0.0,25.066,121.656
74DA38ED0630,2026-02-18,07:21:35,19.12,100.0,0.0,23.994,121.594
74DA38F21136,2026-02-18,07:21:38,15.25,100.0,14.0,25.119,121.505
74DA38F20A78,2026-02-18,07:21:43,18.0,100.0,2.0,22.904,121.124
74DA38F7C4DE,2026-02-18,07:21:44,16.75,100.0,0.0,25.09,121.462
74DA38F20D16,2026-02-18,07:21:48,16.37,100.0,25.0,25.062,121.526
74DA38F21088,2026-02-18,07:21:49,15.37,100.0,0.0,25.068,121.588
74DA38F210F6,2026-02-18,07:22:02,21.12,100.0,1.0,22.757426,121.158891
74DA38F7C3BA,2026-02-18,07:22:05,118.87,46.0,125.0,25.174,121.441
74DA38ED04F2,2026-02-18,07:22:08,18.5,100.0,5.0,23.468,121.496
74DA38F20D2A,2026-02-18,07:22:13,16.25,71.0,0.0,25.048,121.573
74DA38F7C600,2026-02-18,07:22:19,20.87,58.0,9.0,25.07,121.586
74DA38F7C41E,2026-02-18,07:22:21,16.5,74.0,18.0,25.054,121.517
74DA38F20BD0,2026-02-18,07:22:23,-4.0,0.0,15.0,22.688,120.408
74DA38F20D70,2026-02-18,07:22:24,17.87,100.0,0.0,23.05,121.164
74DA38F20BCA,2026-02-18,07:22:36,15.12,100.0,0.0,25.079,121.58
74DA38F2118E,2026-02-18,07:22:36,14.75,100.0,48.0,26.148,119.935
74DA38F7C260,2026-02-18,07:22:36,15.37,100.0,0.0,25.065,121.425
74DA38F7C562,2026-02-18,07:22:40,15.75,73.0,23.0,25.021,121.418
74DA38F7C560,2026-02-18,07:22:41,14.0,100.0,0.0,25.079,121.671
74DA38F20976,2026-02-18,07:22:43,15.5,88.0,24.0,25.127,121.746
74DA38F20F0A,2026-02-18,07:22:51,24.62,100.0,13.0,22.995,120.635
74DA38F7C566,2026-02-18,07:22:52,16.0,100.0,0.0,25.051,121.448
74DA38F21054,2026-02-18,07:22:59,25.25,62.0,17.0,22.898,120.627
74DA38F20D4C,2026-02-18,07:23:12,19.75,100.0,0.0,22.971,121.303
74DA38F7C366,2026-02-18,07:23:12,15.37,100.0,12.0,25.002,121.516
74DA38F20AE6,2026-02-18,07:23:18,25.37,100.0,11.0,22.63,120.348
74DA38F20E9E,2026-02-18,07:23:22,15.12,100.0,12.0,24.648,121.151
74DA38F20D1A,2026-02-18,07:23:26,15.75,85.0,0.0,25.078,121.541
74DA38F21024,2026-02-18,07:23:33,15.87,100.0,0.0,24.93,121.036
74DA38F7C3DC,2026-02-18,07:23:44,14.62,100.0,26.0,25.003,121.539
74DA38F20BE4,2026-02-18,07:23:49,14.5,100.0,37.0,24.791,120.957
74DA38F7C610,2026-02-18,07:23:57,17.25,78.0,20.0,25.063,121.564
74DA38F7C3DE,2026-02-18,07:23:58,16.12,100.0,303.0,24.972,121.537
74DA38F7C39A,2026-02-18,07:24:05,15.37,100.0,0.0,25.002,121.414
74DA38F20B88,2026-02-18,07:24:10,23.25,100.0,0.0,22.75,120.316
74DA38F20E6E,2026-02-18,07:24:19,15.0,84.0,0.0,24.41,120.902
74DA38F20A30,2026-02-18,07:24:23,15.25,87.0,0.0,24.948,121.372
74DA38F7C30C,2026-02-18,07:24:33,15.5,98.0,0.0,24.975,121.532
74DA38F7C47E,2026-02-18,07:24:36,16.37,100.0,29.0,25.053963,121.427681
74DA38ED0454,2026-02-18,07:24:43,19.37,100.0,37.0,24.053,121.599
74DA38F7C59C,2026-02-18,07:24:44,15.5,76.0,27.0,25.103,121.487
74DA38F209EE,2026-02-18,07:24:49,20.5,100.0,0.0,23.026,121.33
74DA38F20D1E,2026-02-18,07:24:56,16.0,100.0,29.0,25.048,121.573
74DA38F209B2,2026-02-18,07:24:57,22.62,100.0,0.0,22.363,120.599
74DA38F7C29C,2026-02-18,07:24:57,16.0,100.0,20.0,25.02,121.416
74DA38F2104E,2026-02-18,07:24:59,22.87,99.0,22.0,23.108,120.7
74DA38F20C22,2026-02-18,07:25:00,24.5,100.0,1.0,22.729,120.357
74DA38F7C37C,2026-02-18,07:25:06,12.25,100.0,0.0,25.111,121.856
74DA38ED05EA,2026-02-18,07:25:08,17.37,100.0,9.0,23.394,121.357
74DA38F20B26,2026-02-18,07:25:09,23.25,100.0,13.0,22.783,120.247
74DA38F7C47C,2026-02-18,07:25:11,16.0,98.0,0.0,25.055,121.455
74DA38F210A2,2026-02-18,07:25:15,15.87,100.0,6.0,25.12,121.466
74DA38F7C464,2026-02-18,07:25:16,14.12,34.0,0.0,25.006,121.413
74DA38F7C5BE,2026-02-18,07:25:21,15.87,80.0,26.0,25.092,121.523
74DA38F209F8,2026-02-18,07:25:23,17.37,100.0,0.0,23.157,121.4
74DA38F7C514,2026-02-18,07:25:29,15.87,98.0,21.0,25.051,121.518
74DA38F20DC0,2026-02-18,07:25:31,22.5,100.0,9.0,22.711,120.295
74DA38F7C3B2,2026-02-18,07:25:31,19.37,67.0,8.0,24.929,121.378
74DA38F7C3D6,2026-02-18,07:25:35,16.12,100.0,0.0,25.045,121.541
74DA38F7C570,2026-02-18,07:25:37,14.0,100.0,0.0,25.239,121.63
74DA38F7C338,2026-02-18,07:25:47,18.0,91.0,17.0,25.011,121.458
74DA38F20AAA,2026-02-18,07:25:49,15.0,100.0,8.0,24.6,120.999
74DA38F7C31C,2026-02-18,07:26:00,15.37,100.0,0.0,24.93,121.372
74DA38ED06E0,2026-02-18,07:26:02,19.12,93.0,0.0,23.601,121.521
74DA38F20B80,2026-02-18,07:26:07,23.12,100.0,0.0,22.599,120.35
74DA38F20D2E,2026-02-18,07:26:08,15.75,100.0,0.0,25.06,121.545
74DA38F7C40C,2026-02-18,07:26:08,15.0,100.0,0.0,24.995,121.52
74DA38ED0640,2026-02-18,07:26:10,16.75,100.0,3.0,23.154,121.266
74DA38F20C26,2026-02-18,07:26:17,24.75,68.0,13.0,22.676,120.342
74DA38F20DE0,2026-02-18,07:26:17,27.12,92.0,1.0,22.589,120.328
74DA38F20EB2,2026-02-18,07:26:19,14.0,100.0,14.0,24.324,120.835
74DA38F20B82,2026-02-18,07:26:20,-4.0,0.0,0.0,22.847,120.465
74DA38F208E2,2026-02-18,07:26:25,16.37,100.0,19.0,24.688,121.766
74DA38F207DE,2026-02-18,07:26:37,24.12,100.0,18.0,22.603,120.34
74DA38F21048,2026-02-18,07:26:50,22.62,100.0,14.0,22.595,120.341
74DA38F209A4,2026-02-18,07:26:52,24.5,100.0,0.0,22.702,120.572
74DA38F20AA4,2026-02-18,07:26:52,26.75,83.0,25.0,22.685,120.492
74DA38F20E34,2026-02-18,07:26:55,23.25,74.0,12.0,22.586,120.313
74DA38F21204,2026-02-18,07:26:56,21.75,100.0,1.0,25.062,121.451
74DA38F7C616,2026-02-18,07:26:58,15.75,100.0,0.0,25.031,121.563
74DA38F210E4,2026-02-18,07:26:59,21.5,100.0,10.0,23.24,120.696
74DA38F7C30E,2026-02-18,07:27:05,15.37,100.0,18.0,24.949,121.382
74DA38F7C4CC,2026-02-18,07:27:09,15.75,100.0,13.0,25.062,121.451
74DA38F20902,2026-02-18,07:27:11,24.12,93.0,2.0,22.204,120.7
74DA38F7C53C,2026-02-18,07:27:11,14.25,100.0,0.0,25.11,121.804
74DA38ED05B6,2026-02-18,07:27:17,17.25,100.0,9.0,23.43,121.348
74DA38F20BE0,2026-02-18,07:27:22,25.75,100.0,0.0,22.73,120.346
74DA38F7C63C,2026-02-18,07:27:25,85.25,100.0,13.0,24.998,121.425
74DA38ED059C,2026-02-18,07:27:28,17.12,100.0,6.0,23.706,121.412
74DA38F7C5A0,2026-02-18,07:27:29,15.5,90.0,0.0,25.107,121.518
74DA38F20DD0,2026-02-18,07:27:34,23.5,100.0,1.0,22.6080258,120.3229833
74DA38F2113E,2026-02-18,07:27:37,-4.0,0.0,3.0,22.728,120.313
74DA38F209DE,2026-02-18,07:27:43,15.37,100.0,5.0,24.861,120.964
74DA38F7C524,2026-02-18,07:27:43,13.62,100.0,55.0,25.002,121.552
74DA38F21136,2026-02-18,07:27:46,15.12,100.0,14.0,25.119,121.505
74DA38F20A78,2026-02-18,07:27:50,18.12,100.0,2.0,22.904,121.124
74DA38F20D6C,2026-02-18,07:27:53,22.5,79.0,0.0,22.661,120.301
74DA38F20D16,2026-02-18,07:27:56,16.25,100.0,25.0,25.062,121.526
74DA38F7C5CE,2026-02-18,07:27:56,15.0,89.0,0.0,25.066,121.656
74DA38F7C4DE,2026-02-18,07:27:57,16.75,100.0,0.0,25.09,121.462
74DA38ED0630,2026-02-18,07:28:04,19.12,100.0,0.0,23.994,121.594
74DA38F7C3BA,2026-02-18,07:28:06,118.87,46.0,121.0,25.174,121.441
74DA38F210F6,2026-02-18,07:28:07,21.25,100.0,1.0,22.757426,121.158891
74DA38ED04F2,2026-02-18,07:28:17,18.37,100.0,11.0,23.468,121.496
74DA38F21088,2026-02-18,07:28:18,15.37,100.0,0.0,25.068,121.588
74DA38F7C600,2026-02-18,07:28:25,21.0,57.0,9.0,25.07,121.586
74DA38F20D70,2026-02-18,07:28:30,18.0,100.0,0.0,23.05,121.164
74DA38F7C41E,2026-02-18,07:28:30,16.37,75.0,18.0,25.054,121.517
74DA38F209A8,2026-02-18,07:28:31,-4.0,0.0,0.0,22.401,120.577
74DA38F20D2A,2026-02-18,07:28:43,16.12,70.0,0.0,25.048,121.573
74DA38F7C562,2026-02-18,07:28:50,15.87,76.0,24.0,25.021,121.418
74DA38F20976,2026-02-18,07:28:52,15.37,89.0,24.0,25.127,121.746
74DA38F20F0A,2026-02-18,07:28:58,24.5,100.0,14.0,22.995,120.635
74DA38F20BCA,2026-02-18,07:29:05,15.37,99.0,0.0,25.079,121.58
74DA38F21054,2026-02-18,07:29:05,25.25,62.0,19.0,22.898,120.627
74DA38F7C260,2026-02-18,07:29:06,15.37,100.0,0.0,25.065,121.425
74DA38F7C560,2026-02-18,07:29:10,14.0,100.0,0.0,25.079,121.671
74DA38F2118E,2026-02-18,07:29:11,14.75,100.0,48.0,26.148,119.935
74DA38F7C366,2026-02-18,07:29:20,15.25,100.0,12.0,25.002,121.516
74DA38F7C566,2026-02-18,07:29:20,16.25,100.0,0.0,25.051,121.448
74DA38F7C5E6,2026-02-18,07:29:24,16.25,100.0,13.0,25.107,121.843
74DA38F20AE6,2026-02-18,07:29:26,25.25,100.0,11.0,22.63,120.348
74DA38F20E9E,2026-02-18,07:29:30,15.12,100.0,12.0,24.648,121.151
74DA38F20D4C,2026-02-18,07:29:41,19.75,100.0,0.0,22.971,121.303
74DA38F7C3DC,2026-02-18,07:29:53,14.5,100.0,25.0,25.003,121.539
74DA38F7C3DE,2026-02-18,07:29:54,16.0,100.0,292.0,24.972,121.537
74DA38F20D1A,2026-02-18,07:29:55,15.62,85.0,0.0,25.078,121.541
74DA38F20BE4,2026-02-18,07:30:01,14.37,100.0,37.0,24.791,120.957
74DA38F21024,2026-02-18,07:30:01,16.0,100.0,0.0,24.93,121.036
74DA38F7C610,2026-02-18,07:30:06,17.37,79.0,19.0,25.063,121.564
74DA38F20E6E,2026-02-18,07:30:20,15.0,84.0,0.0,24.41,120.902
74DA38F7C39A,2026-02-18,07:30:35,15.37,100.0,0.0,25.002,121.414
74DA38F20B88,2026-02-18,07:30:36,23.37,100.0,0.0,22.75,120.316
74DA38F7C30C,2026-02-18,07:30:42,15.5,98.0,0.0,24.975,121.532
74DA38F7C47E,2026-02-18,07:30:46,16.37,100.0,28.0,25.053963,121.427681
74DA38ED0454,2026-02-18,07:30:50,19.5,100.0,25.0,24.053,121.599
74DA38F20B5C,2026-02-18,07:30:51,-4.0,0.0,19.0,22.798,120.293
74DA38F7C59C,2026-02-18,07:30:53,15.5,76.0,28.0,25.103,121.487
74DA38F209EE,2026-02-18,07:30:54,20.37,100.0,0.0,23.026,121.33
74DA38F20A30,2026-02-18,07:30:54,15.25,87.0,0.0,24.948,121.372
74DA38F7C29C,2026-02-18,07:31:05,16.12,100.0,21.0,25.02,121.416
74DA38F20D1E,2026-02-18,07:31:07,16.0,100.0,29.0,25.048,121.573
74DA38ED05EA,2026-02-18,07:31:15,17.5,100.0,9.0,23.394,121.357
74DA38F20B26,2026-02-18,07:31:17,23.25,100.0,14.0,22.783,120.247
74DA38F7C47C,2026-02-18,07:31:19,16.0,97.0,0.0,25.055,121.455
74DA38F210A2,2026-02-18,07:31:21,15.87,100.0,6.0,25.12,121.466
74DA38F209B2,2026-02-18,07:31:24,22.5,100.0,0.0,22.363,120.599
74DA38F20C22,2026-02-18,07:31:29,24.62,100.0,0.0,22.729,120.357
74DA38F7C5BE,2026-02-18,07:31:34,15.75,80.0,27.0,25.092,121.523
74DA38F7C37C,2026-02-18,07:31:36,12.25,100.0,0.0,25.111,121.856
74DA38F7C3B2,2026-02-18,07:31:38,19.37,67.0,8.0,24.929,121.378
74DA38F7C514,2026-02-18,07:31:38,15.87,98.0,21.0,25.051,121.518
74DA38F7C464,2026-02-18,07:31:46,14.25,34.0,0.0,25.006,121.413
74DA38F209F8,2026-02-18,07:31:51,17.5,100.0,0.0,23.157,121.4
74DA38F20AAA,2026-02-18,07:31:56,14.87,100.0,9.0,24.6,120.999
74DA38F7C3D6,2026-02-18,07:32:04,15.87,100.0,0.0,25.045,121.541
74DA38F20DC0,2026-02-18,07:32:06,22.5,100.0,8.0,22.711,120.295
74DA38F7C570,2026-02-18,07:32:06,14.0,100.0,0.0,25.239,121.63
74DA38ED06E0,2026-02-18,07:32:10,19.12,93.0,0.0,23.601,121.521
74DA38F7C40C,2026-02-18,07:32:15,14.87,100.0,0.0,24.995,121.52
74DA38F7C338,2026-02-18,07:32:16,18.0,91.0,17.0,25.011,121.458
74DA38ED0640,2026-02-18,07:32:20,16.75,100.0,3.0,23.154,121.266
74DA38F20C26,2026-02-18,07:32:24,24.62,68.0,12.0,22.676,120.342
74DA38F20EB2,2026-02-18,07:32:27,13.75,100.0,14.0,24.324,120.835
74DA38F7C31C,2026-02-18,07:32:30,15.25,100.0,0.0,24.93,121.372
74DA38F208E2,2026-02-18,07:32:32,16.37,100.0,19.0,24.688,121.766
74DA38F20B80,2026-02-18,07:32:36,23.12,100.0,0.0,22.599,120.35
74DA38F20D2E,2026-02-18,07:32:37,15.87,100.0,0.0,25.06,121.545
74DA38F207DE,2026-02-18,07:32:42,24.12,100.0,18.0,22.603,120.34
74DA38F20DE0,2026-02-18,07:32:46,27.25,91.0,1.0,22.589,120.328
74DA38F20BD0,2026-02-18,07:32:50,-4.0,0.0,15.0,22.688,120.408
74DA38F20AA4,2026-02-18,07:32:58,26.75,83.0,23.0,22.685,120.492
74DA38F21204,2026-02-18,07:33:02,21.62,100.0,1.0,25.062,121.451
74DA38F20E34,2026-02-18,07:33:04,23.12,73.0,13.0,22.586,120.313
74DA38F210E4,2026-02-18,07:33:07,21.62,100.0,10.0,23.24,120.696
74DA38F7C616,2026-02-18,07:33:08,15.75,100.0,0.0,25.031,121.563
74DA38F7C30E,2026-02-18,07:33:12,15.37,100.0,19.0,24.949,121.382
74DA38F20902,2026-02-18,07:33:17,24.0,93.0,2.0,22.204,120.7
74DA38F7C4CC,2026-02-18,07:33:17,15.5,100.0,14.0,25.062,121.451
74DA38F21048,2026-02-18,07:33:20,22.5,100.0,14.0,22.595,120.341
74DA38ED05B6,2026-02-18,07:33:22,17.12,100.0,9.0,23.43,121.348
74DA38F209A4,2026-02-18,07:33:28,24.37,100.0,0.0,22.702,120.572
74DA38F7C63C,2026-02-18,07:33:33,85.25,100.0,14.0,24.998,121.425
74DA38ED059C,2026-02-18,07:33:35,17.0,100.0,7.0,23.706,121.412
74DA38F7C53C,2026-02-18,07:33:39,14.25,100.0,0.0,25.11,121.804
74DA38F20BE0,2026-02-18,07:33:51,26.0,100.0,0.0,22.73,120.346
74DA38F21136,2026-02-18,07:33:54,15.12,100.0,14.0,25.119,121.505
74DA38F20A78,2026-02-18,07:33:56,18.12,100.0,2.0,22.904,121.124
74DA38F7C5A0,2026-02-18,07:33:58,15.62,90.0,0.0,25.107,121.518
74DA38F20DD0,2026-02-18,07:34:03,23.62,100.0,1.0,22.6080258,120.3229833
74DA38F7C3BA,2026-02-18,07:34:05,118.87,46.0,121.0,25.174,121.441
74DA38F20D16,2026-02-18,07:34:06,16.25,100.0,25.0,25.062,121.526
74DA38F209DE,2026-02-18,07:34:12,15.5,100.0,3.0,24.861,120.964
74DA38F210F6,2026-02-18,07:34:12,21.25,100.0,1.0,22.757426,121.158891
74DA38F7C524,2026-02-18,07:34:17,13.75,100.0,53.0,25.002,121.552
74DA38F20D6C,2026-02-18,07:34:21,22.62,79.0,0.0,22.661,120.301
74DA38F7C5CE,2026-02-18,07:34:23,15.12,89.0,0.0,25.066,121.656
74DA38ED04F2,2026-02-18,07:34:24,18.25,100.0,9.0,23.468,121.496
74DA38F7C600,2026-02-18,07:34:31,21.12,57.0,9.0,25.07,121.586
74DA38ED0630,2026-02-18,07:34:33,19.0,100.0,0.0,23.994,121.594
74DA38F20D70,2026-02-18,07:34:35,17.87,100.0,0.0,23.05,121.164
74DA38F7C41E,2026-02-18,07:34:39,16.37,74.0,19.0,25.054,121.517
74DA38F21088,2026-02-18,07:34:47,15.37,100.0,0.0,25.068,121.588
74DA38F2113E,2026-02-18,07:34:58,-4.0,0.0,6.0,22.728,120.313
74DA38F7C562,2026-02-18,07:34:59,15.75,66.0,24.0,25.021,121.418
74DA38F20976,2026-02-18,07:35:00,15.37,89.0,24.0,25.127,121.746
74DA38F20F0A,2026-02-18,07:35:04,24.5,100.0,13.0,22.995,120.635
74DA38F21054,2026-02-18,07:35:12,25.25,62.0,18.0,22.898,120.627
74DA38F20D2A,2026-02-18,07:35:13,16.25,71.0,0.0,25.048,121.573
74DA38F7C366,2026-02-18,07:35:28,15.37,100.0,11.0,25.002,121.516
74DA38F20AE6,2026-02-18,07:35:32,25.37,100.0,10.0,22.63,120.348
74DA38F20E9E,2026-02-18,07:35:35,15.12,100.0,12.0,24.648,121.151
74DA38F7C560,2026-02-18,07:35:38,14.12,100.0,0.0,25.079,121.671
74DA38F20BCA,2026-02-18,07:35:39,15.25,99.0,0.0,25.079,121.58
74DA38F2118E,2026-02-18,07:35:42,14.5,100.0,47.0,26.148,119.935
74DA38F7C260,2026-02-18,07:35:44,15.37,100.0,0.0,25.065,121.425
74DA38F7C566,2026-02-18,07:35:49,16.37,100.0,0.0,25.051,121.448
74DA38F7C3DE,2026-02-18,07:35:50,15.87,100.0,302.0,24.972,121.537
74DA38F20B82,2026-02-18,07:35:53,-4.0,0.0,0.0,22.847,120.465
74DA38F7C3DC,2026-02-18,07:36:01,14.5,100.0,25.0,25.003,121.539
74DA38F20D4C,2026-02-18,07:36:07,19.75,100.0,0.0,22.971,121.303
74DA38F20BE4,2026-02-18,07:36:13,14.37,100.0,38.0,24.791,120.957
74DA38F7C610,2026-02-18,07:36:13,17.25,79.0,19.0,25.063,121.564
74DA38F20E6E,2026-02-18,07:36:21,15.0,84.0,0.0,24.41,120.902
74DA38F20D1A,2026-02-18,07:36:24,15.87,85.0,0.0,25.078,121.541
74DA38F21024,2026-02-18,07:36:30,15.87,100.0,0.0,24.93,121.036
74DA38F7C30C,2026-02-18,07:36:50,15.37,98.0,0.0,24.975,121.532
74DA38F7C47E,2026-02-18,07:37:00,16.25,100.0,30.0,25.053963,121.427681
74DA38F209EE,2026-02-18,07:37:01,20.37,100.0,0.0,23.026,121.33
74DA38F7C59C,2026-02-18,07:37:01,15.5,75.0,27.0,25.103,121.487
74DA38F7C39A,2026-02-18,07:37:02,15.37,100.0,0.0,25.002,121.414
74DA38F20B88,2026-02-18,07:37:05,23.25,100.0,0.0,22.75,120.316
74DA38F7C29C,2026-02-18,07:37:14,16.0,100.0,21.0,25.02,121.416
74DA38ED0454,2026-02-18,07:37:16,19.5,100.0,27.0,24.053,121.599
74DA38F20D1E,2026-02-18,07:37:17,16.0,100.0,28.0,25.048,121.573
74DA38ED05EA,2026-02-18,07:37:21,17.5,100.0,8.0,23.394,121.357
74DA38F20A30,2026-02-18,07:37:22,15.25,87.0,0.0,24.948,121.372
74DA38F210A2,2026-02-18,07:37:27,15.87,100.0,6.0,25.12,121.466
74DA38F7C47C,2026-02-18,07:37:28,16.12,97.0,0.0,25.055,121.455
74DA38F20B26,2026-02-18,07:37:37,23.25,100.0,13.0,22.783,120.247
74DA38F7C3B2,2026-02-18,07:37:45,19.25,67.0,9.0,24.929,121.378
74DA38F7C5BE,2026-02-18,07:37:45,15.87,80.0,26.0,25.092,121.523
74DA38F2104E,2026-02-18,07:37:46,22.75,99.0,24.0,23.108,120.7
74DA38F7C514,2026-02-18,07:37:49,15.75,98.0,21.0,25.051,121.518
74DA38F209B2,2026-02-18,07:37:51,22.37,100.0,0.0,22.363,120.599
74DA38F20C22,2026-02-18,07:37:56,24.5,100.0,0.0,22.729,120.357
74DA38F20AAA,2026-02-18,07:38:03,14.87,100.0,8.0,24.6,120.999
74DA38F7C37C,2026-02-18,07:38:04,12.37,100.0,0.0,25.111,121.856
74DA38F209A8,2026-02-18,07:38:08,-4.0,0.0,0.0,22.401,120.577
74DA38F7C464,2026-02-18,07:38:15,14.12,33.0,0.0,25.006,121.413
74DA38ED06E0,2026-02-18,07:38:17,19.12,93.0,0.0,23.601,121.521
74DA38F209F8,2026-02-18,07:38:19,17.5,100.0,0.0,23.157,121.4
74DA38F7C40C,2026-02-18,07:38:22,14.87,100.0,0.0,24.995,121.52
74DA38ED0640,2026-02-18,07:38:28,16.62,100.0,3.0,23.154,121.266
74DA38F7C338,2026-02-18,07:38:30,18.0,91.0,17.0,25.011,121.458
74DA38F20C26,2026-02-18,07:38:31,24.87,68.0,11.0,22.676,120.342
74DA38F7C3D6,2026-02-18,07:38:32,15.87,100.0,0.0,25.045,121.541
74DA38F20EB2,2026-02-18,07:38:34,13.62,100.0,14.0,24.324,120.835
74DA38F7C570,2026-02-18,07:38:35,14.0,100.0,0.0,25.239,121.63
74DA38F20DC0,2026-02-18,07:38:36,22.5,100.0,16.0,22.711,120.295
74DA38F208E2,2026-02-18,07:38:38,16.37,100.0,19.0,24.688,121.766
74DA38F207DE,2026-02-18,07:38:47,24.25,100.0,17.0,22.603,120.34
74DA38F7C31C,2026-02-18,07:38:59,15.25,100.0,0.0,24.93,121.372
74DA38F20B80,2026-02-18,07:39:02,23.25,100.0,0.0,22.599,120.35
74DA38F20AA4,2026-02-18,07:39:06,26.75,83.0,24.0,22.685,120.492
74DA38F20D2E,2026-02-18,07:39:06,15.75,100.0,0.0,25.06,121.545
74DA38F21204,2026-02-18,07:39:08,21.62,100.0,1.0,25.062,121.451
74DA38F20E34,2026-02-18,07:39:13,23.12,74.0,12.0,22.586,120.313
74DA38F210E4,2026-02-18,07:39:14,21.62,100.0,11.0,23.24,120.696
74DA38F20DE0,2026-02-18,07:39:16,26.87,92.0,0.0,22.589,120.328
74DA38F7C616,2026-02-18,07:39:16,15.62,100.0,0.0,25.031,121.563
74DA38F7C30E,2026-02-18,07:39:20,15.25,100.0,19.0,24.949,121.382
74DA38F20902,2026-02-18,07:39:23,23.75,93.0,2.0,22.204,120.7
74DA38F7C4CC,2026-02-18,07:39:25,15.5,100.0,14.0,25.062,121.451
74DA38ED05B6,2026-02-18,07:39:28,17.12,100.0,9.0,23.43,121.348
74DA38F7C63C,2026-02-18,07:39:41,85.25,100.0,14.0,24.998,121.425
74DA38ED059C,2026-02-18,07:39:42,17.0,100.0,6.0,23.706,121.412
74DA38F21048,2026-02-18,07:39:48,22.62,100.0,13.0,22.595,120.341
74DA38F209A4,2026-02-18,07:39:56,24.37,100.0,0.0,22.702,120.572
74DA38F20A78,2026-02-18,07:40:03,18.12,100.0,2.0,22.904,121.124
74DA38F21136,2026-02-18,07:40:03,15.12,100.0,15.0,25.119,121.505
74DA38F7C53C,2026-02-18,07:40:07,14.25,100.0,0.0,25.11,121.804
74DA38F7C3BA,2026-02-18,07:40:08,118.87,46.0,123.0,25.174,121.441
74DA38F20D16,2026-02-18,07:40:15,16.12,100.0,26.0,25.062,121.526
74DA38F210F6,2026-02-18,07:40:17,21.37,100.0,1.0,22.757426,121.158891
74DA38F20BE0,2026-02-18,07:40:18,26.0,100.0,0.0,22.73,120.346
74DA38F20B5C,2026-02-18,07:40:20,-4.0,0.0,19.0,22.798,120.293
74DA38F7C5A0,2026-02-18,07:40:28,15.75,90.0,0.0,25.107,121.518
74DA38ED04F2,2026-02-18,07:40:34,18.25,100.0,7.0,23.468,121.496
74DA38F20DD0,2026-02-18,07:40:34,23.62,100.0,1.0,22.6080258,120.3229833
74DA38F7C600,2026-02-18,07:40:36,21.12,57.0,9.0,25.07,121.586
74DA38F20D70,2026-02-18,07:40:41,17.75,100.0,0.0,23.05,121.164
74DA38F209DE,2026-02-18,07:40:42,15.5,100.0,3.0,24.861,120.964
74DA38F7C4DE,2026-02-18,07:40:42,16.75,100.0,0.0,25.09,121.462
74DA38F7C41E,2026-02-18,07:40:47,16.5,75.0,19.0,25.054,121.517
74DA38F20D6C,2026-02-18,07:40:51,22.62,79.0,0.0,22.661,120.301
74DA38F7C5CE,2026-02-18,07:40:52,15.0,89.0,0.0,25.066,121.656
74DA38F7C524,2026-02-18,07:40:53,13.62,100.0,55.0,25.002,121.552
74DA38ED0630,2026-02-18,07:41:02,19.0,100.0,0.0,23.994,121.594
74DA38F20976,2026-02-18,07:41:10,15.37,89.0,24.0,25.127,121.746
74DA38F20F0A,2026-02-18,07:41:11,24.37,100.0,15.0,22.995,120.635
74DA38F7C562,2026-02-18,07:41:14,16.12,73.0,23.0,25.021,121.418
74DA38F21088,2026-02-18,07:41:16,15.5,100.0,0.0,25.068,121.588
74DA38F21054,2026-02-18,07:41:17,25.25,62.0,18.0,22.898,120.627
74DA38F20AE6,2026-02-18,07:41:37,25.37,100.0,11.0,22.63,120.348
74DA38F7C366,2026-02-18,07:41:37,15.37,100.0,13.0,25.002,121.516
74DA38F20E9E,2026-02-18,07:41:41,15.0,100.0,11.0,24.648,121.151
74DA38F20D2A,2026-02-18,07:41:42,16.12,71.0,0.0,25.048,121.573
74DA38F7C3DE,2026-02-18,07:41:45,15.87,100.0,297.0,24.972,121.537
74DA38F20BCA,2026-02-18,07:42:07,15.12,99.0,0.0,25.079,121.58
74DA38F7C560,2026-02-18,07:42:07,14.25,100.0,0.0,25.079,121.671
74DA38F7C3DC,2026-02-18,07:42:08,14.62,100.0,24.0,25.003,121.539
74DA38F7C5E6,2026-02-18,07:42:10,16.25,100.0,13.0,25.107,121.843
74DA38F2113E,2026-02-18,07:42:15,-4.0,0.0,2.0,22.728,120.313
74DA38F2118E,2026-02-18,07:42:17,14.37,100.0,47.0,26.148,119.935
74DA38F7C566,2026-02-18,07:42:17,16.37,100.0,0.0,25.051,121.448
74DA38F7C260,2026-02-18,07:42:18,15.37,100.0,0.0,25.065,121.425
74DA38F20E6E,2026-02-18,07:42:22,15.12,84.0,0.0,24.41,120.902
74DA38F7C610,2026-02-18,07:42:23,17.37,79.0,20.0,25.063,121.564
74DA38F20BE4,2026-02-18,07:42:24,14.5,100.0,38.0,24.791,120.957
74DA38F20D4C,2026-02-18,07:42:35,19.75,100.0,0.0,22.971,121.303
74DA38F20D1A,2026-02-18,07:42:53,15.75,84.0,1.0,25.078,121.541
74DA38F21024,2026-02-18,07:42:57,15.87,100.0,0.0,24.93,121.036
74DA38F7C30C,2026-02-18,07:43:04,15.5,98.0,0.0,24.975,121.532
74DA38F209EE,2026-02-18,07:43:06,20.25,100.0,0.0,23.026,121.33
74DA38F7C59C,2026-02-18,07:43:09,15.62,75.0,27.0,25.103,121.487
74DA38F7C47E,2026-02-18,07:43:12,16.12,100.0,31.0,25.053963,121.427681
74DA38F20BD0,2026-02-18,07:43:22,-4.0,0.0,16.0,22.688,120.408
74DA38F7C29C,2026-02-18,07:43:24,16.0,100.0,20.0,25.02,121.416
74DA38F20D1E,2026-02-18,07:43:27,15.87,100.0,29.0,25.048,121.573
74DA38ED05EA,2026-02-18,07:43:29,17.5,100.0,7.0,23.394,121.357
74DA38F7C39A,2026-02-18,07:43:31,15.5,100.0,0.0,25.002,121.414
74DA38F20B88,2026-02-18,07:43:32,23.25,100.0,0.0,22.75,120.316
74DA38ED0454,2026-02-18,07:43:33,19.37,100.0,20.0,24.053,121.599
74DA38F210A2,2026-02-18,07:43:33,15.87,100.0,6.0,25.12,121.466
74DA38F7C47C,2026-02-18,07:43:36,16.25,96.0,0.0,25.055,121.455
74DA38F20B26,2026-02-18,07:43:47,23.37,100.0,14.0,22.783,120.247
74DA38F20A30,2026-02-18,07:43:51,15.12,87.0,0.0,24.948,121.372
74DA38F7C3B2,2026-02-18,07:43:51,19.25,67.0,9.0,24.929,121.378
74DA38F2104E,2026-02-18,07:43:54,22.87,99.0,24.0,23.108,120.7
74DA38F7C5BE,2026-02-18,07:43:57,16.0,80.0,26.0,25.092,121.523
74DA38F7C514,2026-02-18,07:43:58,15.62,98.0,21.0,25.051,121.518
74DA38F20AAA,2026-02-18,07:44:10,14.87,100.0,9.0,24.6,120.999
74DA38F209B2,2026-02-18,07:44:18,22.25,100.0,0.0,22.363,120.599
74DA38ED06E0,2026-02-18,07:44:24,19.12,93.0,0.0,23.601,121.521
74DA38F20C22,2026-02-18,07:44:24,24.37,100.0,0.0,22.729,120.357
74DA38F7C40C,2026-02-18,07:44:28,14.87,100.0,0.0,24.995,121.52
74DA38F7C37C,2026-02-18,07:44:33,12.75,100.0,1.0,25.111,121.856
74DA38ED0640,2026-02-18,07:44:36,16.5,100.0,3.0,23.154,121.266
74DA38F20C26,2026-02-18,07:44:39,24.87,68.0,12.0,22.676,120.342
74DA38F20EB2,2026-02-18,07:44:43,13.5,100.0,14.0,24.324,120.835
74DA38F7C464,2026-02-18,07:44:44,14.25,33.0,0.0,25.006,121.413
74DA38F208E2,2026-02-18,07:44:46,16.25,100.0,21.0,24.688,121.766
74DA38F209F8,2026-02-18,07:44:47,17.37,100.0,0.0,23.157,121.4
74DA38F207DE,2026-02-18,07:44:57,24.12,100.0,18.0,22.603,120.34
74DA38F7C3D6,2026-02-18,07:44:59,15.75,100.0,0.0,25.045,121.541
74DA38F7C570,2026-02-18,07:45:02,14.0,100.0,0.0,25.239,121.63
74DA38F20DC0,2026-02-18,07:45:04,22.5,100.0,22.0,22.711,120.295
74DA38F20AA4,2026-02-18,07:45:13,26.75,83.0,21.0,22.685,120.492
74DA38F21204,2026-02-18,07:45:16,21.5,100.0,1.0,25.062,121.451
74DA38F7C338,2026-02-18,07:45:19,18.12,91.0,18.0,25.011,121.458
74DA38F20E34,2026-02-18,07:45:21,23.12,74.0,13.0,22.586,120.313
74DA38F210E4,2026-02-18,07:45:23,21.37,100.0,10.0,23.24,120.696
74DA38F7C616,2026-02-18,07:45:24,15.75,100.0,0.0,25.031,121.563
74DA38F20B82,2026-02-18,07:45:25,-4.0,0.0,0.0,22.847,120.465
74DA38F7C30E,2026-02-18,07:45:28,15.25,100.0,19.0,24.949,121.382
74DA38F20902,2026-02-18,07:45:30,23.75,94.0,2.0,22.204,120.7
74DA38F20B80,2026-02-18,07:45:30,23.12,100.0,0.0,22.599,120.35
74DA38F7C4CC,2026-02-18,07:45:33,15.5,100.0,13.0,25.062,121.451
74DA38ED05B6,2026-02-18,07:45:34,17.0,100.0,9.0,23.43,121.348
74DA38F20D2E,2026-02-18,07:45:35,15.75,100.0,0.0,25.06,121.545
74DA38F20DE0,2026-02-18,07:45:45,26.5,92.0,0.0,22.589,120.328
74DA38F7C31C,2026-02-18,07:45:49,15.25,100.0,0.0,24.93,121.372
74DA38F7C63C,2026-02-18,07:45:49,85.25,100.0,15.0,24.998,121.425
74DA38ED059C,2026-02-18,07:45:51,17.0,100.0,5.0,23.706,121.412
74DA38F20A78,2026-02-18,07:46:10,18.0,100.0,2.0,22.904,121.124
74DA38F7C3BA,2026-02-18,07:46:11,118.87,46.0,122.0,25.174,121.441
74DA38F21136,2026-02-18,07:46:13,15.25,100.0,16.0,25.119,121.505
74DA38F21048,2026-02-18,07:46:15,22.75,100.0,13.0,22.595,120.341
74DA38F210F6,2026-02-18,07:46:23,21.37,100.0,2.0,22.757426,121.158891
74DA38F209A4,2026-02-18,07:46:24,24.37,100.0,0.0,22.702,120.572
74DA38F20D16,2026-02-18,07:46:24,16.12,100.0,26.0,25.062,121.526
74DA38F7C53C,2026-02-18,07:46:35,13.87,100.0,1.0,25.11,121.804
74DA38F7C600,2026-02-18,07:46:42,21.25,57.0,9.0,25.07,121.586
74DA38ED04F2,2026-02-18,07:46:43,18.12,100.0,10.0,23.468,121.496
74DA38F20D70,2026-02-18,07:46:46,17.87,100.0,0.0,23.05,121.164
74DA38F20BE0,2026-02-18,07:46:48,25.87,100.0,0.0,22.73,120.346
74DA38F7C41E,2026-02-18,07:46:57,16.62,74.0,18.0,25.054,121.517
74DA38F7C5A0,2026-02-18,07:46:57,15.87,90.0,0.0,25.107,121.518
74DA38F7C4DE,2026-02-18,07:47:00,16.75,100.0,0.0,25.09,121.462
74DA38F20DD0,2026-02-18,07:47:01,23.37,100.0,1.0,22.6080258,120.3229833
74DA38F209DE,2026-02-18,07:47:11,15.62,100.0,1.0,24.861,120.964
74DA38F20976,2026-02-18,07:47:17,15.37,89.0,24.0,25.127,121.746
74DA38F20F0A,2026-02-18,07:47:17,24.37,100.0,14.0,22.995,120.635
74DA38F7C5CE,2026-02-18,07:47:20,15.0,89.0,0.0,25.066,121.656
74DA38F20D6C,2026-02-18,07:47:21,22.62,79.0,0.0,22.661,120.301
74DA38F21054,2026-02-18,07:47:24,25.25,62.0,19.0,22.898,120.627
74DA38ED0630,2026-02-18,07:47:29,19.12,100.0,0.0,23.994,121.594
74DA38F7C524,2026-02-18,07:47:30,13.62,100.0,55.0,25.002,121.552
74DA38F7C562,2026-02-18,07:47:33,15.37,43.0,24.0,25.021,121.418
74DA38F7C366,2026-02-18,07:47:44,15.37,100.0,12.0,25.002,121.516
74DA38F20AE6,2026-02-18,07:47:45,25.37,100.0,12.0,22.63,120.348
74DA38F21088,2026-02-18,07:47:46,15.5,100.0,0.0,25.068,121.588
74DA38F209A8,2026-02-18,07:47:48,-4.0,0.0,0.0,22.401,120.577
74DA38F20E9E,2026-02-18,07:47:48,14.87,100.0,12.0,24.648,121.151
74DA38F20D2A,2026-02-18,07:48:13,16.12,71.0,1.0,25.048,121.573
74DA38F7C3DC,2026-02-18,07:48:17,14.5,100.0,26.0,25.003,121.539
74DA38F7C5E6,2026-02-18,07:48:18,16.25,100.0,13.0,25.107,121.843
74DA38F20E6E,2026-02-18,07:48:23,15.0,83.0,0.0,24.41,120.902
74DA38F7C610,2026-02-18,07:48:31,17.37,79.0,20.0,25.063,121.564
74DA38F20BE4,2026-02-18,07:48:37,14.5,100.0,38.0,24.791,120.957
74DA38F20BCA,2026-02-18,07:48:38,15.12,99.0,0.0,25.079,121.58
74DA38F7C560,2026-02-18,07:48:38,14.12,100.0,0.0,25.079,121.671
74DA38F7C566,2026-02-18,07:48:46,16.5,100.0,0.0,25.051,121.448
74DA38F7C260,2026-02-18,07:48:49,15.37,100.0,0.0,25.065,121.425
74DA38F2118E,2026-02-18,07:48:52,14.37,100.0,48.0,26.148,119.935
74DA38F20D4C,2026-02-18,07:49:03,19.75,100.0,0.0,22.971,121.303
74DA38F209EE,2026-02-18,07:49:12,20.37,100.0,0.0,23.026,121.33
74DA38F7C30C,2026-02-18,07:49:12,15.37,97.0,0.0,24.975,121.532
74DA38F7C59C,2026-02-18,07:49:17,15.62,76.0,28.0,25.103,121.487
74DA38F20D1A,2026-02-18,07:49:22,15.87,85.0,0.0,25.078,121.541
74DA38F7C47E,2026-02-18,07:49:24,16.0,100.0,31.0,25.053963,121.427681
74DA38F21024,2026-02-18,07:49:26,15.87,100.0,0.0,24.93,121.036
74DA38F2113E,2026-02-18,07:49:30,-4.0,0.0,2.0,22.728,120.313
74DA38F7C29C,2026-02-18,07:49:32,16.0,100.0,20.0,25.02,121.416
74DA38ED05EA,2026-02-18,07:49:35,17.37,100.0,7.0,23.394,121.357
74DA38F20D1E,2026-02-18,07:49:37,15.87,100.0,29.0,25.048,121.573
74DA38F210A2,2026-02-18,07:49:39,15.87,100.0,6.0,25.12,121.466
74DA38F7C47C,2026-02-18,07:49:45,16.25,96.0,0.0,25.055,121.455
74DA38F20B5C,2026-02-18,07:49:52,-4.0,0.0,19.0,22.798,120.293
74DA38F20B26,2026-02-18,07:49:57,23.37,100.0,14.0,22.783,120.247
74DA38F7C3B2,2026-02-18,07:49:59,19.25,67.0,9.0,24.929,121.378
74DA38F20B88,2026-02-18,07:50:01,23.12,100.0,1.0,22.75,120.316
74DA38F7C39A,2026-02-18,07:50:01,15.37,100.0,0.0,25.002,121.414
74DA38F2104E,2026-02-18,07:50:02,22.87,99.0,24.0,23.108,120.7
74DA38F7C514,2026-02-18,07:50:08,15.62,98.0,21.0,25.051,121.518
74DA38F7C5BE,2026-02-18,07:50:09,16.12,79.0,26.0,25.092,121.523
74DA38F20AAA,2026-02-18,07:50:17,14.87,100.0,9.0,24.6,120.999
74DA38ED06E0,2026-02-18,07:50:31,19.25,93.0,0.0,23.601,121.521
74DA38F20A30,2026-02-18,07:50:34,15.25,87.0,0.0,24.948,121.372
74DA38F7C40C,2026-02-18,07:50:35,14.87,100.0,0.0,24.995,121.52
74DA38ED0640,2026-02-18,07:50:42,16.5,100.0,4.0,23.154,121.266
74DA38F209B2,2026-02-18,07:50:46,22.25,100.0,0.0,22.363,120.599
74DA38F20C26,2026-02-18,07:50:48,24.87,68.0,12.0,22.676,120.342
74DA38F20EB2,2026-02-18,07:50:50,13.25,100.0,15.0,24.324,120.835
74DA38F208E2,2026-02-18,07:50:52,16.12,100.0,12.0,24.688,121.766
74DA38F20C22,2026-02-18,07:50:53,24.5,100.0,1.0,22.729,120.357
74DA38F7C37C,2026-02-18,07:51:01,12.75,100.0,0.0,25.111,121.856
74DA38F207DE,2026-02-18,07:51:04,24.12,100.0,18.0,22.603,120.34
74DA38F209F8,2026-02-18,07:51:15,17.37,100.0,0.0,23.157,121.4
74DA38F7C464,2026-02-18,07:51:18,14.25,34.0,0.0,25.006,121.413
74DA38F20AA4,2026-02-18,07:51:21,26.75,83.0,19.0,22.685,120.492
74DA38F21204,2026-02-18,07:51:22,21.5,100.0,1.0,25.062,121.451
74DA38F7C3D6,2026-02-18,07:51:28,15.62,100.0,0.0,25.045,121.541
74DA38F210E4,2026-02-18,07:51:29,21.12,100.0,11.0,23.24,120.696
74DA38F20E34,2026-02-18,07:51:31,23.12,74.0,12.0,22.586,120.313
74DA38F7C570,2026-02-18,07:51:31,14.0,100.0,0.0,25.239,121.63
74DA38F20DC0,2026-02-18,07:51:32,22.5,100.0,17.0,22.711,120.295
74DA38F7C30E,2026-02-18,07:51:36,15.25,100.0,18.0,24.949,121.382
74DA38F7C616,2026-02-18,07:51:36,15.62,100.0,0.0,25.031,121.563
74DA38F20902,2026-02-18,07:51:37,23.75,94.0,3.0,22.204,120.7
74DA38ED05B6,2026-02-18,07:51:41,17.0,100.0,8.0,23.43,121.348
74DA38F7C4CC,2026-02-18,07:51:42,15.5,100.0,13.0,25.062,121.451
74DA38F20B80,2026-02-18,07:51:56,23.25,100.0,0.0,22.599,120.35
74DA38ED059C,2026-02-18,07:51:57,17.0,100.0,5.0,23.706,121.412
74DA38F7C63C,2026-02-18,07:51:57,85.25,100.0,13.0,24.998,121.425
74DA38F20D2E,2026-02-18,07:52:03,15.75,100.0,0.0,25.06,121.545
74DA38F7C3BA,2026-02-18,07:52:14,118.87,46.0,124.0,25.174,121.441
74DA38F20DE0,2026-02-18,07:52:15,25.75,94.0,2.0,22.589,120.328
74DA38F20A78,2026-02-18,07:52:17,18.0,100.0,2.0,22.904,121.124
74DA38F7C31C,2026-02-18,07:52:18,15.25,100.0,0.0,24.93,121.372
74DA38F21136,2026-02-18,07:52:20,15.37,100.0,16.0,25.119,121.505
74DA38F210F6,2026-02-18,07:52:28,21.37,100.0,1.0,22.757426,121.158891
74DA38F20D16,2026-02-18,07:52:33,16.12,100.0,25.0,25.062,121.526
74DA38F21048,2026-02-18,07:52:44,22.75,100.0,13.0,22.595,120.341
74DA38F7C600,2026-02-18,07:52:47,21.37,56.0,9.0,25.07,121.586
74DA38ED04F2,2026-02-18,07:52:52,18.12,100.0,5.0,23.468,121.496
74DA38F209A4,2026-02-18,07:52:52,24.37,100.0,0.0,22.702,120.572
74DA38F20D70,2026-02-18,07:52:52,17.87,100.0,0.0,23.05,121.164
74DA38F7C53C,2026-02-18,07:53:05,13.87,100.0,1.0,25.11,121.804
74DA38F7C41E,2026-02-18,07:53:06,16.5,74.0,19.0,25.054,121.517
74DA38F7C4DE,2026-02-18,07:53:09,16.25,100.0,0.0,25.09,121.462
74DA38F20BE0,2026-02-18,07:53:17,26.0,100.0,0.0,22.73,120.346
74DA38F20F0A,2026-02-18,07:53:24,24.25,100.0,14.0,22.995,120.635
74DA38F20976,2026-02-18,07:53:26,15.25,89.0,22.0,25.127,121.746
74DA38F7C5A0,2026-02-18,07:53:27,15.62,89.0,0.0,25.107,121.518
74DA38F20DD0,2026-02-18,07:53:30,23.12,100.0,1.0,22.6080258,120.3229833
74DA38F21054,2026-02-18,07:53:31,25.25,62.0,20.0,22.898,120.627
74DA38F7C3DE,2026-02-18,07:53:36,16.0,100.0,291.0,24.972,121.537
74DA38F209DE,2026-02-18,07:53:39,15.75,100.0,2.0,24.861,120.964
74DA38F7C562,2026-02-18,07:53:43,15.62,62.0,24.0,25.021,121.418
74DA38F20D6C,2026-02-18,07:53:47,22.37,80.0,0.0,22.661,120.301
74DA38F7C5CE,2026-02-18,07:53:48,15.12,89.0,0.0,25.066,121.656
74DA38F20BD0,2026-02-18,07:53:51,-4.0,0.0,16.0,22.688,120.408
74DA38F20AE6,2026-02-18,07:53:52,25.25,100.0,11.0,22.63,120.348
74DA38F7C366,2026-02-18,07:53:52,15.25,100.0,13.0,25.002,121.516
74DA38F20E9E,2026-02-18,07:53:54,14.75,100.0,12.0,24.648,121.151
74DA38ED0630,2026-02-18,07:53:57,19.12,100.0,0.0,23.994,121.594
74DA38F7C524,2026-02-18,07:54:08,13.62,100.0,56.0,25.002,121.552
74DA38F21088,2026-02-18,07:54:15,15.5,100.0,0.0,25.068,121.588
74DA38F7C3DC,2026-02-18,07:54:24,14.5,100.0,25.0,25.003,121.539
74DA38F20E6E,2026-02-18,07:54:25,15.12,84.0,0.0,24.41,120.902
74DA38F7C5E6,2026-02-18,07:54:26,16.25,100.0,14.0,25.107,121.843
74DA38F7C610,2026-02-18,07:54:39,17.37,79.0,20.0,25.063,121.564
74DA38F20D2A,2026-02-18,07:54:42,16.12,71.0,0.0,25.048,121.573
74DA38F20BE4,2026-02-18,07:54:48,14.5,100.0,38.0,24.791,120.957
74DA38F20B82,2026-02-18,07:54:58,-4.0,0.0,0.0,22.847,120.465
74DA38F7C560,2026-02-18,07:55:06,14.12,100.0,0.0,25.079,121.671
74DA38F20BCA,2026-02-18,07:55:08,15.0,99.0,0.0,25.079,121.58
74DA38F7C566,2026-02-18,07:55:14,16.37,100.0,0.0,25.051,121.448
74DA38F209EE,2026-02-18,07:55:17,20.37,100.0,0.0,23.026,121.33
74DA38F7C260,2026-02-18,07:55:19,15.25,100.0,0.0,25.065,121.425
74DA38F7C30C,2026-02-18,07:55:20,15.37,98.0,0.0,24.975,121.532
74DA38F7C59C,2026-02-18,07:55:26,15.75,76.0,28.0,25.103,121.487
74DA38F2118E,2026-02-18,07:55:27,14.5,100.0,47.0,26.148,119.935
74DA38F20D4C,2026-02-18,07:55:30,19.75,100.0,0.0,22.971,121.303
74DA38F7C47E,2026-02-18,07:55:35,16.12,100.0,30.0,25.053963,121.427681
74DA38ED05EA,2026-02-18,07:55:41,17.5,100.0,7.0,23.394,121.357
74DA38F7C29C,2026-02-18,07:55:41,16.0,100.0,20.0,25.02,121.416
74DA38F210A2,2026-02-18,07:55:47,15.87,100.0,6.0,25.12,121.466
74DA38F20D1E,2026-02-18,07:55:50,15.75,100.0,29.0,25.048,121.573
74DA38F20D1A,2026-02-18,07:55:52,15.75,85.0,0.0,25.078,121.541
74DA38F7C47C,2026-02-18,07:55:54,16.25,96.0,0.0,25.055,121.455
74DA38F21024,2026-02-18,07:55:55,15.87,100.0,0.0,24.93,121.036
74DA38F7C3B2,2026-02-18,07:56:06,19.37,67.0,10.0,24.929,121.378
74DA38F2104E,2026-02-18,07:56:10,23.0,98.0,24.0,23.108,120.7
74DA38F20B26,2026-02-18,07:56:12,23.37,100.0,15.0,22.783,120.247
74DA38F7C514,2026-02-18,07:56:18,15.62,98.0,22.0,25.051,121.518
74DA38F7C5BE,2026-02-18,07:56:20,16.12,79.0,25.0,25.092,121.523
74DA38F20AAA,2026-02-18,07:56:22,14.75,100.0,9.0,24.6,120.999
74DA38F7C39A,2026-02-18,07:56:29,15.5,100.0,0.0,25.002,121.414
74DA38F20B88,2026-02-18,07:56:30,23.12,100.0,0.0,22.75,120.316
74DA38ED06E0,2026-02-18,07:56:40,19.25,93.0,0.0,23.601,121.521
74DA38F7C40C,2026-02-18,07:56:43,14.75,100.0,0.0,24.995,121.52
74DA38F2113E,2026-02-18,07:56:45,-4.0,0.0,3.0,22.728,120.313
74DA38ED0640,2026-02-18,07:56:50,16.5,100.0,3.0,23.154,121.266
74DA38F20C26,2026-02-18,07:56:54,24.87,68.0,10.0,22.676,120.342
74DA38F20EB2,2026-02-18,07:56:58,13.12,100.0,14.0,24.324,120.835
74DA38F208E2,2026-02-18,07:57:00,15.87,100.0,10.0,24.688,121.766
74DA38F20A30,2026-02-18,07:57:10,15.12,87.0,0.0,24.948,121.372
74DA38F209B2,2026-02-18,07:57:12,22.37,100.0,0.0,22.363,120.599
74DA38F207DE,2026-02-18,07:57:18,24.0,100.0,19.0,22.603,120.34
74DA38F20C22,2026-02-18,07:57:21,24.37,100.0,0.0,22.729,120.357
74DA38F209A8,2026-02-18,07:57:27,-4.0,0.0,0.0,22.401,120.577
74DA38F20AA4,2026-02-18,07:57:28,26.62,83.0,17.0,22.685,120.492
74DA38F21204,2026-02-18,07:57:28,21.5,100.0,1.0,25.062,121.451
74DA38F7C37C,2026-02-18,07:57:30,12.75,100.0,0.0,25.111,121.856
74DA38F210E4,2026-02-18,07:57:36,21.0,100.0,10.0,23.24,120.696
74DA38F20E34,2026-02-18,07:57:41,23.12,74.0,13.0,22.586,120.313
74DA38F209F8,2026-02-18,07:57:43,17.25,100.0,0.0,23.157,121.4
74DA38F7C616,2026-02-18,07:57:43,15.5,100.0,0.0,25.031,121.563
74DA38F20902,2026-02-18,07:57:44,23.62,94.0,3.0,22.204,120.7
74DA38F7C30E,2026-02-18,07:57:44,15.25,100.0,19.0,24.949,121.382
74DA38ED05B6,2026-02-18,07:57:48,16.87,100.0,7.0,23.43,121.348
74DA38F7C464,2026-02-18,07:57:48,14.12,33.0,1.0,25.006,121.413
74DA38F7C4CC,2026-02-18,07:57:50,15.5,100.0,13.0,25.062,121.451
74DA38F7C3D6,2026-02-18,07:57:56,15.62,100.0,0.0,25.045,121.541
74DA38F7C570,2026-02-18,07:58:03,14.0,100.0,1.0,25.239,121.63
74DA38ED059C,2026-02-18,07:58:06,16.87,100.0,6.0,23.706,121.412
74DA38F7C63C,2026-02-18,07:58:07,85.25,100.0,14.0,24.998,121.425
74DA38F20DC0,2026-02-18,07:58:08,22.5,100.0,10.0,22.711,120.295
74DA38F7C3BA,2026-02-18,07:58:13,118.87,46.0,126.0,25.174,121.441
74DA38F20A78,2026-02-18,07:58:23,18.25,100.0,2.0,22.904,121.124
74DA38F20B80,2026-02-18,07:58:24,23.12,100.0,0.0,22.599,120.35
74DA38F21136,2026-02-18,07:58:28,15.37,100.0,16.0,25.119,121.505
74DA38F7C338,2026-02-18,07:58:31,18.0,91.0,18.0,25.011,121.458
74DA38F20D2E,2026-02-18,07:58:33,15.75,100.0,0.0,25.06,121.545
74DA38F210F6,2026-02-18,07:58:33,21.37,100.0,1.0,22.757426,121.158891
74DA38F20D16,2026-02-18,07:58:44,16.25,100.0,26.0,25.062,121.526
74DA38F20DE0,2026-02-18,07:58:44,25.5,95.0,0.0,22.589,120.328
74DA38F7C31C,2026-02-18,07:58:50,15.12,100.0,0.0,24.93,121.372
74DA38F7C600,2026-02-18,07:58:53,21.37,54.0,10.0,25.07,121.586
74DA38F20D70,2026-02-18,07:58:58,17.75,100.0,0.0,23.05,121.164
74DA38ED04F2,2026-02-18,07:59:01,18.0,100.0,4.0,23.468,121.496
74DA38F21048,2026-02-18,07:59:14,22.87,100.0,12.0,22.595,120.341
74DA38F7C41E,2026-02-18,07:59:15,16.5,74.0,19.0,25.054,121.517
74DA38F209A4,2026-02-18,07:59:20,24.37,100.0,0.0,22.702,120.572
74DA38F7C4DE,2026-02-18,07:59:22,16.37,100.0,0.0,25.09,121.462
74DA38F20B5C,2026-02-18,07:59:24,-4.0,0.0,19.0,22.798,120.293
74DA38F20F0A,2026-02-18,07:59:30,24.12,100.0,15.0,22.995,120.635
74DA38F7C3DE,2026-02-18,07:59:32,15.87,100.0,300.0,24.972,121.537
74DA38F20976,2026-02-18,07:59:33,15.37,88.0,23.0,25.127,121.746
74DA38F7C53C,2026-02-18,07:59:34,14.0,100.0,1.0,25.11,121.804
74DA38F21054,2026-02-18,07:59:37,25.25,62.0,19.0,22.898,120.627
74DA38F20BE0,2026-02-18,07:59:45,26.0,100.0,0.0,22.73,120.346
74DA38F7C562,2026-02-18,07:59:54,15.5,65.0,22.0,25.021,121.418
74DA38F7C5A0,2026-02-18,07:59:57,15.5,90.0,0.0,25.107,121.518
74DA38F20AE6,2026-02-18,07:59:59,25.37,100.0,11.0,22.63,120.348
74DA38F7C366,2026-02-18,08:00:00,15.25,100.0,12.0,25.002,121.516
74DA38F20E9E,2026-02-18,08:00:01,14.87,100.0,13.0,24.648,121.151
74DA38F20DD0,2026-02-18,08:00:02,23.25,100.0,1.0,22.6080258,120.3229833
74DA38F209DE,2026-02-18,08:00:07,15.5,100.0,3.0,24.861,120.964
74DA38F20D6C,2026-02-18,08:00:15,22.12,80.0,0.0,22.661,120.301
74DA38F7C5CE,2026-02-18,08:00:18,15.12,89.0,1.0,25.066,121.656
74DA38ED0630,2026-02-18,08:00:26,19.25,100.0,0.0,23.994,121.594
74DA38F20E6E,2026-02-18,08:00:27,15.12,83.0,0.0,24.41,120.902
74DA38F7C3DC,2026-02-18,08:00:32,14.37,100.0,26.0,25.003,121.539
74DA38F7C5E6,2026-02-18,08:00:35,16.25,100.0,13.0,25.107,121.843
74DA38F21088,2026-02-18,08:00:43,15.62,100.0,0.0,25.068,121.588
74DA38F7C610,2026-02-18,08:00:45,17.25,79.0,20.0,25.063,121.564
74DA38F7C524,2026-02-18,08:00:47,13.62,100.0,56.0,25.002,121.552
74DA38F20BE4,2026-02-18,08:00:58,14.37,100.0,37.0,24.791,120.957
74DA38F20D2A,2026-02-18,08:01:19,16.12,71.0,0.0,25.048,121.573
74DA38F209EE,2026-02-18,08:01:23,20.5,100.0,0.0,23.026,121.33
74DA38F7C30C,2026-02-18,08:01:27,15.37,97.0,0.0,24.975,121.532
74DA38F7C560,2026-02-18,08:01:34,14.12,100.0,0.0,25.079,121.671
74DA38F7C59C,2026-02-18,08:01:35,15.87,75.0,27.0,25.103,121.487
74DA38F20BCA,2026-02-18,08:01:39,15.0,99.0,1.0,25.079,121.58
74DA38F7C566,2026-02-18,08:01:42,16.37,100.0,0.0,25.051,121.448
74DA38F7C47E,2026-02-18,08:01:44,16.12,100.0,30.0,25.053963,121.427681
74DA38ED05EA,2026-02-18,08:01:47,17.5,100.0,7.0,23.394,121.357
74DA38F7C260,2026-02-18,08:01:47,15.37,100.0,0.0,25.065,121.425
74DA38F7C29C,2026-02-18,08:01:48,16.0,100.0,20.0,25.02,121.416
74DA38F210A2,2026-02-18,08:01:52,15.87,100.0,6.0,25.12,121.466
74DA38F20D4C,2026-02-18,08:01:58,19.62,100.0,0.0,22.971,121.303
74DA38F20D1E,2026-02-18,08:02:02,15.5,100.0,30.0,25.048,121.573
74DA38F2118E,2026-02-18,08:02:02,14.62,100.0,47.0,26.148,119.935
74DA38F7C47C,2026-02-18,08:02:03,16.12,96.0,0.0,25.055,121.455
74DA38F7C3B2,2026-02-18,08:02:14,19.25,67.0,10.0,24.929,121.378
74DA38F2104E,2026-02-18,08:02:18,23.25,97.0,22.0,23.108,120.7
74DA38F20D1A,2026-02-18,08:02:20,15.5,85.0,0.0,25.078,121.541
74DA38F21024,2026-02-18,08:02:23,15.87,100.0,0.0,24.93,121.036
74DA38F20B26,2026-02-18,08:02:27,23.37,100.0,14.0,22.783,120.247
74DA38F7C514,2026-02-18,08:02:28,15.87,98.0,22.0,25.051,121.518
74DA38F20AAA,2026-02-18,08:02:29,14.75,100.0,10.0,24.6,120.999
74DA38F7C5BE,2026-02-18,08:02:30,16.25,79.0,25.0,25.092,121.523
74DA38ED06E0,2026-02-18,08:02:47,19.25,94.0,0.0,23.601,121.521
74DA38ED0454,2026-02-18,08:02:48,19.37,100.0,40.0,24.053,121.599
74DA38F7C40C,2026-02-18,08:02:49,14.75,100.0,0.0,24.995,121.52
74DA38ED0640,2026-02-18,08:02:56,16.25,100.0,3.0,23.154,121.266
74DA38F7C39A,2026-02-18,08:02:57,15.37,100.0,0.0,25.002,121.414
74DA38F20B88,2026-02-18,08:03:01,23.12,100.0,0.0,22.75,120.316
74DA38F20C26,2026-02-18,08:03:02,24.62,69.0,12.0,22.676,120.342
74DA38F208E2,2026-02-18,08:03:05,15.87,100.0,21.0,24.688,121.766
74DA38F20EB2,2026-02-18,08:03:09,12.62,100.0,16.0,24.324,120.835
74DA38F207DE,2026-02-18,08:03:27,24.0,100.0,19.0,22.603,120.34
74DA38F20AA4,2026-02-18,08:03:33,26.62,83.0,17.0,22.685,120.492
74DA38F21204,2026-02-18,08:03:35,21.5,100.0,3.0,25.062,121.451
74DA38F209B2,2026-02-18,08:03:40,22.37,100.0,0.0,22.363,120.599
74DA38F20A30,2026-02-18,08:03:40,15.12,87.0,0.0,24.948,121.372
74DA38F210E4,2026-02-18,08:03:45,21.25,100.0,10.0,23.24,120.696
74DA38F20C22,2026-02-18,08:03:48,24.37,100.0,0.0,22.729,120.357
74DA38F20902,2026-02-18,08:03:49,23.62,94.0,3.0,22.204,120.7
74DA38F7C616,2026-02-18,08:03:51,15.5,100.0,0.0,25.031,121.563
74DA38ED05B6,2026-02-18,08:03:53,16.87,100.0,8.0,23.43,121.348
74DA38F7C30E,2026-02-18,08:03:55,15.12,100.0,20.0,24.949,121.382
74DA38F7C37C,2026-02-18,08:03:58,12.5,100.0,0.0,25.111,121.856
74DA38F7C4CC,2026-02-18,08:03:58,15.5,100.0,13.0,25.062,121.451
74DA38F209F8,2026-02-18,08:04:12,17.37,100.0,0.0,23.157,121.4
74DA38ED059C,2026-02-18,08:04:13,16.87,100.0,7.0,23.706,121.412
74DA38F2113E,2026-02-18,08:04:13,-4.0,0.0,1.0,22.728,120.313
74DA38F7C3BA,2026-02-18,08:04:15,118.87,46.0,128.0,25.174,121.441
74DA38F7C63C,2026-02-18,08:04:15,85.25,100.0,14.0,24.998,121.425
74DA38F20BD0,2026-02-18,08:04:18,-4.0,0.0,15.0,22.688,120.408
74DA38F7C464,2026-02-18,08:04:19,14.12,33.0,1.0,25.006,121.413
74DA38F7C3D6,2026-02-18,08:04:24,15.87,100.0,0.0,25.045,121.541
74DA38F20A78,2026-02-18,08:04:31,18.12,100.0,2.0,22.904,121.124
74DA38F20B82,2026-02-18,08:04:31,-4.0,0.0,0.0,22.847,120.465
74DA38F7C570,2026-02-18,08:04:33,13.87,100.0,1.0,25.239,121.63
74DA38F21136,2026-02-18,08:04:35,15.5,100.0,15.0,25.119,121.505
74DA38F20DC0,2026-02-18,08:04:36,22.62,100.0,7.0,22.711,120.295
74DA38F210F6,2026-02-18,08:04:38,21.37,100.0,1.0,22.757426,121.158891
74DA38F20B80,2026-02-18,08:04:50,23.12,100.0,0.0,22.599,120.35
74DA38F20D16,2026-02-18,08:04:54,16.25,100.0,26.0,25.062,121.526
74DA38F7C600,2026-02-18,08:04:59,21.37,52.0,9.0,25.07,121.586
74DA38F20D2E,2026-02-18,08:05:03,15.75,100.0,0.0,25.06,121.545
74DA38F20D70,2026-02-18,08:05:05,17.62,100.0,0.0,23.05,121.164
74DA38ED04F2,2026-02-18,08:05:09,18.0,100.0,4.0,23.468,121.496
74DA38F20DE0,2026-02-18,08:05:13,25.75,95.0,1.0,22.589,120.328
74DA38F7C31C,2026-02-18,08:05:24,15.12,100.0,0.0,24.93,121.372
74DA38F7C41E,2026-02-18,08:05:25,16.5,74.0,19.0,25.054,121.517
74DA38F7C3DE,2026-02-18,08:05:27,15.87,100.0,303.0,24.972,121.537
74DA38F7C4DE,2026-02-18,08:05:31,16.5,100.0,0.0,25.09,121.462
74DA38F20F0A,2026-02-18,08:05:38,24.0,100.0,15.0,22.995,120.635
74DA38F21048,2026-02-18,08:05:41,22.87,100.0,10.0,22.595,120.341
74DA38F20976,2026-02-18,08:05:42,15.37,90.0,22.0,25.127,121.746
74DA38F21054,2026-02-18,08:05:43,25.12,62.0,19.0,22.898,120.627
74DA38F209A4,2026-02-18,08:05:48,24.25,100.0,0.0,22.702,120.572
74DA38F7C53C,2026-02-18,08:06:03,14.0,100.0,1.0,25.11,121.804
74DA38F20AE6,2026-02-18,08:06:05,25.37,100.0,10.0,22.63,120.348
74DA38F7C562,2026-02-18,08:06:05,15.5,84.0,23.0,25.021,121.418
74DA38F20E9E,2026-02-18,08:06:08,15.0,100.0,13.0,24.648,121.151
74DA38F7C366,2026-02-18,08:06:10,15.12,100.0,13.0,25.002,121.516
74DA38F20BE0,2026-02-18,08:06:16,25.87,100.0,0.0,22.73,120.346
74DA38F7C5A0,2026-02-18,08:06:25,15.62,90.0,0.0,25.107,121.518
74DA38F20E6E,2026-02-18,08:06:28,15.12,83.0,0.0,24.41,120.902
74DA38F20DD0,2026-02-18,08:06:30,23.25,100.0,1.0,22.6080258,120.3229833
74DA38F209DE,2026-02-18,08:06:36,15.37,100.0,4.0,24.861,120.964
74DA38F7C3DC,2026-02-18,08:06:41,14.5,100.0,25.0,25.003,121.539
74DA38F20D6C,2026-02-18,08:06:43,22.12,80.0,0.0,22.661,120.301
74DA38F7C5E6,2026-02-18,08:06:45,16.12,100.0,14.0,25.107,121.843
74DA38F7C5CE,2026-02-18,08:06:47,15.12,89.0,0.0,25.066,121.656
74DA38F7C610,2026-02-18,08:06:55,17.37,79.0,21.0,25.063,121.564
74DA38ED0630,2026-02-18,08:06:57,19.12,100.0,0.0,23.994,121.594
74DA38F209A8,2026-02-18,08:07:06,-4.0,0.0,0.0,22.401,120.577
74DA38F20BE4,2026-02-18,08:07:10,14.25,100.0,37.0,24.791,120.957
74DA38F21088,2026-02-18,08:07:12,15.5,100.0,0.0,25.068,121.588
74DA38F7C524,2026-02-18,08:07:22,13.62,100.0,56.0,25.002,121.552
74DA38F209EE,2026-02-18,08:07:29,20.37,100.0,0.0,23.026,121.33
74DA38F7C30C,2026-02-18,08:07:39,15.25,98.0,0.0,24.975,121.532
74DA38F7C59C,2026-02-18,08:07:45,15.87,75.0,29.0,25.103,121.487
74DA38ED05EA,2026-02-18,08:07:53,17.37,100.0,8.0,23.394,121.357
74DA38F7C47E,2026-02-18,08:07:55,16.12,100.0,30.0,25.053963,121.427681
74DA38F7C29C,2026-02-18,08:07:57,16.0,100.0,19.0,25.02,121.416
74DA38F210A2,2026-02-18,08:07:58,15.87,100.0,6.0,25.12,121.466
74DA38F7C560,2026-02-18,08:08:03,14.12,100.0,0.0,25.079,121.671
74DA38F20D2A,2026-02-18,08:08:05,16.12,71.0,0.0,25.048,121.573
74DA38F20BCA,2026-02-18,08:08:08,14.87,99.0,0.0,25.079,121.58
74DA38F7C566,2026-02-18,08:08:10,16.5,100.0,0.0,25.051,121.448
74DA38F7C47C,2026-02-18,08:08:13,16.12,96.0,0.0,25.055,121.455
74DA38F20D1E,2026-02-18,08:08:14,15.62,100.0,30.0,25.048,121.573
74DA38F7C3B2,2026-02-18,08:08:21,19.25,67.0,10.0,24.929,121.378
74DA38F20D4C,2026-02-18,08:08:26,19.62,100.0,0.0,22.971,121.303
74DA38F2104E,2026-02-18,08:08:26,23.5,96.0,23.0,23.108,120.7
74DA38F7C260,2026-02-18,08:08:31,15.37,100.0,0.0,25.065,121.425
74DA38F20AAA,2026-02-18,08:08:36,14.62,100.0,10.0,24.6,120.999
74DA38F2118E,2026-02-18,08:08:36,14.62,100.0,47.0,26.148,119.935
74DA38F7C514,2026-02-18,08:08:39,15.87,98.0,21.0,25.051,121.518
74DA38F7C5BE,2026-02-18,08:08:41,16.12,79.0,25.0,25.092,121.523
74DA38F20D1A,2026-02-18,08:08:49,15.5,85.0,0.0,25.078,121.541
74DA38F21024,2026-02-18,08:08:51,15.87,100.0,0.0,24.93,121.036
74DA38F20B5C,2026-02-18,08:08:52,-4.0,0.0,18.0,22.798,120.293
74DA38ED0454,2026-02-18,08:08:55,19.37,100.0,22.0,24.053,121.599
74DA38ED06E0,2026-02-18,08:08:55,19.25,94.0,0.0,23.601,121.521
74DA38F7C40C,2026-02-18,08:08:56,14.87,100.0,0.0,24.995,121.52
74DA38F20B26,2026-02-18,08:09:00,23.5,100.0,15.0,22.783,120.247
74DA38ED0640,2026-02-18,08:09:05,16.37,100.0,3.0,23.154,121.266
74DA38F20C26,2026-02-18,08:09:08,24.75,68.0,11.0,22.676,120.342
74DA38F208E2,2026-02-18,08:09:12,16.12,100.0,22.0,24.688,121.766
74DA38F20EB2,2026-02-18,08:09:15,12.5,100.0,15.0,24.324,120.835
74DA38F7C39A,2026-02-18,08:09:26,15.37,100.0,0.0,25.002,121.414
74DA38F20B88,2026-02-18,08:09:29,23.25,100.0,0.0,22.75,120.316
74DA38F207DE,2026-02-18,08:09:33,24.0,100.0,18.0,22.603,120.34
74DA38F20AA4,2026-02-18,08:09:41,26.62,82.0,17.0,22.685,120.492
74DA38F210E4,2026-02-18,08:09:52,21.37,100.0,10.0,23.24,120.696
74DA38F21204,2026-02-18,08:09:57,21.5,100.0,1.0,25.062,121.451
74DA38F20902,2026-02-18,08:09:58,23.25,95.0,3.0,22.204,120.7
74DA38F20E34,2026-02-18,08:09:59,23.12,75.0,13.0,22.586,120.313
74DA38F7C30E,2026-02-18,08:10:03,15.12,100.0,20.0,24.949,121.382
74DA38ED05B6,2026-02-18,08:10:05,17.12,100.0,9.0,23.43,121.348
74DA38F7C4CC,2026-02-18,08:10:05,15.5,100.0,15.0,25.062,121.451
74DA38F209B2,2026-02-18,08:10:07,22.25,100.0,0.0,22.363,120.599
74DA38F20A30,2026-02-18,08:10:09,15.12,87.0,0.0,24.948,121.372
74DA38F20C22,2026-02-18,08:10:16,24.37,100.0,0.0,22.729,120.357
74DA38F7C3BA,2026-02-18,08:10:18,118.87,46.0,126.0,25.174,121.441
74DA38ED059C,2026-02-18,08:10:20,16.87,100.0,7.0,23.706,121.412
74DA38F7C63C,2026-02-18,08:10:24,85.25,100.0,14.0,24.998,121.425
74DA38F7C37C,2026-02-18,08:10:26,12.37,100.0,1.0,25.111,121.856
74DA38F20A78,2026-02-18,08:10:38,18.12,100.0,2.0,22.904,121.124
74DA38F209F8,2026-02-18,08:10:40,17.25,100.0,0.0,23.157,121.4
74DA38F21136,2026-02-18,08:10:42,15.0,100.0,15.0,25.119,121.505
74DA38F210F6,2026-02-18,08:10:43,21.37,100.0,1.0,22.757426,121.158891
74DA38F7C464,2026-02-18,08:10:50,14.12,32.0,0.0,25.006,121.413
74DA38F7C3D6,2026-02-18,08:10:52,15.75,100.0,0.0,25.045,121.541
74DA38F7C570,2026-02-18,08:11:02,14.0,100.0,0.0,25.239,121.63
74DA38F20D16,2026-02-18,08:11:05,16.25,100.0,26.0,25.062,121.526
74DA38F20DC0,2026-02-18,08:11:05,22.5,100.0,11.0,22.711,120.295
74DA38F7C600,2026-02-18,08:11:05,21.37,51.0,9.0,25.07,121.586
74DA38F20D70,2026-02-18,08:11:11,17.62,100.0,0.0,23.05,121.164
74DA38F20B80,2026-02-18,08:11:16,22.87,100.0,0.0,22.599,120.35
74DA38ED04F2,2026-02-18,08:11:20,17.87,100.0,4.0,23.468,121.496
74DA38F7C3DE,2026-02-18,08:11:23,16.0,100.0,312.0,24.972,121.537
74DA38F2113E,2026-02-18,08:11:30,-4.0,0.0,3.0,22.728,120.313
74DA38F20D2E,2026-02-18,08:11:31,15.75,100.0,0.0,25.06,121.545
74DA38F7C41E,2026-02-18,08:11:36,16.62,74.0,19.0,25.054,121.517
74DA38F7C4DE,2026-02-18,08:11:37,16.5,100.0,0.0,25.09,121.462
74DA38F20DE0,2026-02-18,08:11:43,25.5,95.0,0.0,22.589,120.328
74DA38F20F0A,2026-02-18,08:11:44,24.0,100.0,15.0,22.995,120.635
74DA38F20976,2026-02-18,08:11:49,15.37,90.0,23.0,25.127,121.746
74DA38F21054,2026-02-18,08:11:49,25.25,62.0,19.0,22.898,120.627
74DA38F7C31C,2026-02-18,08:11:58,15.0,100.0,0.0,24.93,121.372
74DA38F7C338,2026-02-18,08:12:05,18.0,91.0,18.0,25.011,121.458
74DA38F20AE6,2026-02-18,08:12:12,25.37,100.0,10.0,22.63,120.348
74DA38F21048,2026-02-18,08:12:13,22.75,100.0,11.0,22.595,120.341
74DA38F20E9E,2026-02-18,08:12:14,15.0,100.0,13.0,24.648,121.151
74DA38F209A4,2026-02-18,08:12:15,24.25,100.0,0.0,22.702,120.572
74DA38F7C366,2026-02-18,08:12:17,15.12,100.0,12.0,25.002,121.516
74DA38F7C562,2026-02-18,08:12:17,15.37,78.0,24.0,25.021,121.418
74DA38F20E6E,2026-02-18,08:12:29,15.12,83.0,0.0,24.41,120.902
74DA38F7C53C,2026-02-18,08:12:33,14.0,100.0,0.0,25.11,121.804
74DA38F7C3DC,2026-02-18,08:12:48,14.5,100.0,27.0,25.003,121.539
74DA38F7C5A0,2026-02-18,08:12:53,15.5,90.0,0.0,25.107,121.518
74DA38F7C5E6,2026-02-18,08:12:53,16.12,100.0,14.0,25.107,121.843
74DA38F20DD0,2026-02-18,08:13:00,23.37,100.0,0.0,22.6080258,120.3229833
74DA38F209DE,2026-02-18,08:13:03,15.37,100.0,2.0,24.861,120.964
74DA38F7C610,2026-02-18,08:13:04,17.25,79.0,21.0,25.063,121.564
74DA38F20D6C,2026-02-18,08:13:09,22.0,81.0,0.0,22.661,120.301
74DA38F7C5CE,2026-02-18,08:13:14,15.0,88.0,0.0,25.066,121.656
74DA38F20BE4,2026-02-18,08:13:21,14.25,100.0,37.0,24.791,120.957
74DA38ED0630,2026-02-18,08:13:27,19.12,100.0,1.0,23.994,121.594
74DA38F209EE,2026-02-18,08:13:34,20.25,100.0,0.0,23.026,121.33
74DA38F21088,2026-02-18,08:13:41,15.62,100.0,0.0,25.068,121.588
74DA38F7C30C,2026-02-18,08:13:45,15.25,98.0,0.0,24.975,121.532
74DA38F7C59C,2026-02-18,08:13:53,15.87,75.0,30.0,25.103,121.487
74DA38F7C524,2026-02-18,08:13:56,13.62,100.0,57.0,25.002,121.552
74DA38ED05EA,2026-02-18,08:13:58,17.37,100.0,7.0,23.394,121.357
74DA38F20B82,2026-02-18,08:14:04,-4.0,0.0,0.0,22.847,120.465
74DA38F210A2,2026-02-18,08:14:04,15.87,100.0,6.0,25.12,121.466
74DA38F7C29C,2026-02-18,08:14:06,15.75,100.0,21.0,25.02,121.416
74DA38F7C47E,2026-02-18,08:14:06,16.25,100.0,30.0,25.053963,121.427681
74DA38F7C47C,2026-02-18,08:14:22,15.87,96.0,0.0,25.055,121.455
74DA38F7C3B2,2026-02-18,08:14:28,19.25,67.0,10.0,24.929,121.378
74DA38F20D1E,2026-02-18,08:14:29,15.5,100.0,30.0,25.048,121.573
74DA38F7C560,2026-02-18,08:14:31,14.25,100.0,0.0,25.079,121.671
74DA38F2104E,2026-02-18,08:14:34,23.37,96.0,24.0,23.108,120.7
74DA38F20D2A,2026-02-18,08:14:37,15.87,71.0,0.0,25.048,121.573
74DA38F20BCA,2026-02-18,08:14:38,14.75,99.0,0.0,25.079,121.58
74DA38F7C566,2026-02-18,08:14:40,16.37,100.0,0.0,25.051,121.448
74DA38F20AAA,2026-02-18,08:14:43,14.62,100.0,10.0,24.6,120.999
74DA38F20BD0,2026-02-18,08:14:44,-4.0,0.0,13.0,22.688,120.408
74DA38F7C5BE,2026-02-18,08:14:49,16.12,79.0,26.0,25.092,121.523
74DA38F7C514,2026-02-18,08:14:50,15.75,98.0,22.0,25.051,121.518
74DA38F20D4C,2026-02-18,08:14:52,19.75,100.0,0.0,22.971,121.303
74DA38F7C260,2026-02-18,08:15:01,15.37,100.0,0.0,25.065,121.425
74DA38ED06E0,2026-02-18,08:15:03,19.25,94.0,0.0,23.601,121.521
74DA38F7C40C,2026-02-18,08:15:04,14.87,100.0,0.0,24.995,121.52
74DA38ED0454,2026-02-18,08:15:06,19.37,100.0,29.0,24.053,121.599
74DA38F20B26,2026-02-18,08:15:08,23.37,100.0,15.0,22.783,120.247
74DA38ED0640,2026-02-18,08:15:12,16.37,100.0,3.0,23.154,121.266
74DA38F2118E,2026-02-18,08:15:12,14.5,100.0,47.0,26.148,119.935
74DA38F20C26,2026-02-18,08:15:15,24.87,68.0,11.0,22.676,120.342
74DA38F208E2,2026-02-18,08:15:18,16.0,100.0,17.0,24.688,121.766
74DA38F20D1A,2026-02-18,08:15:19,15.5,85.0,0.0,25.078,121.541
74DA38F21024,2026-02-18,08:15:20,15.87,100.0,0.0,24.93,121.036
74DA38F20EB2,2026-02-18,08:15:23,12.37,100.0,16.0,24.324,120.835
74DA38F207DE,2026-02-18,08:15:43,23.87,100.0,19.0,22.603,120.34
74DA38F20AA4,2026-02-18,08:15:47,26.62,83.0,16.0,22.685,120.492
74DA38F7C39A,2026-02-18,08:15:54,15.37,100.0,0.0,25.002,121.414
74DA38F20B88,2026-02-18,08:15:58,23.12,100.0,0.0,22.75,120.316
74DA38F210E4,2026-02-18,08:16:00,21.37,100.0,9.0,23.24,120.696
74DA38F21204,2026-02-18,08:16:03,21.5,100.0,1.0,25.062,121.451
74DA38F20902,2026-02-18,08:16:06,23.25,94.0,3.0,22.204,120.7
74DA38F20E34,2026-02-18,08:16:07,23.12,75.0,13.0,22.586,120.313
74DA38ED05B6,2026-02-18,08:16:13,17.0,100.0,9.0,23.43,121.348
74DA38F7C30E,2026-02-18,08:16:13,15.12,100.0,20.0,24.949,121.382
74DA38F7C4CC,2026-02-18,08:16:13,15.62,100.0,14.0,25.062,121.451
74DA38F7C3BA,2026-02-18,08:16:20,118.87,46.0,125.0,25.174,121.441
74DA38ED059C,2026-02-18,08:16:27,17.0,100.0,7.0,23.706,121.412
74DA38F7C63C,2026-02-18,08:16:33,85.25,100.0,14.0,24.998,121.425
74DA38F209B2,2026-02-18,08:16:34,22.37,100.0,0.0,22.363,120.599
74DA38F7C616,2026-02-18,08:16:38,15.62,100.0,0.0,25.031,121.563
74DA38F20A30,2026-02-18,08:16:40,15.0,87.0,0.0,24.948,121.372
74DA38F20C22,2026-02-18,08:16:43,24.37,100.0,0.0,22.729,120.357
74DA38F20A78,2026-02-18,08:16:45,18.12,100.0,2.0,22.904,121.124
74DA38F209A8,2026-02-18,08:16:46,-4.0,0.0,0.0,22.401,120.577
74DA38F210F6,2026-02-18,08:16:48,21.37,100.0,1.0,22.757426,121.158891
74DA38F21136,2026-02-18,08:16:52,15.12,100.0,16.0,25.119,121.505
74DA38F7C37C,2026-02-18,08:16:54,12.37,100.0,0.0,25.111,121.856
74DA38F209F8,2026-02-18,08:17:09,17.12,100.0,0.0,23.157,121.4
74DA38F7C600,2026-02-18,08:17:10,21.37,50.0,9.0,25.07,121.586
74DA38F20D70,2026-02-18,08:17:16,17.62,100.0,0.0,23.05,121.164
74DA38F20D16,2026-02-18,08:17:17,16.37,100.0,28.0,25.062,121.526
74DA38F7C3DE,2026-02-18,08:17:18,16.0,100.0,301.0,24.972,121.537
74DA38F7C464,2026-02-18,08:17:19,14.25,34.0,0.0,25.006,121.413
74DA38F7C3D6,2026-02-18,08:17:21,15.87,100.0,0.0,25.045,121.541
74DA38ED04F2,2026-02-18,08:17:27,17.75,100.0,4.0,23.468,121.496
74DA38F7C570,2026-02-18,08:17:30,14.0,100.0,1.0,25.239,121.63
74DA38F20DC0,2026-02-18,08:17:32,22.5,100.0,14.0,22.711,120.295
74DA38F20B80,2026-02-18,08:17:44,22.87,100.0,4.0,22.599,120.35
74DA38F7C41E,2026-02-18,08:17:46,16.62,74.0,20.0,25.054,121.517
74DA38F7C4DE,2026-02-18,08:17:49,16.62,100.0,0.0,25.09,121.462
74DA38F20F0A,2026-02-18,08:17:51,23.87,100.0,16.0,22.995,120.635
74DA38F21054,2026-02-18,08:17:56,25.12,62.0,20.0,22.898,120.627
74DA38F20976,2026-02-18,08:17:57,15.37,91.0,23.0,25.127,121.746
74DA38F20D2E,2026-02-18,08:18:01,15.62,100.0,0.0,25.06,121.545
74DA38F20DE0,2026-02-18,08:18:11,25.25,96.0,0.0,22.589,120.328
74DA38F20AE6,2026-02-18,08:18:19,25.25,100.0,11.0,22.63,120.348
74DA38F20E9E,2026-02-18,08:18:20,15.0,100.0,13.0,24.648,121.151
74DA38F20B5C,2026-02-18,08:18:24,-4.0,0.0,18.0,22.798,120.293
74DA38F7C366,2026-02-18,08:18:24,15.12,100.0,12.0,25.002,121.516
74DA38F7C31C,2026-02-18,08:18:27,15.0,100.0,0.0,24.93,121.372
74DA38F7C562,2026-02-18,08:18:28,15.37,69.0,24.0,25.021,121.418
74DA38F20E6E,2026-02-18,08:18:30,15.12,83.0,0.0,24.41,120.902
74DA38F209A4,2026-02-18,08:18:42,24.25,100.0,0.0,22.702,120.572
74DA38F21048,2026-02-18,08:18:43,22.75,100.0,11.0,22.595,120.341
74DA38F7C338,2026-02-18,08:18:46,18.0,91.0,18.0,25.011,121.458
74DA38F2113E,2026-02-18,08:18:49,-4.0,0.0,2.0,22.728,120.313
74DA38F7C3DC,2026-02-18,08:18:58,14.62,100.0,27.0,25.003,121.539
74DA38F7C53C,2026-02-18,08:19:01,14.12,100.0,0.0,25.11,121.804
74DA38F7C5E6,2026-02-18,08:19:10,16.12,100.0,14.0,25.107,121.843
74DA38F7C610,2026-02-18,08:19:12,17.25,79.0,21.0,25.063,121.564
74DA38F7C5A0,2026-02-18,08:19:23,15.5,90.0,0.0,25.107,121.518
74DA38F20DD0,2026-02-18,08:19:29,23.37,100.0,1.0,22.6080258,120.3229833
74DA38F209DE,2026-02-18,08:19:32,15.37,100.0,3.0,24.861,120.964
74DA38F20BE4,2026-02-18,08:19:32,14.37,100.0,37.0,24.791,120.957
74DA38F20D6C,2026-02-18,08:19:39,22.0,81.0,0.0,22.661,120.301
74DA38F209EE,2026-02-18,08:19:43,20.12,100.0,0.0,23.026,121.33
74DA38F7C5CE,2026-02-18,08:19:43,15.12,89.0,0.0,25.066,121.656
74DA38F7C30C,2026-02-18,08:19:54,15.12,98.0,0.0,24.975,121.532
74DA38ED0630,2026-02-18,08:19:57,19.25,100.0,0.0,23.994,121.594
74DA38F7C59C,2026-02-18,08:20:02,15.87,75.0,30.0,25.103,121.487
74DA38ED05EA,2026-02-18,08:20:04,17.25,100.0,7.0,23.394,121.357
74DA38F21088,2026-02-18,08:20:09,15.62,100.0,0.0,25.068,121.588
74DA38F210A2,2026-02-18,08:20:10,15.75,100.0,6.0,25.12,121.466
74DA38F7C29C,2026-02-18,08:20:16,16.0,100.0,20.0,25.02,121.416
74DA38F7C47E,2026-02-18,08:20:19,16.25,100.0,30.0,25.053963,121.427681
74DA38F7C47C,2026-02-18,08:20:30,15.87,97.0,0.0,25.055,121.455
74DA38F7C524,2026-02-18,08:20:30,13.5,100.0,57.0,25.002,121.552
74DA38F7C3B2,2026-02-18,08:20:36,19.25,67.0,11.0,24.929,121.378
74DA38F20D1E,2026-02-18,08:20:40,15.5,100.0,30.0,25.048,121.573
74DA38F20AAA,2026-02-18,08:20:49,14.5,100.0,10.0,24.6,120.999
74DA38F7C514,2026-02-18,08:20:59,15.75,98.0,22.0,25.051,121.518
74DA38F7C5BE,2026-02-18,08:20:59,16.25,79.0,26.0,25.092,121.523
74DA38F7C560,2026-02-18,08:21:00,14.12,100.0,0.0,25.079,121.671
74DA38F20BCA,2026-02-18,08:21:07,14.75,99.0,0.0,25.079,121.58
74DA38F7C566,2026-02-18,08:21:07,16.25,100.0,0.0,25.051,121.448
74DA38ED06E0,2026-02-18,08:21:10,19.25,94.0,0.0,23.601,121.521
74DA38F20D2A,2026-02-18,08:21:10,16.0,71.0,1.0,25.048,121.573
74DA38F7C40C,2026-02-18,08:21:11,15.0,100.0,0.0,24.995,121.52
74DA38F20B26,2026-02-18,08:21:16,23.25,100.0,17.0,22.783,120.247
74DA38ED0454,2026-02-18,08:21:19,19.37,100.0,39.0,24.053,121.599
74DA38ED0640,2026-02-18,08:21:20,16.5,100.0,3.0,23.154,121.266
74DA38F20D4C,2026-02-18,08:21:21,19.37,100.0,0.0,22.971,121.303
74DA38F20C26,2026-02-18,08:21:22,24.87,68.0,11.0,22.676,120.342
74DA38F208E2,2026-02-18,08:21:24,15.87,100.0,6.0,24.688,121.766
74DA38F7C260,2026-02-18,08:21:31,15.5,100.0,0.0,25.065,121.425
74DA38F20EB2,2026-02-18,08:21:32,12.12,100.0,16.0,24.324,120.835
74DA38F2118E,2026-02-18,08:21:45,14.5,100.0,46.0,26.148,119.935
74DA38F20D1A,2026-02-18,08:21:47,15.37,85.0,0.0,25.078,121.541
74DA38F207DE,2026-02-18,08:21:49,23.62,100.0,18.0,22.603,120.34
74DA38F21024,2026-02-18,08:21:49,15.75,100.0,1.0,24.93,121.036
74DA38F20AA4,2026-02-18,08:21:53,26.62,83.0,14.0,22.685,120.492
74DA38F210E4,2026-02-18,08:22:08,21.25,100.0,9.0,23.24,120.696
74DA38F21204,2026-02-18,08:22:08,21.5,100.0,1.0,25.062,121.451
74DA38F20902,2026-02-18,08:22:13,23.37,94.0,2.0,22.204,120.7
74DA38ED05B6,2026-02-18,08:22:18,17.12,100.0,9.0,23.43,121.348
74DA38F20E34,2026-02-18,08:22:18,23.12,75.0,13.0,22.586,120.313
74DA38F7C30E,2026-02-18,08:22:21,15.25,100.0,20.0,24.949,121.382
74DA38F7C4CC,2026-02-18,08:22:21,15.12,100.0,13.0,25.062,121.451
74DA38F7C39A,2026-02-18,08:22:23,15.5,100.0,0.0,25.002,121.414
74DA38F7C3BA,2026-02-18,08:22:25,118.87,46.0,131.0,25.174,121.441
74DA38F20B88,2026-02-18,08:22:28,23.0,100.0,0.0,22.75,120.316
74DA38ED059C,2026-02-18,08:22:35,16.87,100.0,7.0,23.706,121.412
74DA38F7C63C,2026-02-18,08:22:41,85.25,100.0,15.0,24.998,121.425
74DA38F7C616,2026-02-18,08:22:45,15.5,100.0,0.0,25.031,121.563
74DA38F20A78,2026-02-18,08:22:51,18.12,100.0,2.0,22.904,121.124
74DA38F210F6,2026-02-18,08:22:54,21.5,100.0,1.0,22.757426,121.158891
74DA38F209B2,2026-02-18,08:23:02,22.5,100.0,0.0,22.363,120.599
74DA38F21136,2026-02-18,08:23:02,15.12,100.0,16.0,25.119,121.505
74DA38F7C3DE,2026-02-18,08:23:14,16.0,100.0,297.0,24.972,121.537
74DA38F7C600,2026-02-18,08:23:15,21.12,55.0,9.0,25.07,121.586
74DA38F20C22,2026-02-18,08:23:16,24.12,100.0,0.0,22.729,120.357
74DA38F20A30,2026-02-18,08:23:17,15.0,87.0,0.0,24.948,121.372
74DA38F20D70,2026-02-18,08:23:22,17.5,100.0,0.0,23.05,121.164
74DA38F7C37C,2026-02-18,08:23:23,12.37,100.0,0.0,25.111,121.856
74DA38F20D16,2026-02-18,08:23:28,16.37,100.0,27.0,25.062,121.526
74DA38ED04F2,2026-02-18,08:23:36,17.87,100.0,5.0,23.468,121.496
74DA38F20B82,2026-02-18,08:23:36,-4.0,0.0,0.0,22.847,120.465
74DA38F209F8,2026-02-18,08:23:37,17.0,100.0,0.0,23.157,121.4
74DA38F7C464,2026-02-18,08:23:49,14.25,32.0,0.0,25.006,121.413
74DA38F7C3D6,2026-02-18,08:23:50,15.87,100.0,0.0,25.045,121.541
74DA38F7C41E,2026-02-18,08:23:55,16.62,74.0,20.0,25.054,121.517
74DA38F7C4DE,2026-02-18,08:23:56,16.37,100.0,0.0,25.09,121.462
74DA38F7C570,2026-02-18,08:23:59,14.0,100.0,0.0,25.239,121.63
74DA38F20F0A,2026-02-18,08:24:00,23.75,100.0,17.0,22.995,120.635
74DA38F21054,2026-02-18,08:24:02,25.12,62.0,21.0,22.898,120.627
74DA38F20DC0,2026-02-18,08:24:03,22.37,100.0,15.0,22.711,120.295
74DA38F20976,2026-02-18,08:24:07,15.37,89.0,23.0,25.127,121.746
74DA38F20B80,2026-02-18,08:24:19,22.75,100.0,7.0,22.599,120.35
74DA38F20E9E,2026-02-18,08:24:37,15.0,100.0,13.0,24.648,121.151
74DA38F20AE6,2026-02-18,08:24:38,25.37,100.0,11.0,22.63,120.348
74DA38F20D2E,2026-02-18,08:24:41,15.62,100.0,0.0,25.06,121.545
74DA38F20E6E,2026-02-18,08:24:42,15.0,83.0,0.0,24.41,120.902
74DA38F7C366,2026-02-18,08:24:44,15.37,100.0,12.0,25.002,121.516
74DA38F20DE0,2026-02-18,08:24:52,25.25,96.0,0.0,22.589,120.328
74DA38F7C31C,2026-02-18,08:25:06,15.12,100.0,1.0,24.93,121.372
74DA38F7C562,2026-02-18,08:25:06,15.37,82.0,23.0,25.021,121.418
74DA38F20BD0,2026-02-18,08:25:15,-4.0,0.0,12.0,22.688,120.408
74DA38F7C3DC,2026-02-18,08:25:16,14.5,100.0,26.0,25.003,121.539
74DA38F209A4,2026-02-18,08:25:18,24.37,100.0,0.0,22.702,120.572
74DA38F21048,2026-02-18,08:25:18,22.75,100.0,11.0,22.595,120.341
74DA38F7C5E6,2026-02-18,08:25:28,16.25,100.0,13.0,25.107,121.843
74DA38F7C610,2026-02-18,08:25:28,17.25,79.0,21.0,25.063,121.564
74DA38F7C338,2026-02-18,08:25:34,18.0,92.0,19.0,25.011,121.458
74DA38F7C53C,2026-02-18,08:25:36,14.12,100.0,0.0,25.11,121.804
74DA38F20BE4,2026-02-18,08:25:50,14.37,100.0,37.0,24.791,120.957
74DA38F209EE,2026-02-18,08:25:55,20.0,100.0,0.0,23.026,121.33
74DA38F7C5A0,2026-02-18,08:25:57,15.5,90.0,0.0,25.107,121.518
74DA38F20DD0,2026-02-18,08:26:04,23.0,100.0,1.0,22.6080258,120.3229833
74DA38F209DE,2026-02-18,08:26:08,15.12,100.0,6.0,24.861,120.964
74DA38F7C30C,2026-02-18,08:26:08,15.12,98.0,0.0,24.975,121.532
74DA38F2113E,2026-02-18,08:26:10,-4.0,0.0,2.0,22.728,120.313
74DA38F20D6C,2026-02-18,08:26:14,21.87,81.0,0.0,22.661,120.301
74DA38F7C59C,2026-02-18,08:26:17,15.62,75.0,29.0,25.103,121.487
74DA38F7C5CE,2026-02-18,08:26:17,15.12,88.0,0.0,25.066,121.656
74DA38ED05EA,2026-02-18,08:26:21,17.25,100.0,6.0,23.394,121.357
74DA38F210A2,2026-02-18,08:26:23,15.62,100.0,6.0,25.12,121.466
74DA38F209A8,2026-02-18,08:26:30,-4.0,0.0,0.0,22.401,120.577
74DA38ED0630,2026-02-18,08:26:32,19.25,100.0,0.0,23.994,121.594
74DA38F7C29C,2026-02-18,08:26:32,15.87,100.0,21.0,25.02,121.416
74DA38F7C47E,2026-02-18,08:26:37,16.25,100.0,32.0,25.053963,121.427681
74DA38F21088,2026-02-18,08:26:45,15.37,100.0,0.0,25.068,121.588
74DA38F7C47C,2026-02-18,08:26:45,15.87,96.0,0.0,25.055,121.455
74DA38F7C3B2,2026-02-18,08:26:49,19.25,67.0,10.0,24.929,121.378
74DA38F20AAA,2026-02-18,08:27:03,14.5,100.0,11.0,24.6,120.999
74DA38F20D1E,2026-02-18,08:27:03,15.62,100.0,31.0,25.048,121.573
74DA38F7C524,2026-02-18,08:27:10,13.62,100.0,56.0,25.002,121.552
74DA38F7C5BE,2026-02-18,08:27:17,16.12,79.0,26.0,25.092,121.523
74DA38F7C514,2026-02-18,08:27:18,15.75,98.0,23.0,25.051,121.518
74DA38F7C40C,2026-02-18,08:27:24,15.0,100.0,0.0,24.995,121.52
74DA38ED0640,2026-02-18,08:27:34,16.37,100.0,3.0,23.154,121.266
74DA38F20C26,2026-02-18,08:27:35,24.87,68.0,11.0,22.676,120.342
74DA38F7C560,2026-02-18,08:27:36,14.12,100.0,0.0,25.079,121.671
74DA38F208E2,2026-02-18,08:27:40,16.12,100.0,23.0,24.688,121.766
74DA38F7C566,2026-02-18,08:27:43,16.37,100.0,0.0,25.051,121.448
74DA38F20BCA,2026-02-18,08:27:44,14.75,99.0,1.0,25.079,121.58
74DA38F20D2A,2026-02-18,08:27:46,16.0,71.0,0.0,25.048,121.573
74DA38F20EB2,2026-02-18,08:27:47,11.87,100.0,17.0,24.324,120.835
74DA38ED0454,2026-02-18,08:27:48,19.12,100.0,34.0,24.053,121.599
74DA38F20D4C,2026-02-18,08:27:54,19.37,100.0,0.0,22.971,121.303
74DA38F20B5C,2026-02-18,08:28:00,-4.0,0.0,18.0,22.798,120.293
74DA38F207DE,2026-02-18,08:28:03,23.62,100.0,18.0,22.603,120.34
74DA38F20AA4,2026-02-18,08:28:05,26.62,83.0,14.0,22.685,120.492
74DA38F7C260,2026-02-18,08:28:08,15.5,100.0,1.0,25.065,121.425
74DA38F21024,2026-02-18,08:28:22,15.75,100.0,0.0,24.93,121.036
74DA38F210E4,2026-02-18,08:28:22,21.37,100.0,9.0,23.24,120.696
74DA38F20D1A,2026-02-18,08:28:23,15.37,85.0,0.0,25.078,121.541
74DA38F21204,2026-02-18,08:28:25,21.5,100.0,2.0,25.062,121.451
74DA38F2118E,2026-02-18,08:28:26,14.37,100.0,46.0,26.148,119.935
74DA38F7C3BA,2026-02-18,08:28:31,118.87,46.0,130.0,25.174,121.441
74DA38F20902,2026-02-18,08:28:32,23.37,94.0,3.0,22.204,120.7
74DA38F20E34,2026-02-18,08:28:32,23.12,75.0,12.0,22.586,120.313
74DA38F7C4CC,2026-02-18,08:28:34,15.37,100.0,14.0,25.062,121.451
74DA38ED05B6,2026-02-18,08:28:35,17.25,100.0,10.0,23.43,121.348
74DA38F7C30E,2026-02-18,08:28:37,15.12,100.0,21.0,24.949,121.382
74DA38ED059C,2026-02-18,08:28:48,16.87,100.0,7.0,23.706,121.412
74DA38F7C63C,2026-02-18,08:28:54,85.25,100.0,15.0,24.998,121.425
74DA38F7C616,2026-02-18,08:28:58,15.62,100.0,0.0,25.031,121.563
74DA38F7C39A,2026-02-18,08:28:59,15.5,100.0,0.0,25.002,121.414
74DA38F20B88,2026-02-18,08:29:02,22.87,100.0,0.0,22.75,120.316
74DA38F20A78,2026-02-18,08:29:03,18.0,100.0,3.0,22.904,121.124
74DA38F210F6,2026-02-18,08:29:05,21.62,100.0,1.0,22.757426,121.158891
74DA38F7C3DE,2026-02-18,08:29:15,16.12,100.0,273.0,24.972,121.537
74DA38F7C600,2026-02-18,08:29:27,20.87,59.0,9.0,25.07,121.586
74DA38F2104E,2026-02-18,08:29:35,23.12,97.0,25.0,23.108,120.7
74DA38F209B2,2026-02-18,08:29:36,22.62,100.0,0.0,22.363,120.599
74DA38F20D70,2026-02-18,08:29:36,17.5,100.0,0.0,23.05,121.164
74DA38F20D16,2026-02-18,08:29:45,16.37,100.0,28.0,25.062,121.526
74DA38F20C22,2026-02-18,08:29:52,24.12,100.0,0.0,22.729,120.357
74DA38F20A30,2026-02-18,08:29:54,15.0,87.0,0.0,24.948,121.372
74DA38F7C37C,2026-02-18,08:29:58,12.37,100.0,0.0,25.111,121.856
74DA38ED04F2,2026-02-18,08:30:10,17.62,100.0,5.0,23.468,121.496
74DA38F7C41E,2026-02-18,08:30:10,16.62,74.0,20.0,25.054,121.517
74DA38F209F8,2026-02-18,08:30:12,16.87,100.0,0.0,23.157,121.4
74DA38F20F0A,2026-02-18,08:30:12,23.62,100.0,17.0,22.995,120.635
74DA38F7C4DE,2026-02-18,08:30:13,16.12,100.0,0.0,25.09,121.462
74DA38F21054,2026-02-18,08:30:14,25.12,62.0,21.0,22.898,120.627
74DA38F7C464,2026-02-18,08:30:23,14.25,34.0,0.0,25.006,121.413
74DA38F20976,2026-02-18,08:30:24,15.37,90.0,25.0,25.127,121.746
74DA38F7C3D6,2026-02-18,08:30:25,15.87,100.0,0.0,25.045,121.541
74DA38F7C570,2026-02-18,08:30:35,14.12,100.0,1.0,25.239,121.63
74DA38F20DC0,2026-02-18,08:30:45,22.25,100.0,3.0,22.711,120.295
74DA38F20E6E,2026-02-18,08:30:50,14.87,83.0,0.0,24.41,120.902
74DA38F20E9E,2026-02-18,08:30:50,15.12,100.0,14.0,24.648,121.151
74DA38F20AE6,2026-02-18,08:30:51,25.25,100.0,11.0,22.63,120.348
74DA38F20B80,2026-02-18,08:30:54,22.62,100.0,10.0,22.599,120.35
74DA38F7C366,2026-02-18,08:30:57,15.5,100.0,12.0,25.002,121.516
74DA38F20D2E,2026-02-18,08:31:16,15.5,100.0,0.0,25.06,121.545
74DA38F20DE0,2026-02-18,08:31:28,25.25,97.0,1.0,22.589,120.328
74DA38F7C3DC,2026-02-18,08:31:31,14.5,100.0,26.0,25.003,121.539
74DA38F7C610,2026-02-18,08:31:43,17.25,79.0,22.0,25.063,121.564
74DA38F7C31C,2026-02-18,08:31:44,15.0,100.0,1.0,24.93,121.372
74DA38F7C562,2026-02-18,08:31:46,15.12,92.0,24.0,25.021,121.418
74DA38F7C5E6,2026-02-18,08:31:46,16.12,100.0,14.0,25.107,121.843
74DA38F209A4,2026-02-18,08:31:51,24.25,100.0,0.0,22.702,120.572
74DA38F21048,2026-02-18,08:31:53,22.62,100.0,12.0,22.595,120.341
74DA38F7C338,2026-02-18,08:31:57,18.0,92.0,19.0,25.011,121.458
74DA38F209EE,2026-02-18,08:32:06,20.0,100.0,0.0,23.026,121.33
74DA38F20BE4,2026-02-18,08:32:08,14.25,100.0,36.0,24.791,120.957
74DA38F7C53C,2026-02-18,08:32:12,13.87,100.0,1.0,25.11,121.804
74DA38F7C30C,2026-02-18,08:32:22,15.12,98.0,0.0,24.975,121.532
74DA38F7C59C,2026-02-18,08:32:32,15.75,75.0,29.0,25.103,121.487
74DA38F7C5A0,2026-02-18,08:32:32,15.5,89.0,0.0,25.107,121.518
74DA38F210A2,2026-02-18,08:32:34,15.62,100.0,6.0,25.12,121.466
74DA38ED05EA,2026-02-18,08:32:37,17.25,100.0,7.0,23.394,121.357
74DA38F20DD0,2026-02-18,08:32:38,22.75,100.0,1.0,22.6080258,120.3229833
74DA38F209DE,2026-02-18,08:32:44,15.25,100.0,5.0,24.861,120.964
74DA38F7C29C,2026-02-18,08:32:45,15.87,100.0,19.0,25.02,121.416
74DA38F20D6C,2026-02-18,08:32:48,21.62,81.0,0.0,22.661,120.301
74DA38F7C5CE,2026-02-18,08:32:52,15.0,88.0,0.0,25.066,121.656
74DA38F7C47E,2026-02-18,08:32:54,16.37,100.0,30.0,25.053963,121.427681
74DA38F7C47C,2026-02-18,08:33:00,15.75,96.0,0.0,25.055,121.455
74DA38F7C3B2,2026-02-18,08:33:01,19.25,67.0,11.0,24.929,121.378
74DA38ED0630,2026-02-18,08:33:07,19.12,100.0,0.0,23.994,121.594
74DA38F20B82,2026-02-18,08:33:14,-4.0,0.0,1.0,22.847,120.465
74DA38F20AAA,2026-02-18,08:33:17,14.37,100.0,11.0,24.6,120.999
74DA38F21088,2026-02-18,08:33:19,15.25,100.0,1.0,25.068,121.588
74DA38F20D1E,2026-02-18,08:33:23,15.62,100.0,30.0,25.048,121.573
74DA38F7C514,2026-02-18,08:33:34,15.75,98.0,23.0,25.051,121.518
74DA38F7C5BE,2026-02-18,08:33:34,16.12,79.0,27.0,25.092,121.523
74DA38F2113E,2026-02-18,08:33:35,-4.0,0.0,2.0,22.728,120.313
74DA38F7C40C,2026-02-18,08:33:38,15.0,100.0,0.0,24.995,121.52
74DA38ED06E0,2026-02-18,08:33:47,19.37,93.0,0.0,23.601,121.521
74DA38ED0640,2026-02-18,08:33:48,16.37,100.0,3.0,23.154,121.266
74DA38F20C26,2026-02-18,08:33:49,24.87,68.0,12.0,22.676,120.342
74DA38F7C524,2026-02-18,08:33:52,13.62,100.0,57.0,25.002,121.552
74DA38F208E2,2026-02-18,08:33:54,16.12,100.0,25.0,24.688,121.766
74DA38F20B26,2026-02-18,08:33:57,23.12,100.0,17.0,22.783,120.247
74DA38F20EB2,2026-02-18,08:34:02,11.87,100.0,17.0,24.324,120.835
74DA38F7C560,2026-02-18,08:34:11,14.12,100.0,0.0,25.079,121.671
74DA38F7C566,2026-02-18,08:34:17,16.37,100.0,0.0,25.051,121.448
74DA38F20AA4,2026-02-18,08:34:18,26.5,83.0,14.0,22.685,120.492
74DA38F20BCA,2026-02-18,08:34:20,14.75,100.0,0.0,25.079,121.58
74DA38F20D2A,2026-02-18,08:34:23,16.0,71.0,0.0,25.048,121.573
74DA38F207DE,2026-02-18,08:34:25,23.5,100.0,18.0,22.603,120.34
74DA38F20D4C,2026-02-18,08:34:28,19.25,100.0,0.0,22.971,121.303
74DA38F7C3BA,2026-02-18,08:34:34,118.87,46.0,125.0,25.174,121.441
74DA38F210E4,2026-02-18,08:34:35,21.25,100.0,9.0,23.24,120.696
74DA38F21204,2026-02-18,08:34:38,21.5,100.0,1.0,25.062,121.451
74DA38F7C260,2026-02-18,08:34:43,15.5,100.0,0.0,25.065,121.425
74DA38F20902,2026-02-18,08:34:44,23.25,94.0,3.0,22.204,120.7
74DA38F20E34,2026-02-18,08:34:45,22.87,75.0,13.0,22.586,120.313
74DA38F7C4CC,2026-02-18,08:34:48,15.37,100.0,15.0,25.062,121.451
74DA38ED05B6,2026-02-18,08:34:52,17.12,100.0,10.0,23.43,121.348
74DA38F7C30E,2026-02-18,08:34:54,15.0,100.0,21.0,24.949,121.382
74DA38F20D1A,2026-02-18,08:34:57,15.37,85.0,0.0,25.078,121.541
74DA38F21024,2026-02-18,08:34:57,15.75,100.0,0.0,24.93,121.036
74DA38ED059C,2026-02-18,08:35:01,16.87,100.0,12.0,23.706,121.412
74DA38F2118E,2026-02-18,08:35:07,14.25,100.0,44.0,26.148,119.935
74DA38F7C63C,2026-02-18,08:35:11,85.25,100.0,16.0,24.998,121.425
74DA38F210F6,2026-02-18,08:35:15,21.62,100.0,1.0,22.757426,121.158891
74DA38F20A78,2026-02-18,08:35:16,18.0,100.0,3.0,22.904,121.124
74DA38F7C3DE,2026-02-18,08:35:16,16.0,100.0,300.0,24.972,121.537
74DA38F21136,2026-02-18,08:35:24,15.12,100.0,17.0,25.119,121.505
74DA38F7C616,2026-02-18,08:35:24,15.62,100.0,0.0,25.031,121.563
74DA38F20B88,2026-02-18,08:35:37,22.75,100.0,0.0,22.75,120.316
74DA38F7C600,2026-02-18,08:35:39,20.75,59.0,10.0,25.07,121.586
74DA38F7C39A,2026-02-18,08:35:41,15.5,100.0,0.0,25.002,121.414
74DA38F20BD0,2026-02-18,08:35:48,-4.0,0.0,12.0,22.688,120.408
74DA38F2104E,2026-02-18,08:35:48,23.0,98.0,25.0,23.108,120.7
74DA38F20D70,2026-02-18,08:35:50,17.5,100.0,0.0,23.05,121.164
74DA38F20D16,2026-02-18,08:36:01,16.37,100.0,26.0,25.062,121.526
74DA38F209B2,2026-02-18,08:36:10,22.62,100.0,0.0,22.363,120.599
74DA38F209A8,2026-02-18,08:36:14,-4.0,0.0,0.0,22.401,120.577
74DA38F20F0A,2026-02-18,08:36:25,23.62,100.0,16.0,22.995,120.635
74DA38F20C22,2026-02-18,08:36:26,24.12,100.0,0.0,22.729,120.357
74DA38F7C41E,2026-02-18,08:36:26,16.5,74.0,20.0,25.054,121.517
74DA38F21054,2026-02-18,08:36:27,25.12,62.0,22.0,22.898,120.627
74DA38ED04F2,2026-02-18,08:36:28,17.62,100.0,4.0,23.468,121.496
74DA38F20A30,2026-02-18,08:36:29,15.0,87.0,0.0,24.948,121.372
74DA38F7C4DE,2026-02-18,08:36:29,16.0,100.0,0.0,25.09,121.462
74DA38F7C37C,2026-02-18,08:36:33,12.37,100.0,1.0,25.111,121.856
74DA38F20976,2026-02-18,08:36:41,15.37,90.0,26.0,25.127,121.746
74DA38F209F8,2026-02-18,08:36:47,16.75,100.0,0.0,23.157,121.4
74DA38F7C3D6,2026-02-18,08:36:59,16.0,100.0,0.0,25.045,121.541
74DA38F20AE6,2026-02-18,08:37:04,25.25,100.0,11.0,22.63,120.348
74DA38F20E9E,2026-02-18,08:37:05,15.0,100.0,15.0,24.648,121.151
74DA38F7C570,2026-02-18,08:37:09,14.12,100.0,0.0,25.239,121.63
74DA38F7C366,2026-02-18,08:37:11,15.62,100.0,12.0,25.002,121.516
74DA38F7C464,2026-02-18,08:37:11,14.25,32.0,0.0,25.006,121.413
74DA38F20DC0,2026-02-18,08:37:19,22.25,100.0,1.0,22.711,120.295
74DA38F20B80,2026-02-18,08:37:29,22.62,100.0,46.0,22.599,120.35
74DA38F20B5C,2026-02-18,08:37:39,-4.0,0.0,18.0,22.798,120.293
74DA38F7C3DC,2026-02-18,08:37:46,14.5,100.0,27.0,25.003,121.539
74DA38F20D2E,2026-02-18,08:37:52,15.5,100.0,0.0,25.06,121.545
74DA38F7C610,2026-02-18,08:37:58,17.25,79.0,22.0,25.063,121.564
74DA38F7C5E6,2026-02-18,08:38:01,16.12,100.0,14.0,25.107,121.843
74DA38F20DE0,2026-02-18,08:38:03,25.12,97.0,0.0,22.589,120.328
74DA38F7C562,2026-02-18,08:38:06,15.0,99.0,23.0,25.021,121.418
74DA38F209EE,2026-02-18,08:38:17,19.87,100.0,0.0,23.026,121.33
74DA38F7C31C,2026-02-18,08:38:17,14.87,100.0,0.0,24.93,121.372
74DA38F7C338,2026-02-18,08:38:20,18.0,92.0,19.0,25.011,121.458
74DA38F20BE4,2026-02-18,08:38:24,14.25,100.0,37.0,24.791,120.957
74DA38F209A4,2026-02-18,08:38:29,24.12,100.0,0.0,22.702,120.572
74DA38F21048,2026-02-18,08:38:30,22.62,100.0,14.0,22.595,120.341
74DA38F7C30C,2026-02-18,08:38:40,15.12,98.0,0.0,24.975,121.532
74DA38F7C53C,2026-02-18,08:38:45,14.0,100.0,0.0,25.11,121.804
74DA38F210A2,2026-02-18,08:38:47,15.75,100.0,6.0,25.12,121.466
74DA38F7C59C,2026-02-18,08:38:48,15.62,75.0,31.0,25.103,121.487
74DA38ED05EA,2026-02-18,08:38:54,17.25,100.0,8.0,23.394,121.357
74DA38F7C29C,2026-02-18,08:39:00,16.0,100.0,20.0,25.02,121.416
74DA38F7C5A0,2026-02-18,08:39:07,15.5,90.0,0.0,25.107,121.518
74DA38F7C47E,2026-02-18,08:39:09,16.25,100.0,31.0,25.053963,121.427681
74DA38F20DD0,2026-02-18,08:39:13,22.87,100.0,2.0,22.6080258,120.3229833
74DA38F7C3B2,2026-02-18,08:39:14,19.25,67.0,11.0,24.929,121.378
74DA38F7C47C,2026-02-18,08:39:15,15.75,96.0,0.0,25.055,121.455
74DA38F209DE,2026-02-18,08:39:18,15.25,100.0,2.0,24.861,120.964
74DA38F20D6C,2026-02-18,08:39:21,21.5,81.0,0.0,22.661,120.301
74DA38F7C5CE,2026-02-18,08:39:26,15.0,88.0,0.0,25.066,121.656
74DA38F20AAA,2026-02-18,08:39:30,14.37,100.0,10.0,24.6,120.999
74DA38ED0630,2026-02-18,08:39:42,19.12,100.0,0.0,23.994,121.594
74DA38F20D1E,2026-02-18,08:39:43,15.62,100.0,30.0,25.048,121.573
74DA38F7C5BE,2026-02-18,08:39:50,16.0,79.0,27.0,25.092,121.523
74DA38F7C514,2026-02-18,08:39:51,15.87,98.0,23.0,25.051,121.518
74DA38F7C40C,2026-02-18,08:39:52,15.0,100.0,0.0,24.995,121.52
74DA38F21088,2026-02-18,08:39:56,15.25,100.0,0.0,25.068,121.588
74DA38F20C26,2026-02-18,08:40:03,25.0,68.0,12.0,22.676,120.342
74DA38ED0640,2026-02-18,08:40:05,16.12,100.0,3.0,23.154,121.266
74DA38F208E2,2026-02-18,08:40:07,16.0,100.0,24.0,24.688,121.766
74DA38F20B26,2026-02-18,08:40:12,23.12,100.0,16.0,22.783,120.247
74DA38F20EB2,2026-02-18,08:40:15,11.75,100.0,17.0,24.324,120.835
74DA38ED06E0,2026-02-18,08:40:20,19.37,93.0,0.0,23.601,121.521
74DA38F20AA4,2026-02-18,08:40:30,26.5,83.0,13.0,22.685,120.492
74DA38F7C524,2026-02-18,08:40:35,13.62,100.0,57.0,25.002,121.552
74DA38F207DE,2026-02-18,08:40:41,23.25,100.0,19.0,22.603,120.34
74DA38F7C3BA,2026-02-18,08:40:43,118.87,46.0,129.0,25.174,121.441
74DA38F7C560,2026-02-18,08:40:46,14.25,100.0,0.0,25.079,121.671
74DA38F210E4,2026-02-18,08:40:48,21.0,100.0,9.0,23.24,120.696
74DA38F7C566,2026-02-18,08:40:52,16.25,100.0,0.0,25.051,121.448
74DA38F20902,2026-02-18,08:40:56,23.12,93.0,3.0,22.204,120.7
74DA38F20BCA,2026-02-18,08:40:56,14.87,100.0,0.0,25.079,121.58
74DA38F21204,2026-02-18,08:40:56,21.5,100.0,1.0,25.062,121.451
74DA38F20D2A,2026-02-18,08:40:58,16.0,71.0,0.0,25.048,121.573
74DA38F2113E,2026-02-18,08:40:59,-4.0,0.0,4.0,22.728,120.313
74DA38F7C4CC,2026-02-18,08:41:01,15.25,100.0,14.0,25.062,121.451
74DA38ED05B6,2026-02-18,08:41:03,17.12,100.0,10.0,23.43,121.348
74DA38F20D4C,2026-02-18,08:41:03,19.37,100.0,0.0,22.971,121.303
74DA38F7C30E,2026-02-18,08:41:13,15.0,100.0,21.0,24.949,121.382
74DA38F7C3DE,2026-02-18,08:41:17,16.0,100.0,296.0,24.972,121.537
74DA38ED059C,2026-02-18,08:41:19,16.87,100.0,9.0,23.706,121.412
74DA38F7C260,2026-02-18,08:41:23,15.5,100.0,0.0,25.065,121.425
74DA38F7C63C,2026-02-18,08:41:25,85.25,100.0,14.0,24.998,121.425
74DA38F210F6,2026-02-18,08:41:26,21.37,100.0,3.0,22.757426,121.158891
74DA38F20A78,2026-02-18,08:41:29,17.87,100.0,2.0,22.904,121.124
74DA38F21024,2026-02-18,08:41:30,15.75,100.0,0.0,24.93,121.036
74DA38F20D1A,2026-02-18,08:41:32,15.37,85.0,0.0,25.078,121.541
74DA38F7C616,2026-02-18,08:41:39,15.62,100.0,0.0,25.031,121.563
74DA38F2118E,2026-02-18,08:41:46,14.25,100.0,42.0,26.148,119.935
74DA38F7C600,2026-02-18,08:41:51,20.62,58.0,9.0,25.07,121.586
74DA38F20D70,2026-02-18,08:42:02,17.5,100.0,0.0,23.05,121.164
74DA38F2104E,2026-02-18,08:42:04,22.75,99.0,28.0,23.108,120.7
74DA38F20B88,2026-02-18,08:42:11,22.62,100.0,0.0,22.75,120.316
74DA38F20D16,2026-02-18,08:42:16,16.25,100.0,27.0,25.062,121.526
74DA38F7C39A,2026-02-18,08:42:16,15.5,100.0,0.0,25.002,121.414
74DA38F20F0A,2026-02-18,08:42:37,23.5,100.0,15.0,22.995,120.635
74DA38F21054,2026-02-18,08:42:41,25.12,62.0,25.0,22.898,120.627
74DA38F7C41E,2026-02-18,08:42:41,16.5,74.0,20.0,25.054,121.517
74DA38F209B2,2026-02-18,08:42:43,22.37,100.0,0.0,22.363,120.599
74DA38F7C4DE,2026-02-18,08:42:43,15.75,100.0,0.0,25.09,121.462
74DA38ED04F2,2026-02-18,08:42:45,17.62,100.0,3.0,23.468,121.496
74DA38F20B82,2026-02-18,08:42:52,-4.0,0.0,1.0,22.847,120.465
74DA38F20976,2026-02-18,08:42:56,15.5,90.0,25.0,25.127,121.746
74DA38F20C22,2026-02-18,08:43:01,24.12,100.0,0.0,22.729,120.357
74DA38F20E6E,2026-02-18,08:43:04,14.87,83.0,0.0,24.41,120.902
74DA38F20A30,2026-02-18,08:43:07,15.0,87.0,0.0,24.948,121.372
74DA38F7C37C,2026-02-18,08:43:08,12.37,100.0,0.0,25.111,121.856
74DA38F20E9E,2026-02-18,08:43:16,15.0,100.0,14.0,24.648,121.151
74DA38F209F8,2026-02-18,08:43:20,16.87,100.0,0.0,23.157,121.4
74DA38F7C366,2026-02-18,08:43:25,15.75,100.0,12.0,25.002,121.516
74DA38F7C3D6,2026-02-18,08:43:33,16.0,100.0,0.0,25.045,121.541
74DA38F7C570,2026-02-18,08:43:43,14.12,100.0,0.0,25.239,121.63
74DA38F7C464,2026-02-18,08:43:49,14.25,33.0,0.0,25.006,121.413
74DA38F20DC0,2026-02-18,08:43:54,22.25,100.0,4.0,22.711,120.295
74DA38F7C3DC,2026-02-18,08:43:59,14.37,100.0,27.0,25.003,121.539
74DA38F20B80,2026-02-18,08:44:03,22.62,100.0,53.0,22.599,120.35
74DA38F7C610,2026-02-18,08:44:13,17.25,79.0,22.0,25.063,121.564
74DA38F7C5E6,2026-02-18,08:44:15,16.12,100.0,14.0,25.107,121.843
74DA38F20D2E,2026-02-18,08:44:24,15.62,100.0,0.0,25.06,121.545
74DA38F209EE,2026-02-18,08:44:28,19.75,100.0,0.0,23.026,121.33
74DA38F20DE0,2026-02-18,08:44:38,25.0,98.0,0.0,22.589,120.328
74DA38F20BE4,2026-02-18,08:44:40,14.12,100.0,37.0,24.791,120.957
74DA38F7C562,2026-02-18,08:44:50,14.5,100.0,23.0,25.021,121.418
74DA38F7C31C,2026-02-18,08:44:53,14.87,100.0,0.0,24.93,121.372
74DA38F210A2,2026-02-18,08:44:59,15.87,100.0,6.0,25.12,121.466
74DA38F209A4,2026-02-18,08:45:02,24.0,100.0,0.0,22.702,120.572
74DA38F7C30C,2026-02-18,08:45:02,15.25,98.0,0.0,24.975,121.532
74DA38F7C59C,2026-02-18,08:45:04,15.62,75.0,32.0,25.103,121.487
74DA38F21048,2026-02-18,08:45:05,22.62,100.0,14.0,22.595,120.341
74DA38ED05EA,2026-02-18,08:45:11,17.12,100.0,8.0,23.394,121.357
74DA38F7C29C,2026-02-18,08:45:13,15.87,100.0,20.0,25.02,121.416
74DA38F7C53C,2026-02-18,08:45:19,13.87,100.0,1.0,25.11,121.804
74DA38F7C47E,2026-02-18,08:45:23,16.25,100.0,32.0,25.053963,121.427681
74DA38F7C3B2,2026-02-18,08:45:28,19.25,67.0,11.0,24.929,121.378
74DA38F7C47C,2026-02-18,08:45:30,15.62,97.0,0.0,25.055,121.455
74DA38F7C5A0,2026-02-18,08:45:41,15.37,90.0,0.0,25.107,121.518
74DA38F20AAA,2026-02-18,08:45:42,14.37,100.0,12.0,24.6,120.999
74DA38F20DD0,2026-02-18,08:45:48,22.75,100.0,1.0,22.6080258,120.3229833
74DA38F209DE,2026-02-18,08:45:55,15.12,100.0,7.0,24.861,120.964
74DA38F20D6C,2026-02-18,08:45:55,21.62,82.0,0.0,22.661,120.301
74DA38F209A8,2026-02-18,08:45:59,-4.0,0.0,0.0,22.401,120.577
74DA38F7C5CE,2026-02-18,08:46:02,15.12,88.0,1.0,25.066,121.656
74DA38F7C40C,2026-02-18,08:46:05,14.87,100.0,0.0,24.995,121.52
74DA38F7C5BE,2026-02-18,08:46:05,16.0,79.0,27.0,25.092,121.523
74DA38F7C514,2026-02-18,08:46:08,16.0,98.0,22.0,25.051,121.518
74DA38F20C26,2026-02-18,08:46:15,24.87,68.0,12.0,22.676,120.342
74DA38F208E2,2026-02-18,08:46:18,15.87,100.0,13.0,24.688,121.766
74DA38ED0640,2026-02-18,08:46:22,16.0,100.0,3.0,23.154,121.266
74DA38F20BD0,2026-02-18,08:46:22,-4.0,0.0,12.0,22.688,120.408
74DA38F20B26,2026-02-18,08:46:29,23.12,100.0,16.0,22.783,120.247
74DA38F20EB2,2026-02-18,08:46:31,11.5,100.0,18.0,24.324,120.835
74DA38F21088,2026-02-18,08:46:31,15.25,100.0,0.0,25.068,121.588
74DA38ED0630,2026-02-18,08:46:39,19.0,100.0,0.0,23.994,121.594
74DA38ED06E0,2026-02-18,08:46:40,19.37,93.0,0.0,23.601,121.521
74DA38F20AA4,2026-02-18,08:46:43,26.5,84.0,13.0,22.685,120.492
74DA38F207DE,2026-02-18,08:46:54,23.12,100.0,19.0,22.603,120.34
74DA38F7C3BA,2026-02-18,08:46:54,118.87,46.0,130.0,25.174,121.441
74DA38F210E4,2026-02-18,08:47:05,20.75,100.0,10.0,23.24,120.696
74DA38F20902,2026-02-18,08:47:08,23.0,94.0,3.0,22.204,120.7
74DA38ED0454,2026-02-18,08:47:12,18.87,100.0,24.0,24.053,121.599
74DA38F21204,2026-02-18,08:47:14,21.5,100.0,1.0,25.062,121.451
74DA38F7C4CC,2026-02-18,08:47:14,15.25,100.0,14.0,25.062,121.451
74DA38ED05B6,2026-02-18,08:47:15,17.25,100.0,11.0,23.43,121.348
74DA38F20B5C,2026-02-18,08:47:17,-4.0,0.0,19.0,22.798,120.293
74DA38F7C3DE,2026-02-18,08:47:18,16.0,100.0,292.0,24.972,121.537
74DA38F7C524,2026-02-18,08:47:20,13.62,100.0,59.0,25.002,121.552
74DA38F7C560,2026-02-18,08:47:21,14.25,100.0,0.0,25.079,121.671
74DA38F20E34,2026-02-18,08:47:23,22.5,76.0,13.0,22.586,120.313
74DA38F7C566,2026-02-18,08:47:26,16.37,100.0,0.0,25.051,121.448
74DA38F7C30E,2026-02-18,08:47:27,15.0,100.0,20.0,24.949,121.382
74DA38F20BCA,2026-02-18,08:47:32,14.87,100.0,0.0,25.079,121.58
74DA38F20D2A,2026-02-18,08:47:36,15.87,71.0,1.0,25.048,121.573
74DA38F20D4C,2026-02-18,08:47:36,19.37,100.0,0.0,22.971,121.303
74DA38F210F6,2026-02-18,08:47:37,21.37,100.0,2.0,22.757426,121.158891
74DA38F7C63C,2026-02-18,08:47:38,85.25,100.0,14.0,24.998,121.425
74DA38F20A78,2026-02-18,08:47:41,17.62,100.0,2.0,22.904,121.124
74DA38F21136,2026-02-18,08:47:41,15.12,100.0,16.0,25.119,121.505
74DA38ED059C,2026-02-18,08:47:53,17.0,100.0,8.0,23.706,121.412
74DA38F7C616,2026-02-18,08:47:55,15.62,100.0,0.0,25.031,121.563
74DA38F7C260,2026-02-18,08:47:57,15.62,100.0,0.0,25.065,121.425
74DA38F7C600,2026-02-18,08:48:02,20.62,58.0,9.0,25.07,121.586
74DA38F21024,2026-02-18,08:48:05,15.75,100.0,0.0,24.93,121.036
74DA38F20D1A,2026-02-18,08:48:07,15.37,85.0,0.0,25.078,121.541
74DA38F20D70,2026-02-18,08:48:15,17.37,100.0,2.0,23.05,121.164
74DA38F2104E,2026-02-18,08:48:17,22.5,100.0,29.0,23.108,120.7
74DA38F2113E,2026-02-18,08:48:21,-4.0,0.0,2.0,22.728,120.313
74DA38F2118E,2026-02-18,08:48:24,14.12,100.0,42.0,26.148,119.935
74DA38F20D16,2026-02-18,08:48:35,16.25,100.0,27.0,25.062,121.526
74DA38F20B88,2026-02-18,08:48:45,22.5,100.0,0.0,22.75,120.316
74DA38F20F0A,2026-02-18,08:48:49,23.5,100.0,14.0,22.995,120.635
74DA38F7C39A,2026-02-18,08:48:51,15.5,100.0,0.0,25.002,121.414
74DA38F21054,2026-02-18,08:48:54,25.0,62.0,26.0,22.898,120.627
74DA38F7C41E,2026-02-18,08:48:55,16.5,74.0,20.0,25.054,121.517
74DA38ED04F2,2026-02-18,08:49:02,17.5,100.0,4.0,23.468,121.496
74DA38F20E6E,2026-02-18,08:49:11,14.75,84.0,0.0,24.41,120.902
74DA38F20976,2026-02-18,08:49:13,15.37,90.0,25.0,25.127,121.746
74DA38F7C4DE,2026-02-18,08:49:13,15.75,100.0,0.0,25.09,121.462
74DA38F209B2,2026-02-18,08:49:16,22.5,100.0,0.0,22.363,120.599
74DA38F20AE6,2026-02-18,08:49:28,25.25,100.0,10.0,22.63,120.348
74DA38F20C22,2026-02-18,08:49:34,24.0,100.0,0.0,22.729,120.357
74DA38F20E9E,2026-02-18,08:49:35,15.0,100.0,22.0,24.648,121.151
74DA38F7C366,2026-02-18,08:49:39,15.5,100.0,13.0,25.002,121.516
74DA38F7C37C,2026-02-18,08:49:43,12.37,100.0,0.0,25.111,121.856
74DA38F20A30,2026-02-18,08:49:44,14.87,87.0,1.0,24.948,121.372
74DA38F209F8,2026-02-18,08:49:53,16.75,100.0,0.0,23.157,121.4
74DA38F7C3D6,2026-02-18,08:50:06,16.0,100.0,0.0,25.045,121.541
74DA38F7C3DC,2026-02-18,08:50:13,14.5,100.0,26.0,25.003,121.539
74DA38F7C570,2026-02-18,08:50:17,14.25,100.0,0.0,25.239,121.63
74DA38F20DC0,2026-02-18,08:50:26,22.25,100.0,0.0,22.711,120.295
74DA38F7C610,2026-02-18,08:50:28,17.25,79.0,22.0,25.063,121.564
74DA38F7C464,2026-02-18,08:50:29,14.25,34.0,0.0,25.006,121.413
74DA38F7C5E6,2026-02-18,08:50:29,16.12,100.0,13.0,25.107,121.843
74DA38F209EE,2026-02-18,08:50:38,19.87,100.0,0.0,23.026,121.33
74DA38F20B80,2026-02-18,08:50:41,22.37,100.0,34.0,22.599,120.35
74DA38F20BE4,2026-02-18,08:50:54,14.12,100.0,37.0,24.791,120.957
74DA38F20D2E,2026-02-18,08:50:57,15.62,100.0,0.0,25.06,121.545
74DA38F7C338,2026-02-18,08:51:00,18.0,92.0,20.0,25.011,121.458
74DA38F210A2,2026-02-18,08:51:07,15.62,100.0,6.0,25.12,121.466
74DA38F20DE0,2026-02-18,08:51:09,24.87,98.0,0.0,22.589,120.328
74DA38F7C59C,2026-02-18,08:51:17,15.62,75.0,32.0,25.103,121.487
74DA38ED05EA,2026-02-18,08:51:21,17.25,100.0,10.0,23.394,121.357
74DA38F7C30C,2026-02-18,08:51:25,15.25,98.0,0.0,24.975,121.532
74DA38F7C29C,2026-02-18,08:51:26,15.87,100.0,21.0,25.02,121.416
74DA38F7C31C,2026-02-18,08:51:26,14.87,100.0,0.0,24.93,121.372
74DA38F209A4,2026-02-18,08:51:32,23.87,100.0,0.0,22.702,120.572
74DA38F21048,2026-02-18,08:51:35,22.5,100.0,14.0,22.595,120.341
74DA38F7C3B2,2026-02-18,08:51:37,19.25,67.0,12.0,24.929,121.378
74DA38F7C47E,2026-02-18,08:51:37,16.25,100.0,33.0,25.053963,121.427681
74DA38F7C47C,2026-02-18,08:51:40,15.75,96.0,0.0,25.055,121.455
74DA38F7C53C,2026-02-18,08:51:50,14.0,100.0,1.0,25.11,121.804
74DA38F20AAA,2026-02-18,08:51:53,14.37,100.0,11.0,24.6,120.999
74DA38F7C5A0,2026-02-18,08:52:12,15.37,90.0,0.0,25.107,121.518
74DA38F7C40C,2026-02-18,08:52:15,14.87,100.0,0.0,24.995,121.52
74DA38F20DD0,2026-02-18,08:52:18,22.5,100.0,1.0,22.6080258,120.3229833
74DA38F7C5BE,2026-02-18,08:52:18,15.87,79.0,29.0,25.092,121.523
74DA38F7C514,2026-02-18,08:52:20,15.62,98.0,23.0,25.051,121.518
74DA38F209DE,2026-02-18,08:52:24,15.25,100.0,3.0,24.861,120.964
74DA38F20D6C,2026-02-18,08:52:24,21.62,82.0,0.0,22.661,120.301
74DA38F20C26,2026-02-18,08:52:25,25.0,68.0,11.0,22.676,120.342
74DA38F20B82,2026-02-18,08:52:26,-4.0,0.0,0.0,22.847,120.465
74DA38F208E2,2026-02-18,08:52:29,15.62,100.0,19.0,24.688,121.766
74DA38F7C5CE,2026-02-18,08:52:33,15.0,88.0,0.0,25.066,121.656
74DA38F20EB2,2026-02-18,08:52:41,11.5,100.0,19.0,24.324,120.835
74DA38ED06E0,2026-02-18,08:52:52,19.37,93.0,0.0,23.601,121.521
74DA38F20AA4,2026-02-18,08:52:52,26.37,84.0,13.0,22.685,120.492
74DA38F20D1E,2026-02-18,08:52:58,15.75,100.0,29.0,25.048,121.573
74DA38F7C3BA,2026-02-18,08:52:58,118.87,46.0,133.0,25.174,121.441
74DA38F207DE,2026-02-18,08:53:03,23.25,100.0,20.0,22.603,120.34
74DA38F21088,2026-02-18,08:53:03,15.25,100.0,0.0,25.068,121.588
74DA38ED0630,2026-02-18,08:53:11,18.87,100.0,0.0,23.994,121.594
74DA38F210E4,2026-02-18,08:53:13,20.75,100.0,10.0,23.24,120.696
74DA38F7C3DE,2026-02-18,08:53:15,16.12,100.0,300.0,24.972,121.537
74DA38F20902,2026-02-18,08:53:17,22.87,95.0,3.0,22.204,120.7
74DA38F21204,2026-02-18,08:53:23,21.5,100.0,1.0,25.062,121.451
74DA38ED05B6,2026-02-18,08:53:25,17.5,100.0,11.0,23.43,121.348
74DA38F7C4CC,2026-02-18,08:53:25,15.25,100.0,14.0,25.062,121.451
74DA38F7C30E,2026-02-18,08:53:41,15.0,100.0,21.0,24.949,121.382
74DA38ED0454,2026-02-18,08:53:44,18.87,100.0,26.0,24.053,121.599
74DA38F20E34,2026-02-18,08:53:44,22.37,76.0,14.0,22.586,120.313
74DA38F210F6,2026-02-18,08:53:45,21.37,100.0,2.0,22.757426,121.158891
74DA38F7C63C,2026-02-18,08:53:49,85.25,100.0,14.0,24.998,121.425
74DA38F20A78,2026-02-18,08:53:50,17.62,100.0,2.0,22.904,121.124
74DA38F21136,2026-02-18,08:53:50,15.25,100.0,16.0,25.119,121.505
74DA38F7C560,2026-02-18,08:53:52,14.12,100.0,0.0,25.079,121.671
74DA38F7C524,2026-02-18,08:53:57,13.62,100.0,59.0,25.002,121.552
74DA38F7C566,2026-02-18,08:53:57,16.5,100.0,0.0,25.051,121.448
74DA38ED059C,2026-02-18,08:54:03,17.0,100.0,9.0,23.706,121.412
74DA38F20BCA,2026-02-18,08:54:03,14.87,99.0,0.0,25.079,121.58
74DA38F20D4C,2026-02-18,08:54:05,19.25,100.0,0.0,22.971,121.303
74DA38F20D2A,2026-02-18,08:54:06,16.25,71.0,0.0,25.048,121.573
74DA38F7C600,2026-02-18,08:54:09,20.62,58.0,9.0,25.07,121.586
74DA38F7C616,2026-02-18,08:54:19,15.75,100.0,0.0,25.031,121.563
74DA38F20D70,2026-02-18,08:54:23,17.25,100.0,0.0,23.05,121.164
74DA38F7C260,2026-02-18,08:54:28,15.5,100.0,0.0,25.065,121.425
74DA38F2104E,2026-02-18,08:54:30,22.37,100.0,29.0,23.108,120.7
74DA38F21024,2026-02-18,08:54:36,15.62,100.0,0.0,24.93,121.036
74DA38F20D1A,2026-02-18,08:54:40,15.12,86.0,0.0,25.078,121.541
74DA38F20D16,2026-02-18,08:54:46,16.12,100.0,27.0,25.062,121.526
74DA38F20F0A,2026-02-18,08:54:59,23.37,100.0,17.0,22.995,120.635
74DA38F2118E,2026-02-18,08:55:00,14.0,100.0,42.0,26.148,119.935
74DA38F21054,2026-02-18,08:55:06,25.12,62.0,27.0,22.898,120.627
74DA38F7C41E,2026-02-18,08:55:12,16.37,74.0,21.0,25.054,121.517
74DA38F20E6E,2026-02-18,08:55:14,14.75,84.0,0.0,24.41,120.902
74DA38ED04F2,2026-02-18,08:55:15,17.5,100.0,5.0,23.468,121.496
74DA38F20B88,2026-02-18,08:55:16,22.5,100.0,0.0,22.75,120.316
74DA38F7C39A,2026-02-18,08:55:22,15.5,100.0,0.0,25.002,121.414
74DA38F20976,2026-02-18,08:55:23,15.37,90.0,25.0,25.127,121.746
74DA38F7C4DE,2026-02-18,08:55:32,15.62,100.0,0.0,25.09,121.462
74DA38F20AE6,2026-02-18,08:55:36,25.25,100.0,11.0,22.63,120.348
74DA38F209A8,2026-02-18,08:55:40,-4.0,0.0,0.0,22.401,120.577
74DA38F2113E,2026-02-18,08:55:40,-4.0,0.0,2.0,22.728,120.313
74DA38F209B2,2026-02-18,08:55:46,22.37,100.0,0.0,22.363,120.599
74DA38F7C366,2026-02-18,08:55:46,15.37,100.0,13.0,25.002,121.516
74DA38F20E9E,2026-02-18,08:55:52,15.0,100.0,21.0,24.648,121.151
74DA38F20C22,2026-02-18,08:56:05,23.87,100.0,0.0,22.729,120.357
74DA38F20A30,2026-02-18,08:56:13,14.87,87.0,0.0,24.948,121.372
74DA38F7C37C,2026-02-18,08:56:14,12.37,100.0,0.0,25.111,121.856
74DA38F209F8,2026-02-18,08:56:24,16.75,100.0,0.0,23.157,121.4
74DA38F7C3DC,2026-02-18,08:56:24,14.5,100.0,28.0,25.003,121.539
74DA38F7C3D6,2026-02-18,08:56:37,15.87,100.0,0.0,25.045,121.541
74DA38F7C610,2026-02-18,08:56:38,17.25,79.0,21.0,25.063,121.564
74DA38F7C5E6,2026-02-18,08:56:39,16.12,100.0,15.0,25.107,121.843
74DA38F209EE,2026-02-18,08:56:45,19.87,100.0,0.0,23.026,121.33
74DA38F7C570,2026-02-18,08:56:45,14.12,100.0,0.0,25.239,121.63
74DA38F20B5C,2026-02-18,08:56:48,-4.0,0.0,20.0,22.798,120.293
74DA38F20BD0,2026-02-18,08:56:50,-4.0,0.0,12.0,22.688,120.408
74DA38F20DC0,2026-02-18,08:56:55,22.25,100.0,1.0,22.711,120.295
74DA38F20BE4,2026-02-18,08:57:07,14.12,100.0,37.0,24.791,120.957
74DA38F7C464,2026-02-18,08:57:09,13.87,31.0,3.0,25.006,121.413
74DA38F210A2,2026-02-18,08:57:15,15.75,100.0,6.0,25.12,121.466
74DA38F20B80,2026-02-18,08:57:16,22.25,100.0,34.0,22.599,120.35
74DA38F20D2E,2026-02-18,08:57:27,15.75,100.0,0.0,25.06,121.545
74DA38ED05EA,2026-02-18,08:57:29,17.25,100.0,11.0,23.394,121.357
74DA38F7C59C,2026-02-18,08:57:29,15.5,75.0,33.0,25.103,121.487
74DA38F7C29C,2026-02-18,08:57:35,15.87,100.0,20.0,25.02,121.416
74DA38F7C30C,2026-02-18,08:57:35,15.25,98.0,0.0,24.975,121.532
74DA38F20DE0,2026-02-18,08:57:39,25.0,98.0,0.0,22.589,120.328
74DA38F7C3B2,2026-02-18,08:57:46,19.25,67.0,11.0,24.929,121.378
74DA38F7C562,2026-02-18,08:57:46,14.87,100.0,24.0,25.021,121.418
74DA38F7C47E,2026-02-18,08:57:50,15.62,100.0,31.0,25.053963,121.427681
74DA38F7C47C,2026-02-18,08:57:51,15.75,97.0,0.0,25.055,121.455
74DA38F7C31C,2026-02-18,08:57:58,14.75,100.0,1.0,24.93,121.372
74DA38F20AAA,2026-02-18,08:58:00,14.37,100.0,11.0,24.6,120.999
74DA38F209A4,2026-02-18,08:58:02,23.87,100.0,0.0,22.702,120.572
74DA38F21048,2026-02-18,08:58:06,22.5,100.0,14.0,22.595,120.341
74DA38F7C53C,2026-02-18,08:58:20,14.0,100.0,1.0,25.11,121.804
74DA38F7C40C,2026-02-18,08:58:23,14.87,100.0,0.0,24.995,121.52
74DA38F7C514,2026-02-18,08:58:31,15.75,98.0,24.0,25.051,121.518
74DA38F7C5BE,2026-02-18,08:58:31,15.75,79.0,28.0,25.092,121.523
74DA38F20C26,2026-02-18,08:58:36,24.75,69.0,12.0,22.676,120.342
74DA38F208E2,2026-02-18,08:58:40,15.75,100.0,27.0,24.688,121.766
74DA38F7C5A0,2026-02-18,08:58:41,15.5,90.0,0.0,25.107,121.518
74DA38ED0640,2026-02-18,08:58:42,15.87,100.0,3.0,23.154,121.266
74DA38F20DD0,2026-02-18,08:58:49,22.37,100.0,9.0,22.6080258,120.3229833
74DA38F20EB2,2026-02-18,08:58:52,11.25,100.0,20.0,24.324,120.835
74DA38F209DE,2026-02-18,08:58:56,15.12,100.0,4.0,24.861,120.964
74DA38F20D6C,2026-02-18,08:58:58,21.5,82.0,0.0,22.661,120.301
74DA38F7C3BA,2026-02-18,08:59:00,118.87,46.0,138.0,25.174,121.441
74DA38ED06E0,2026-02-18,08:59:01,19.37,93.0,0.0,23.601,121.521
74DA38F20AA4,2026-02-18,08:59:03,26.37,84.0,13.0,22.685,120.492
74DA38F7C5CE,2026-02-18,08:59:04,15.12,88.0,2.0,25.066,121.656
74DA38F20B26,2026-02-18,08:59:06,23.0,100.0,16.0,22.783,120.247
74DA38F20D1E,2026-02-18,08:59:11,15.62,100.0,30.0,25.048,121.573
74DA38F7C3DE,2026-02-18,08:59:11,16.0,100.0,282.0,24.972,121.537
74DA38F207DE,2026-02-18,08:59:12,23.25,100.0,21.0,22.603,120.34
74DA38F210E4,2026-02-18,08:59:22,20.87,100.0,9.0,23.24,120.696
74DA38F20902,2026-02-18,08:59:25,22.5,96.0,2.0,22.204,120.7
74DA38F21088,2026-02-18,08:59:34,15.37,100.0,0.0,25.068,121.588
74DA38F7C4CC,2026-02-18,08:59:34,15.25,100.0,14.0,25.062,121.451
74DA38F21204,2026-02-18,08:59:35,21.37,100.0,1.0,25.062,121.451
74DA38ED0630,2026-02-18,08:59:43,18.75,100.0,0.0,23.994,121.594
74DA38ED05B6,2026-02-18,08:59:48,17.37,100.0,13.0,23.43,121.348
74DA38F210F6,2026-02-18,08:59:51,21.37,100.0,2.0,22.757426,121.158891
74DA38F20E34,2026-02-18,08:59:53,22.37,76.0,14.0,22.586,120.313
74DA38ED0454,2026-02-18,08:59:55,18.75,100.0,18.0,24.053,121.599
74DA38F7C30E,2026-02-18,08:59:55,15.0,100.0,21.0,24.949,121.382
74DA38F20A78,2026-02-18,08:59:57,17.62,100.0,2.0,22.904,121.124
74DA38F7C63C,2026-02-18,08:59:58,85.25,100.0,16.0,24.998,121.425
74DA38F21136,2026-02-18,09:00:00,15.12,100.0,18.0,25.119,121.505
74DA38ED059C,2026-02-18,09:00:13,17.0,100.0,9.0,23.706,121.412
74DA38F7C600,2026-02-18,09:00:15,20.75,58.0,9.0,25.07,121.586
74DA38F7C560,2026-02-18,09:00:23,14.25,100.0,0.0,25.079,121.671
74DA38F7C566,2026-02-18,09:00:27,16.5,100.0,0.0,25.051,121.448
74DA38F20D4C,2026-02-18,09:00:32,19.12,100.0,0.0,22.971,121.303
74DA38F20D70,2026-02-18,09:00:34,17.37,100.0,0.0,23.05,121.164
74DA38F20BCA,2026-02-18,09:00:35,14.87,100.0,0.0,25.079,121.58
74DA38F7C524,2026-02-18,09:00:35,13.62,100.0,58.0,25.002,121.552
74DA38F20D2A,2026-02-18,09:00:37,16.12,71.0,0.0,25.048,121.573
74DA38F2104E,2026-02-18,09:00:40,22.5,100.0,27.0,23.108,120.7
74DA38F7C616,2026-02-18,09:00:46,15.87,100.0,0.0,25.031,121.563
74DA38F20D16,2026-02-18,09:00:56,16.12,100.0,27.0,25.062,121.526
74DA38F7C260,2026-02-18,09:01:02,15.62,100.0,1.0,25.065,121.425
74DA38F21024,2026-02-18,09:01:04,15.62,100.0,0.0,24.93,121.036
74DA38F20D1A,2026-02-18,09:01:10,15.25,85.0,0.0,25.078,121.541
74DA38F20F0A,2026-02-18,09:01:12,23.25,100.0,23.0,22.995,120.635
74DA38F21054,2026-02-18,09:01:16,25.0,62.0,26.0,22.898,120.627
74DA38F20E6E,2026-02-18,09:01:17,14.75,84.0,0.0,24.41,120.902
74DA38F7C41E,2026-02-18,09:01:25,16.5,74.0,19.0,25.054,121.517
74DA38F20976,2026-02-18,09:01:33,15.37,90.0,26.0,25.127,121.746
74DA38F2118E,2026-02-18,09:01:35,14.12,100.0,42.0,26.148,119.935
74DA38F20AE6,2026-02-18,09:01:43,25.25,100.0,11.0,22.63,120.348
74DA38F7C4DE,2026-02-18,09:01:43,15.5,100.0,0.0,25.09,121.462
74DA38F20B88,2026-02-18,09:01:49,22.37,100.0,0.0,22.75,120.316
74DA38F7C39A,2026-02-18,09:01:53,15.37,100.0,0.0,25.002,121.414
74DA38F7C366,2026-02-18,09:01:54,15.25,100.0,12.0,25.002,121.516
74DA38F20B82,2026-02-18,09:02:00,-4.0,0.0,1.0,22.847,120.465
74DA38F20E9E,2026-02-18,09:02:05,15.0,100.0,18.0,24.648,121.151
74DA38F209B2,2026-02-18,09:02:13,22.37,100.0,0.0,22.363,120.599
74DA38F7C3DC,2026-02-18,09:02:34,14.37,100.0,27.0,25.003,121.539
74DA38F20C22,2026-02-18,09:02:37,23.75,100.0,0.0,22.729,120.357
74DA38F20A30,2026-02-18,09:02:42,14.87,88.0,0.0,24.948,121.372
74DA38F7C37C,2026-02-18,09:02:45,12.37,100.0,0.0,25.111,121.856
74DA38F7C610,2026-02-18,09:02:48,17.37,79.0,21.0,25.063,121.564
74DA38F209EE,2026-02-18,09:02:52,19.75,100.0,0.0,23.026,121.33
74DA38F209F8,2026-02-18,09:02:52,16.62,100.0,0.0,23.157,121.4
74DA38F7C5E6,2026-02-18,09:02:53,16.12,100.0,15.0,25.107,121.843
74DA38F2113E,2026-02-18,09:03:02,-4.0,0.0,3.0,22.728,120.313
74DA38F7C3D6,2026-02-18,09:03:08,16.0,100.0,0.0,25.045,121.541
74DA38F7C570,2026-02-18,09:03:15,14.25,100.0,0.0,25.239,121.63
74DA38F20BE4,2026-02-18,09:03:18,14.25,100.0,36.0,24.791,120.957
74DA38F20DC0,2026-02-18,09:03:25,22.12,100.0,1.0,22.711,120.295
74DA38F210A2,2026-02-18,09:03:25,15.87,100.0,6.0,25.12,121.466
74DA38ED05EA,2026-02-18,09:03:38,17.12,100.0,10.0,23.394,121.357
74DA38F7C59C,2026-02-18,09:03:43,15.5,75.0,32.0,25.103,121.487
74DA38F7C29C,2026-02-18,09:03:44,16.0,100.0,20.0,25.02,121.416
74DA38F7C30C,2026-02-18,09:03:44,15.25,98.0,0.0,24.975,121.532
74DA38F7C464,2026-02-18,09:03:47,13.87,32.0,4.0,25.006,121.413
74DA38F20B80,2026-02-18,09:03:50,22.12,100.0,31.0,22.599,120.35
74DA38F7C3B2,2026-02-18,09:03:55,19.25,67.0,11.0,24.929,121.378
74DA38F20D2E,2026-02-18,09:03:56,15.62,100.0,0.0,25.06,121.545
74DA38F7C338,2026-02-18,09:03:59,18.12,92.0,19.0,25.011,121.458
74DA38F7C562,2026-02-18,09:03:59,14.62,100.0,24.0,25.021,121.418
74DA38F7C47C,2026-02-18,09:04:01,15.87,97.0,0.0,25.055,121.455
74DA38F7C47E,2026-02-18,09:04:05,15.62,100.0,32.0,25.053963,121.427681
74DA38F20DE0,2026-02-18,09:04:08,24.87,99.0,0.0,22.589,120.328
74DA38F20AAA,2026-02-18,09:04:09,14.37,100.0,12.0,24.6,120.999
74DA38F7C31C,2026-02-18,09:04:30,14.87,100.0,1.0,24.93,121.372
74DA38F209A4,2026-02-18,09:04:31,23.87,100.0,0.0,22.702,120.572
74DA38F7C40C,2026-02-18,09:04:32,14.75,100.0,0.0,24.995,121.52
74DA38F21048,2026-02-18,09:04:36,22.5,100.0,12.0,22.595,120.341
74DA38F7C5BE,2026-02-18,09:04:42,15.62,80.0,27.0,25.092,121.523
74DA38F20C26,2026-02-18,09:04:44,24.5,68.0,13.0,22.676,120.342
74DA38F7C514,2026-02-18,09:04:44,16.0,98.0,23.0,25.051,121.518
74DA38F208E2,2026-02-18,09:04:49,15.87,100.0,25.0,24.688,121.766
74DA38ED0640,2026-02-18,09:04:51,15.75,100.0,3.0,23.154,121.266
74DA38F7C53C,2026-02-18,09:04:51,14.0,100.0,1.0,25.11,121.804
74DA38F20EB2,2026-02-18,09:05:03,11.12,100.0,21.0,24.324,120.835
74DA38F7C3BA,2026-02-18,09:05:05,118.87,46.0,130.0,25.174,121.441
74DA38F7C3DE,2026-02-18,09:05:08,16.0,100.0,284.0,24.972,121.537
74DA38F20AA4,2026-02-18,09:05:10,26.37,84.0,13.0,22.685,120.492
74DA38F7C5A0,2026-02-18,09:05:10,15.5,89.0,0.0,25.107,121.518
74DA38ED06E0,2026-02-18,09:05:11,19.37,93.0,0.0,23.601,121.521
74DA38F20B26,2026-02-18,09:05:15,22.87,100.0,17.0,22.783,120.247
74DA38F209A8,2026-02-18,09:05:20,-4.0,0.0,0.0,22.401,120.577
74DA38F20DD0,2026-02-18,09:05:20,22.12,100.0,16.0,22.6080258,120.3229833
74DA38F207DE,2026-02-18,09:05:23,23.12,100.0,21.0,22.603,120.34
74DA38F20D1E,2026-02-18,09:05:23,15.37,100.0,30.0,25.048,121.573
74DA38F209DE,2026-02-18,09:05:28,15.25,100.0,5.0,24.861,120.964
74DA38F20D6C,2026-02-18,09:05:29,21.5,82.0,0.0,22.661,120.301
74DA38F210E4,2026-02-18,09:05:32,20.75,100.0,10.0,23.24,120.696
74DA38F20902,2026-02-18,09:05:34,22.37,96.0,3.0,22.204,120.7
74DA38F7C5CE,2026-02-18,09:05:35,15.12,89.0,0.0,25.066,121.656
74DA38F21204,2026-02-18,09:05:44,21.37,100.0,0.0,25.062,121.451
74DA38F7C4CC,2026-02-18,09:05:45,15.37,100.0,16.0,25.062,121.451
74DA38ED05B6,2026-02-18,09:05:56,17.25,100.0,10.0,23.43,121.348
74DA38F210F6,2026-02-18,09:05:57,21.5,100.0,4.0,22.757426,121.158891
74DA38F20E34,2026-02-18,09:06:02,22.37,76.0,14.0,22.586,120.313
74DA38F21088,2026-02-18,09:06:02,15.37,100.0,0.0,25.068,121.588
74DA38F20A78,2026-02-18,09:06:05,17.5,100.0,3.0,22.904,121.124
74DA38F7C30E,2026-02-18,09:06:05,14.87,100.0,22.0,24.949,121.382
74DA38ED0454,2026-02-18,09:06:06,18.75,100.0,23.0,24.053,121.599
74DA38F7C63C,2026-02-18,09:06:08,85.25,100.0,16.0,24.998,121.425
74DA38F21136,2026-02-18,09:06:11,15.12,100.0,19.0,25.119,121.505
74DA38ED0630,2026-02-18,09:06:15,18.87,100.0,0.0,23.994,121.594
74DA38F20B5C,2026-02-18,09:06:19,-4.0,0.0,21.0,22.798,120.293
74DA38F7C600,2026-02-18,09:06:23,20.87,57.0,9.0,25.07,121.586
74DA38ED059C,2026-02-18,09:06:24,16.62,100.0,9.0,23.706,121.412
74DA38F20D70,2026-02-18,09:06:42,17.37,100.0,0.0,23.05,121.164
74DA38F2104E,2026-02-18,09:06:50,22.5,100.0,26.0,23.108,120.7
74DA38F7C560,2026-02-18,09:06:53,14.25,100.0,0.0,25.079,121.671
74DA38F7C566,2026-02-18,09:06:56,16.37,100.0,0.0,25.051,121.448
74DA38F7C616,2026-02-18,09:06:57,15.75,100.0,0.0,25.031,121.563
74DA38F20D4C,2026-02-18,09:07:00,19.0,100.0,0.0,22.971,121.303
74DA38F20BCA,2026-02-18,09:07:06,14.87,100.0,0.0,25.079,121.58
74DA38F20D2A,2026-02-18,09:07:07,16.0,71.0,0.0,25.048,121.573
74DA38F20D16,2026-02-18,09:07:11,16.12,100.0,28.0,25.062,121.526
74DA38F7C524,2026-02-18,09:07:11,13.62,100.0,58.0,25.002,121.552
74DA38F20BD0,2026-02-18,09:07:20,-4.0,0.0,13.0,22.688,120.408
74DA38F20E6E,2026-02-18,09:07:21,14.75,84.0,0.0,24.41,120.902
74DA38F20F0A,2026-02-18,09:07:24,22.87,100.0,26.0,22.995,120.635
74DA38F21054,2026-02-18,09:07:24,25.0,62.0,26.0,22.898,120.627
74DA38F21024,2026-02-18,09:07:33,15.62,100.0,0.0,24.93,121.036
74DA38F7C260,2026-02-18,09:07:35,15.5,100.0,0.0,25.065,121.425
74DA38F7C41E,2026-02-18,09:07:37,16.62,74.0,21.0,25.054,121.517
74DA38F20D1A,2026-02-18,09:07:40,15.25,85.0,0.0,25.078,121.541
74DA38F20976,2026-02-18,09:07:46,15.5,91.0,25.0,25.127,121.746
74DA38F20AE6,2026-02-18,09:07:52,25.25,100.0,11.0,22.63,120.348
74DA38F7C4DE,2026-02-18,09:07:58,15.5,100.0,0.0,25.09,121.462
74DA38ED04F2,2026-02-18,09:08:00,17.62,100.0,7.0,23.468,121.496
74DA38F7C366,2026-02-18,09:08:03,15.25,100.0,13.0,25.002,121.516
74DA38F2118E,2026-02-18,09:08:09,13.87,100.0,42.0,26.148,119.935
74DA38F20E9E,2026-02-18,09:08:17,14.87,100.0,19.0,24.648,121.151
74DA38F20B88,2026-02-18,09:08:18,22.25,100.0,0.0,22.75,120.316
74DA38F7C39A,2026-02-18,09:08:23,15.5,100.0,0.0,25.002,121.414
74DA38F209B2,2026-02-18,09:08:41,22.37,100.0,0.0,22.363,120.599
74DA38F7C3DC,2026-02-18,09:08:43,14.5,100.0,28.0,25.003,121.539
74DA38F7C610,2026-02-18,09:08:57,17.25,79.0,21.0,25.063,121.564
74DA38F209EE,2026-02-18,09:08:59,19.62,100.0,0.0,23.026,121.33
74DA38F7C5E6,2026-02-18,09:09:07,16.12,100.0,14.0,25.107,121.843
74DA38F20C22,2026-02-18,09:09:10,23.62,100.0,0.0,22.729,120.357
74DA38F20A30,2026-02-18,09:09:13,15.0,88.0,0.0,24.948,121.372
74DA38F7C37C,2026-02-18,09:09:15,12.5,100.0,0.0,25.111,121.856
74DA38F209F8,2026-02-18,09:09:23,16.62,100.0,0.0,23.157,121.4
74DA38F20BE4,2026-02-18,09:09:30,14.25,100.0,37.0,24.791,120.957
74DA38F210A2,2026-02-18,09:09:33,15.75,100.0,6.0,25.12,121.466
74DA38F7C3D6,2026-02-18,09:09:37,16.0,100.0,0.0,25.045,121.541
74DA38F7C570,2026-02-18,09:09:45,14.12,100.0,0.0,25.239,121.63
74DA38ED05EA,2026-02-18,09:09:47,17.12,100.0,9.0,23.394,121.357
74DA38F7C29C,2026-02-18,09:09:53,16.0,100.0,21.0,25.02,121.416
74DA38F7C30C,2026-02-18,09:09:54,15.37,98.0,0.0,24.975,121.532
74DA38F7C59C,2026-02-18,09:09:56,15.37,76.0,34.0,25.103,121.487
74DA38F20DC0,2026-02-18,09:09:57,22.0,100.0,1.0,22.711,120.295
74DA38F7C3B2,2026-02-18,09:10:03,19.25,67.0,12.0,24.929,121.378
74DA38F7C47C,2026-02-18,09:10:11,15.87,97.0,0.0,25.055,121.455
74DA38F7C47E,2026-02-18,09:10:17,15.5,100.0,32.0,25.053963,121.427681
74DA38F20AAA,2026-02-18,09:10:19,14.37,100.0,11.0,24.6,120.999
74DA38F2113E,2026-02-18,09:10:20,-4.0,0.0,4.0,22.728,120.313
74DA38F7C338,2026-02-18,09:10:23,18.0,92.0,19.0,25.011,121.458
74DA38F7C464,2026-02-18,09:10:23,13.75,32.0,2.0,25.006,121.413
74DA38F7C562,2026-02-18,09:10:23,14.62,100.0,24.0,25.021,121.418
74DA38F20D2E,2026-02-18,09:10:25,15.62,100.0,0.0,25.06,121.545
74DA38F20B80,2026-02-18,09:10:32,22.0,100.0,28.0,22.599,120.35
74DA38F20DE0,2026-02-18,09:10:40,24.75,99.0,1.0,22.589,120.328
74DA38F7C40C,2026-02-18,09:10:40,14.87,100.0,0.0,24.995,121.52
74DA38F20C26,2026-02-18,09:10:52,24.5,69.0,14.0,22.676,120.342
74DA38F7C5BE,2026-02-18,09:10:55,15.62,80.0,27.0,25.092,121.523
74DA38F7C514,2026-02-18,09:10:56,15.87,97.0,24.0,25.051,121.518
74DA38F208E2,2026-02-18,09:10:57,16.0,100.0,21.0,24.688,121.766
74DA38ED0640,2026-02-18,09:11:00,15.75,100.0,3.0,23.154,121.266
74DA38F209A4,2026-02-18,09:11:01,23.75,100.0,0.0,22.702,120.572
74DA38F7C31C,2026-02-18,09:11:04,14.75,100.0,0.0,24.93,121.372
74DA38F7C3DE,2026-02-18,09:11:05,16.0,100.0,301.0,24.972,121.537
74DA38F21048,2026-02-18,09:11:07,22.37,100.0,16.0,22.595,120.341
74DA38F7C3BA,2026-02-18,09:11:13,118.87,46.0,127.0,25.174,121.441
74DA38F20AA4,2026-02-18,09:11:17,26.25,85.0,12.0,22.685,120.492
74DA38F20EB2,2026-02-18,09:11:17,11.0,100.0,21.0,24.324,120.835
74DA38F7C53C,2026-02-18,09:11:21,14.12,100.0,0.0,25.11,121.804
74DA38ED06E0,2026-02-18,09:11:24,19.37,93.0,0.0,23.601,121.521
74DA38F20B26,2026-02-18,09:11:25,22.75,100.0,17.0,22.783,120.247
74DA38F207DE,2026-02-18,09:11:33,23.12,100.0,22.0,22.603,120.34
74DA38F20B82,2026-02-18,09:11:34,-4.0,0.0,1.0,22.847,120.465
74DA38F20D1E,2026-02-18,09:11:37,15.5,100.0,29.0,25.048,121.573
74DA38F7C5A0,2026-02-18,09:11:40,15.5,89.0,0.0,25.107,121.518
74DA38F210E4,2026-02-18,09:11:41,20.87,100.0,9.0,23.24,120.696
74DA38F20902,2026-02-18,09:11:42,22.37,96.0,3.0,22.204,120.7
74DA38F20DD0,2026-02-18,09:11:47,22.0,100.0,1.0,22.6080258,120.3229833
74DA38F7C4CC,2026-02-18,09:11:53,15.37,100.0,15.0,25.062,121.451
74DA38F20D6C,2026-02-18,09:11:57,21.5,82.0,2.0,22.661,120.301
74DA38F209DE,2026-02-18,09:12:00,15.12,100.0,4.0,24.861,120.964
74DA38F21204,2026-02-18,09:12:02,21.37,100.0,0.0,25.062,121.451
74DA38ED05B6,2026-02-18,09:12:05,17.25,100.0,11.0,23.43,121.348
74DA38F210F6,2026-02-18,09:12:05,21.37,100.0,16.0,22.757426,121.158891
74DA38F7C5CE,2026-02-18,09:12:05,15.12,89.0,0.0,25.066,121.656
74DA38F20E34,2026-02-18,09:12:10,22.25,76.0,14.0,22.586,120.313
74DA38F20A78,2026-02-18,09:12:13,17.62,100.0,3.0,22.904,121.124
74DA38F7C30E,2026-02-18,09:12:15,14.87,100.0,22.0,24.949,121.382
74DA38F7C63C,2026-02-18,09:12:16,85.25,100.0,15.0,24.998,121.425
74DA38F21136,2026-02-18,09:12:21,15.0,100.0,18.0,25.119,121.505
74DA38F7C600,2026-02-18,09:12:30,21.0,57.0,9.0,25.07,121.586
74DA38F21088,2026-02-18,09:12:33,15.37,100.0,0.0,25.068,121.588
74DA38ED059C,2026-02-18,09:12:35,16.37,100.0,11.0,23.706,121.412
74DA38ED0454,2026-02-18,09:12:45,18.62,100.0,21.0,24.053,121.599
74DA38ED0630,2026-02-18,09:12:46,18.87,100.0,0.0,23.994,121.594
74DA38F20D70,2026-02-18,09:12:51,17.25,100.0,0.0,23.05,121.164
74DA38F2104E,2026-02-18,09:13:01,22.62,99.0,26.0,23.108,120.7
74DA38F7C616,2026-02-18,09:13:06,15.62,100.0,0.0,25.031,121.563
74DA38F20D16,2026-02-18,09:13:23,16.25,100.0,27.0,25.062,121.526
74DA38F20E6E,2026-02-18,09:13:23,14.5,84.0,0.0,24.41,120.902
74DA38F7C560,2026-02-18,09:13:24,14.12,100.0,0.0,25.079,121.671
74DA38F7C566,2026-02-18,09:13:26,16.25,100.0,0.0,25.051,121.448
74DA38F20D4C,2026-02-18,09:13:29,18.87,100.0,0.0,22.971,121.303
74DA38F21054,2026-02-18,09:13:33,25.0,62.0,25.0,22.898,120.627
74DA38F20BCA,2026-02-18,09:13:36,15.0,100.0,0.0,25.079,121.58
74DA38F20D2A,2026-02-18,09:13:37,15.87,71.0,0.0,25.048,121.573
74DA38F20F0A,2026-02-18,09:13:37,22.75,100.0,26.0,22.995,120.635
74DA38F7C41E,2026-02-18,09:13:47,16.62,74.0,20.0,25.054,121.517
74DA38F7C524,2026-02-18,09:13:48,13.62,100.0,58.0,25.002,121.552
74DA38F20976,2026-02-18,09:13:58,15.5,91.0,26.0,25.127,121.746
74DA38F20AE6,2026-02-18,09:14:00,25.25,100.0,11.0,22.63,120.348
74DA38F21024,2026-02-18,09:14:01,15.62,100.0,0.0,24.93,121.036
74DA38F7C260,2026-02-18,09:14:06,15.5,100.0,0.0,25.065,121.425
74DA38F20D1A,2026-02-18,09:14:11,15.12,86.0,0.0,25.078,121.541
74DA38ED04F2,2026-02-18,09:14:12,17.62,100.0,4.0,23.468,121.496
74DA38F7C366,2026-02-18,09:14:12,15.5,100.0,12.0,25.002,121.516
74DA38F7C4DE,2026-02-18,09:14:12,15.62,100.0,0.0,25.09,121.462
74DA38F20E9E,2026-02-18,09:14:25,15.0,100.0,17.0,24.648,121.151
74DA38F2118E,2026-02-18,09:14:45,13.87,100.0,41.0,26.148,119.935
74DA38F20B88,2026-02-18,09:14:49,22.25,100.0,0.0,22.75,120.316
74DA38F7C3DC,2026-02-18,09:14:53,14.62,100.0,26.0,25.003,121.539
74DA38F7C39A,2026-02-18,09:14:55,15.5,100.0,1.0,25.002,121.414
74DA38F209A8,2026-02-18,09:15:03,-4.0,0.0,0.0,22.401,120.577
74DA38F209EE,2026-02-18,09:15:06,19.62,100.0,0.0,23.026,121.33
74DA38F7C610,2026-02-18,09:15:07,17.37,79.0,21.0,25.063,121.564
74DA38F209B2,2026-02-18,09:15:12,22.37,100.0,2.0,22.363,120.599
74DA38F7C5E6,2026-02-18,09:15:19,16.12,100.0,16.0,25.107,121.843
74DA38F20A30,2026-02-18,09:15:42,14.87,87.0,0.0,24.948,121.372
74DA38F20C22,2026-02-18,09:15:42,23.62,100.0,0.0,22.729,120.357
74DA38F210A2,2026-02-18,09:15:43,15.5,100.0,7.0,25.12,121.466
74DA38F20BE4,2026-02-18,09:15:44,14.25,100.0,38.0,24.791,120.957
74DA38F7C37C,2026-02-18,09:15:46,12.37,100.0,0.0,25.111,121.856
74DA38F209F8,2026-02-18,09:15:53,16.62,100.0,0.0,23.157,121.4
74DA38F20B5C,2026-02-18,09:15:53,-4.0,0.0,21.0,22.798,120.293
74DA38ED05EA,2026-02-18,09:15:57,17.0,100.0,8.0,23.394,121.357
74DA38F7C29C,2026-02-18,09:16:02,16.0,100.0,20.0,25.02,121.416
74DA38F7C30C,2026-02-18,09:16:04,15.37,98.0,0.0,24.975,121.532
74DA38F7C3D6,2026-02-18,09:16:05,16.12,100.0,0.0,25.045,121.541
74DA38F7C59C,2026-02-18,09:16:07,15.5,76.0,33.0,25.103,121.487
74DA38F7C3B2,2026-02-18,09:16:12,19.25,67.0,11.0,24.929,121.378
74DA38F7C570,2026-02-18,09:16:15,14.12,100.0,0.0,25.239,121.63
74DA38F7C47C,2026-02-18,09:16:21,15.87,96.0,0.0,25.055,121.455
74DA38F20DC0,2026-02-18,09:16:25,21.87,100.0,0.0,22.711,120.295
74DA38F20AAA,2026-02-18,09:16:29,14.37,100.0,12.0,24.6,120.999
74DA38F7C47E,2026-02-18,09:16:29,15.5,100.0,31.0,25.053963,121.427681
74DA38F7C562,2026-02-18,09:16:37,14.5,100.0,24.0,25.021,121.418
74DA38F7C40C,2026-02-18,09:16:49,14.75,100.0,0.0,24.995,121.52
74DA38F20D2E,2026-02-18,09:16:54,15.75,100.0,0.0,25.06,121.545
74DA38F7C464,2026-02-18,09:16:56,13.87,32.0,0.0,25.006,121.413
74DA38F7C3DE,2026-02-18,09:17:02,16.0,100.0,288.0,24.972,121.537
74DA38F20C26,2026-02-18,09:17:03,24.37,69.0,14.0,22.676,120.342
74DA38F7C514,2026-02-18,09:17:08,15.87,97.0,23.0,25.051,121.518
74DA38F208E2,2026-02-18,09:17:09,16.0,100.0,28.0,24.688,121.766
74DA38F20B80,2026-02-18,09:17:09,22.0,100.0,27.0,22.599,120.35
74DA38F20DE0,2026-02-18,09:17:09,24.75,99.0,0.0,22.589,120.328
74DA38ED0640,2026-02-18,09:17:10,15.62,100.0,3.0,23.154,121.266
74DA38F7C3BA,2026-02-18,09:17:17,118.87,46.0,130.0,25.174,121.441
74DA38F20AA4,2026-02-18,09:17:24,26.25,85.0,13.0,22.685,120.492
74DA38F7C338,2026-02-18,09:17:28,18.0,92.0,19.0,25.011,121.458
74DA38F209A4,2026-02-18,09:17:30,23.62,100.0,0.0,22.702,120.572
74DA38F20EB2,2026-02-18,09:17:31,10.87,100.0,22.0,24.324,120.835
74DA38F20B26,2026-02-18,09:17:34,22.62,100.0,17.0,22.783,120.247
74DA38ED06E0,2026-02-18,09:17:35,19.37,93.0,0.0,23.601,121.521
74DA38F21048,2026-02-18,09:17:36,22.37,100.0,17.0,22.595,120.341
74DA38F2113E,2026-02-18,09:17:38,-4.0,0.0,3.0,22.728,120.313
74DA38F7C31C,2026-02-18,09:17:38,14.75,100.0,1.0,24.93,121.372
74DA38F207DE,2026-02-18,09:17:43,23.0,100.0,20.0,22.603,120.34
74DA38F20BD0,2026-02-18,09:17:47,-4.0,0.0,13.0,22.688,120.408
74DA38F20D1E,2026-02-18,09:17:48,15.5,100.0,29.0,25.048,121.573
74DA38F20902,2026-02-18,09:17:50,22.37,96.0,3.0,22.204,120.7
74DA38F7C53C,2026-02-18,09:17:52,14.0,100.0,1.0,25.11,121.804
74DA38F210E4,2026-02-18,09:17:55,20.87,100.0,10.0,23.24,120.696
74DA38F7C4CC,2026-02-18,09:18:04,15.25,100.0,15.0,25.062,121.451
74DA38F21204,2026-02-18,09:18:10,21.37,100.0,0.0,25.062,121.451
74DA38F210F6,2026-02-18,09:18:11,21.37,100.0,4.0,22.757426,121.158891
74DA38F7C5A0,2026-02-18,09:18:12,15.37,89.0,0.0,25.107,121.518
74DA38ED05B6,2026-02-18,09:18:17,17.12,100.0,11.0,23.43,121.348
74DA38F20DD0,2026-02-18,09:18:19,21.62,100.0,2.0,22.6080258,120.3229833
74DA38F20A78,2026-02-18,09:18:20,17.37,100.0,3.0,22.904,121.124
74DA38F20E34,2026-02-18,09:18:23,22.25,77.0,14.0,22.586,120.313
74DA38F20D6C,2026-02-18,09:18:27,21.37,82.0,0.0,22.661,120.301
74DA38F7C63C,2026-02-18,09:18:27,85.25,100.0,16.0,24.998,121.425
74DA38F7C30E,2026-02-18,09:18:29,14.87,100.0,22.0,24.949,121.382
74DA38F209DE,2026-02-18,09:18:31,15.12,100.0,2.0,24.861,120.964
74DA38F21136,2026-02-18,09:18:32,14.87,100.0,17.0,25.119,121.505
74DA38F7C5CE,2026-02-18,09:18:35,15.0,89.0,0.0,25.066,121.656
74DA38F7C600,2026-02-18,09:18:38,21.12,57.0,10.0,25.07,121.586
74DA38ED059C,2026-02-18,09:18:45,16.25,100.0,8.0,23.706,121.412
74DA38F20D70,2026-02-18,09:19:00,17.37,100.0,0.0,23.05,121.164
74DA38F21088,2026-02-18,09:19:03,15.25,100.0,0.0,25.068,121.588
74DA38F2104E,2026-02-18,09:19:13,22.25,100.0,32.0,23.108,120.7
74DA38F7C616,2026-02-18,09:19:16,15.62,100.0,0.0,25.031,121.563
74DA38ED0630,2026-02-18,09:19:17,18.75,100.0,0.0,23.994,121.594
74DA38F20E6E,2026-02-18,09:19:27,14.5,84.0,0.0,24.41,120.902
74DA38F20D16,2026-02-18,09:19:34,16.37,100.0,28.0,25.062,121.526
74DA38F21054,2026-02-18,09:19:42,25.0,62.0,25.0,22.898,120.627
74DA38F20F0A,2026-02-18,09:19:48,22.75,100.0,25.0,22.995,120.635
74DA38F7C560,2026-02-18,09:19:54,14.12,100.0,0.0,25.079,121.671
74DA38F7C566,2026-02-18,09:19:56,16.37,100.0,0.0,25.051,121.448
74DA38F7C41E,2026-02-18,09:19:57,16.62,74.0,19.0,25.054,121.517
74DA38F20D4C,2026-02-18,09:19:59,18.87,100.0,0.0,22.971,121.303
74DA38F20AE6,2026-02-18,09:20:07,25.25,100.0,11.0,22.63,120.348
74DA38F20BCA,2026-02-18,09:20:07,15.0,99.0,0.0,25.079,121.58
74DA38F20976,2026-02-18,09:20:08,15.37,91.0,26.0,25.127,121.746
74DA38F20D2A,2026-02-18,09:20:08,15.87,71.0,0.0,25.048,121.573
74DA38F7C366,2026-02-18,09:20:22,15.62,100.0,13.0,25.002,121.516
74DA38ED04F2,2026-02-18,09:20:24,17.62,100.0,5.0,23.468,121.496
74DA38F7C524,2026-02-18,09:20:26,13.75,100.0,57.0,25.002,121.552
74DA38F7C4DE,2026-02-18,09:20:27,15.75,100.0,0.0,25.09,121.462
74DA38F21024,2026-02-18,09:20:31,15.62,100.0,0.0,24.93,121.036
74DA38F20E9E,2026-02-18,09:20:34,15.12,100.0,18.0,24.648,121.151
74DA38F7C260,2026-02-18,09:20:35,15.5,100.0,0.0,25.065,121.425
74DA38F20D1A,2026-02-18,09:20:43,15.25,86.0,0.0,25.078,121.541
74DA38F7C3DC,2026-02-18,09:21:01,14.5,100.0,28.0,25.003,121.539
74DA38F20B82,2026-02-18,09:21:07,-4.0,0.0,1.0,22.847,120.465
74DA38F209EE,2026-02-18,09:21:13,19.62,100.0,0.0,23.026,121.33
74DA38F7C610,2026-02-18,09:21:14,17.37,79.0,21.0,25.063,121.564
74DA38F2118E,2026-02-18,09:21:18,13.87,100.0,40.0,26.148,119.935
74DA38F20B88,2026-02-18,09:21:22,22.25,100.0,0.0,22.75,120.316
74DA38F7C39A,2026-02-18,09:21:25,15.5,100.0,0.0,25.002,121.414
74DA38F7C5E6,2026-02-18,09:21:33,16.12,100.0,15.0,25.107,121.843
74DA38F209B2,2026-02-18,09:21:40,22.5,100.0,0.0,22.363,120.599
74DA38F210A2,2026-02-18,09:21:50,15.62,100.0,6.0,25.12,121.466
74DA38F20BE4,2026-02-18,09:21:57,14.12,100.0,39.0,24.791,120.957
74DA38ED05EA,2026-02-18,09:22:08,17.12,100.0,7.0,23.394,121.357
74DA38F7C29C,2026-02-18,09:22:14,16.0,100.0,21.0,25.02,121.416
74DA38F7C30C,2026-02-18,09:22:14,15.37,98.0,0.0,24.975,121.532
74DA38F20A30,2026-02-18,09:22:15,14.87,88.0,0.0,24.948,121.372
74DA38F7C37C,2026-02-18,09:22:17,12.62,100.0,1.0,25.111,121.856
74DA38F7C59C,2026-02-18,09:22:18,15.62,75.0,33.0,25.103,121.487
74DA38F20C22,2026-02-18,09:22:19,23.62,100.0,0.0,22.729,120.357
74DA38F7C3B2,2026-02-18,09:22:20,19.25,67.0,12.0,24.929,121.378
74DA38F209F8,2026-02-18,09:22:23,16.5,100.0,0.0,23.157,121.4
74DA38F7C47C,2026-02-18,09:22:31,16.0,96.0,0.0,25.055,121.455
74DA38F7C3D6,2026-02-18,09:22:35,15.75,100.0,0.0,25.045,121.541
74DA38F20AAA,2026-02-18,09:22:36,14.37,100.0,12.0,24.6,120.999
74DA38F7C47E,2026-02-18,09:22:41,15.37,100.0,31.0,25.053963,121.427681
74DA38F7C570,2026-02-18,09:22:44,14.25,100.0,0.0,25.239,121.63
74DA38F7C562,2026-02-18,09:22:50,14.5,100.0,24.0,25.021,121.418
74DA38F20DC0,2026-02-18,09:22:54,21.87,100.0,1.0,22.711,120.295
74DA38F7C40C,2026-02-18,09:22:56,14.75,100.0,0.0,24.995,121.52
74DA38F7C3DE,2026-02-18,09:22:58,16.0,100.0,310.0,24.972,121.537
74DA38F20C26,2026-02-18,09:23:12,24.25,69.0,14.0,22.676,120.342
74DA38ED0640,2026-02-18,09:23:19,15.5,100.0,3.0,23.154,121.266
74DA38F7C514,2026-02-18,09:23:20,15.87,97.0,22.0,25.051,121.518
74DA38F20D2E,2026-02-18,09:23:24,15.75,100.0,0.0,25.06,121.545
74DA38F7C464,2026-02-18,09:23:27,13.87,31.0,0.0,25.006,121.413
74DA38F20AA4,2026-02-18,09:23:34,26.12,85.0,12.0,22.685,120.492
74DA38F20DE0,2026-02-18,09:23:41,24.37,99.0,0.0,22.589,120.328
74DA38F20EB2,2026-02-18,09:23:41,10.87,100.0,23.0,24.324,120.835
74DA38F20B80,2026-02-18,09:23:42,22.0,100.0,21.0,22.599,120.35
74DA38F20B26,2026-02-18,09:23:43,22.5,100.0,16.0,22.783,120.247
74DA38ED06E0,2026-02-18,09:23:49,19.25,93.0,0.0,23.601,121.521
74DA38F7C338,2026-02-18,09:23:51,18.0,92.0,19.0,25.011,121.458
74DA38F207DE,2026-02-18,09:23:53,23.0,100.0,22.0,22.603,120.34
74DA38F20902,2026-02-18,09:23:58,22.25,96.0,2.0,22.204,120.7
74DA38F209A4,2026-02-18,09:23:59,23.5,100.0,0.0,22.702,120.572
74DA38F210E4,2026-02-18,09:24:03,20.62,100.0,9.0,23.24,120.696
74DA38F20D1E,2026-02-18,09:24:04,15.5,100.0,30.0,25.048,121.573
74DA38F21048,2026-02-18,09:24:06,22.37,100.0,15.0,22.595,120.341
74DA38F7C31C,2026-02-18,09:24:09,14.87,100.0,0.0,24.93,121.372
74DA38F7C4CC,2026-02-18,09:24:12,15.37,100.0,15.0,25.062,121.451
74DA38F210F6,2026-02-18,09:24:18,21.25,100.0,2.0,22.757426,121.158891
74DA38F21204,2026-02-18,09:24:23,21.25,100.0,3.0,25.062,121.451
74DA38F7C53C,2026-02-18,09:24:23,14.25,100.0,0.0,25.11,121.804
74DA38ED05B6,2026-02-18,09:24:25,17.37,100.0,13.0,23.43,121.348
74DA38F20A78,2026-02-18,09:24:28,17.12,100.0,3.0,22.904,121.124
74DA38F20E34,2026-02-18,09:24:32,22.37,77.0,14.0,22.586,120.313
74DA38F7C63C,2026-02-18,09:24:36,85.25,100.0,15.0,24.998,121.425
74DA38F21136,2026-02-18,09:24:42,15.0,100.0,19.0,25.119,121.505
74DA38F209A8,2026-02-18,09:24:43,-4.0,0.0,0.0,22.401,120.577
74DA38F7C5A0,2026-02-18,09:24:43,15.5,90.0,0.0,25.107,121.518
74DA38F7C600,2026-02-18,09:24:45,21.12,57.0,10.0,25.07,121.586
74DA38F7C30E,2026-02-18,09:24:47,14.87,100.0,22.0,24.949,121.382
74DA38F20DD0,2026-02-18,09:24:50,21.37,100.0,1.0,22.6080258,120.3229833
74DA38F20D6C,2026-02-18,09:24:55,21.5,82.0,0.0,22.661,120.301
74DA38F2113E,2026-02-18,09:24:55,-4.0,0.0,3.0,22.728,120.313
74DA38ED059C,2026-02-18,09:24:56,16.25,100.0,7.0,23.706,121.412
74DA38F209DE,2026-02-18,09:25:01,15.12,100.0,3.0,24.861,120.964
74DA38F7C5CE,2026-02-18,09:25:04,15.0,89.0,1.0,25.066,121.656
74DA38F20D70,2026-02-18,09:25:19,17.25,100.0,0.0,23.05,121.164
74DA38F20B5C,2026-02-18,09:25:23,-4.0,0.0,22.0,22.798,120.293
74DA38F2104E,2026-02-18,09:25:25,22.12,100.0,36.0,23.108,120.7
74DA38F7C616,2026-02-18,09:25:25,15.75,100.0,0.0,25.031,121.563
74DA38F20E6E,2026-02-18,09:25:29,14.5,85.0,0.0,24.41,120.902
74DA38F21088,2026-02-18,09:25:34,15.37,100.0,0.0,25.068,121.588
74DA38F20D16,2026-02-18,09:25:45,16.5,100.0,27.0,25.062,121.526
74DA38F21054,2026-02-18,09:25:49,25.0,62.0,24.0,22.898,120.627
74DA38ED0630,2026-02-18,09:25:50,18.75,100.0,0.0,23.994,121.594
74DA38ED0454,2026-02-18,09:25:53,18.25,100.0,15.0,24.053,121.599
74DA38F20F0A,2026-02-18,09:26:01,22.62,100.0,25.0,22.995,120.635
74DA38F7C41E,2026-02-18,09:26:09,16.62,74.0,20.0,25.054,121.517
74DA38F20AE6,2026-02-18,09:26:14,25.25,100.0,11.0,22.63,120.348
74DA38F20976,2026-02-18,09:26:22,15.37,90.0,26.0,25.127,121.746
74DA38F7C560,2026-02-18,09:26:25,14.25,100.0,0.0,25.079,121.671
74DA38F7C566,2026-02-18,09:26:26,16.25,100.0,0.0,25.051,121.448
74DA38F20D4C,2026-02-18,09:26:28,18.75,100.0,0.0,22.971,121.303
74DA38F7C366,2026-02-18,09:26:30,15.62,100.0,12.0,25.002,121.516
74DA38F20BCA,2026-02-18,09:26:37,15.0,99.0,0.0,25.079,121.58
74DA38F20D2A,2026-02-18,09:26:39,16.0,71.0,0.0,25.048,121.573
74DA38ED04F2,2026-02-18,09:26:40,17.5,100.0,6.0,23.468,121.496
74DA38F20E9E,2026-02-18,09:26:43,15.12,100.0,17.0,24.648,121.151
74DA38F7C4DE,2026-02-18,09:26:44,16.0,100.0,0.0,25.09,121.462
74DA38F21024,2026-02-18,09:27:01,15.62,100.0,0.0,24.93,121.036
74DA38F7C524,2026-02-18,09:27:02,13.75,100.0,57.0,25.002,121.552
74DA38F7C260,2026-02-18,09:27:06,15.5,100.0,0.0,25.065,121.425
74DA38F7C3DC,2026-02-18,09:27:11,14.5,100.0,27.0,25.003,121.539
74DA38F20D1A,2026-02-18,09:27:15,15.12,86.0,2.0,25.078,121.541
74DA38F209EE,2026-02-18,09:27:20,19.62,100.0,0.0,23.026,121.33
74DA38F7C610,2026-02-18,09:27:23,17.37,79.0,21.0,25.063,121.564
74DA38F7C5E6,2026-02-18,09:27:41,16.0,100.0,15.0,25.107,121.843
74DA38F2118E,2026-02-18,09:27:50,13.87,100.0,41.0,26.148,119.935
74DA38F7C39A,2026-02-18,09:27:56,15.5,100.0,1.0,25.002,121.414
74DA38F210A2,2026-02-18,09:27:57,15.62,100.0,6.0,25.12,121.466
74DA38F20B88,2026-02-18,09:28:06,22.25,100.0,0.0,22.75,120.316
74DA38F209B2,2026-02-18,09:28:09,22.37,100.0,0.0,22.363,120.599
74DA38F20BE4,2026-02-18,09:28:11,14.25,100.0,39.0,24.791,120.957
74DA38ED05EA,2026-02-18,09:28:15,16.87,100.0,7.0,23.394,121.357
74DA38F20BD0,2026-02-18,09:28:15,-4.0,0.0,13.0,22.688,120.408
74DA38F7C29C,2026-02-18,09:28:23,16.0,100.0,20.0,25.02,121.416
74DA38F7C30C,2026-02-18,09:28:29,15.5,98.0,0.0,24.975,121.532
74DA38F7C3B2,2026-02-18,09:28:30,19.25,67.0,13.0,24.929,121.378
74DA38F7C59C,2026-02-18,09:28:30,15.75,75.0,33.0,25.103,121.487
74DA38F7C47C,2026-02-18,09:28:41,16.12,96.0,0.0,25.055,121.455
74DA38F20AAA,2026-02-18,09:28:45,14.37,100.0,12.0,24.6,120.999
74DA38F20A30,2026-02-18,09:28:46,14.87,88.0,0.0,24.948,121.372
74DA38F7C37C,2026-02-18,09:28:48,12.5,100.0,1.0,25.111,121.856
74DA38F20C22,2026-02-18,09:28:50,23.5,100.0,0.0,22.729,120.357
74DA38F209F8,2026-02-18,09:28:54,16.5,100.0,0.0,23.157,121.4
74DA38F7C47E,2026-02-18,09:28:54,15.25,100.0,32.0,25.053963,121.427681
74DA38F7C3DE,2026-02-18,09:28:55,16.0,100.0,303.0,24.972,121.537
74DA38F7C40C,2026-02-18,09:29:05,14.75,100.0,0.0,24.995,121.52
74DA38F7C3D6,2026-02-18,09:29:06,15.87,100.0,0.0,25.045,121.541
74DA38F7C562,2026-02-18,09:29:06,14.62,100.0,24.0,25.021,121.418
74DA38F7C570,2026-02-18,09:29:13,14.12,100.0,0.0,25.239,121.63
74DA38F20C26,2026-02-18,09:29:20,24.5,69.0,13.0,22.676,120.342
74DA38F7C3BA,2026-02-18,09:29:22,118.87,46.0,125.0,25.174,121.441
74DA38F20DC0,2026-02-18,09:29:23,21.87,100.0,0.0,22.711,120.295
74DA38F208E2,2026-02-18,09:29:26,16.12,100.0,7.0,24.688,121.766
74DA38ED0640,2026-02-18,09:29:29,15.37,100.0,3.0,23.154,121.266
74DA38F7C514,2026-02-18,09:29:32,15.75,97.0,24.0,25.051,121.518
74DA38F20AA4,2026-02-18,09:29:41,26.0,86.0,12.0,22.685,120.492
74DA38F20EB2,2026-02-18,09:29:52,10.75,100.0,23.0,24.324,120.835
74DA38F20B26,2026-02-18,09:29:54,22.5,100.0,17.0,22.783,120.247
74DA38F20D2E,2026-02-18,09:29:55,15.87,100.0,0.0,25.06,121.545
74DA38ED06E0,2026-02-18,09:29:59,19.37,93.0,0.0,23.601,121.521
74DA38F207DE,2026-02-18,09:30:03,22.87,100.0,22.0,22.603,120.34
74DA38F7C464,2026-02-18,09:30:03,13.75,31.0,4.0,25.006,121.413
74DA38F20902,2026-02-18,09:30:05,22.12,96.0,3.0,22.204,120.7
74DA38F20B80,2026-02-18,09:30:11,21.75,100.0,0.0,22.599,120.35
74DA38F210E4,2026-02-18,09:30:12,20.5,100.0,10.0,23.24,120.696
74DA38F20D1E,2026-02-18,09:30:19,15.5,100.0,30.0,25.048,121.573
74DA38F7C4CC,2026-02-18,09:30:23,15.12,100.0,16.0,25.062,121.451
74DA38F210F6,2026-02-18,09:30:24,21.12,100.0,3.0,22.757426,121.158891
74DA38F209A4,2026-02-18,09:30:30,23.5,100.0,0.0,22.702,120.572
74DA38F20A78,2026-02-18,09:30:36,17.0,100.0,3.0,22.904,121.124
74DA38F20B82,2026-02-18,09:30:41,-4.0,0.0,1.0,22.847,120.465
74DA38F21048,2026-02-18,09:30:41,22.25,100.0,16.0,22.595,120.341
74DA38F7C31C,2026-02-18,09:30:42,14.75,100.0,1.0,24.93,121.372
74DA38ED05B6,2026-02-18,09:30:43,17.5,100.0,13.0,23.43,121.348
74DA38F21204,2026-02-18,09:30:43,21.25,100.0,0.0,25.062,121.451
74DA38F20E34,2026-02-18,09:30:45,22.25,77.0,15.0,22.586,120.313
74DA38F7C63C,2026-02-18,09:30:45,85.25,100.0,15.0,24.998,121.425
74DA38F7C53C,2026-02-18,09:30:52,14.37,100.0,0.0,25.11,121.804
74DA38F21136,2026-02-18,09:30:54,15.12,100.0,19.0,25.119,121.505
74DA38F7C600,2026-02-18,09:30:54,21.25,56.0,10.0,25.07,121.586
74DA38F7C30E,2026-02-18,09:30:58,14.87,100.0,21.0,24.949,121.382
74DA38ED059C,2026-02-18,09:31:05,16.12,100.0,7.0,23.706,121.412
74DA38F7C5A0,2026-02-18,09:31:13,15.5,89.0,0.0,25.107,121.518
74DA38F20DD0,2026-02-18,09:31:21,21.25,100.0,2.0,22.6080258,120.3229833
74DA38F20D6C,2026-02-18,09:31:24,21.5,82.0,0.0,22.661,120.301
74DA38F20D70,2026-02-18,09:31:25,17.25,100.0,0.0,23.05,121.164
74DA38F209DE,2026-02-18,09:31:32,15.12,100.0,5.0,24.861,120.964
74DA38F20E6E,2026-02-18,09:31:34,14.37,85.0,0.0,24.41,120.902
74DA38F7C5CE,2026-02-18,09:31:34,15.0,89.0,0.0,25.066,121.656
74DA38F7C616,2026-02-18,09:31:36,15.62,100.0,0.0,25.031,121.563
74DA38F2104E,2026-02-18,09:31:39,22.12,100.0,36.0,23.108,120.7
74DA38F20D16,2026-02-18,09:31:55,16.5,100.0,27.0,25.062,121.526
74DA38F21054,2026-02-18,09:31:58,24.87,62.0,24.0,22.898,120.627
74DA38F21088,2026-02-18,09:32:05,15.37,100.0,0.0,25.068,121.588
74DA38F20F0A,2026-02-18,09:32:12,22.5,100.0,26.0,22.995,120.635
74DA38F2113E,2026-02-18,09:32:18,-4.0,0.0,3.0,22.728,120.313
74DA38F7C41E,2026-02-18,09:32:19,16.75,74.0,19.0,25.054,121.517
74DA38ED0454,2026-02-18,09:32:20,18.37,100.0,16.0,24.053,121.599
74DA38F20AE6,2026-02-18,09:32:22,25.25,100.0,11.0,22.63,120.348
74DA38ED0630,2026-02-18,09:32:24,18.62,100.0,0.0,23.994,121.594
74DA38F20976,2026-02-18,09:32:32,15.5,91.0,27.0,25.127,121.746
74DA38F7C366,2026-02-18,09:32:38,15.62,100.0,13.0,25.002,121.516
74DA38F20E9E,2026-02-18,09:32:51,15.12,100.0,17.0,24.648,121.151
74DA38F7C4DE,2026-02-18,09:32:54,16.12,100.0,0.0,25.09,121.462
74DA38F7C560,2026-02-18,09:32:55,14.25,100.0,0.0,25.079,121.671
74DA38ED04F2,2026-02-18,09:32:56,17.37,100.0,7.0,23.468,121.496
74DA38F7C566,2026-02-18,09:32:56,16.37,100.0,0.0,25.051,121.448
74DA38F20D4C,2026-02-18,09:32:57,18.75,100.0,0.0,22.971,121.303
74DA38F20BCA,2026-02-18,09:33:08,15.12,99.0,0.0,25.079,121.58
74DA38F20D2A,2026-02-18,09:33:09,16.12,71.0,0.0,25.048,121.573
74DA38F7C3DC,2026-02-18,09:33:19,14.62,100.0,26.0,25.003,121.539
74DA38F209EE,2026-02-18,09:33:27,19.5,100.0,0.0,23.026,121.33
74DA38F21024,2026-02-18,09:33:29,15.62,100.0,0.0,24.93,121.036
74DA38F7C610,2026-02-18,09:33:34,17.25,79.0,22.0,25.063,121.564
74DA38F7C524,2026-02-18,09:33:36,13.75,100.0,57.0,25.002,121.552
74DA38F7C260,2026-02-18,09:33:39,15.62,100.0,0.0,25.065,121.425
74DA38F20D1A,2026-02-18,09:33:44,15.25,85.0,0.0,25.078,121.541
74DA38F7C5E6,2026-02-18,09:33:54,16.0,100.0,15.0,25.107,121.843
74DA38F210A2,2026-02-18,09:34:06,15.62,100.0,6.0,25.12,121.466
74DA38F2118E,2026-02-18,09:34:25,13.62,100.0,41.0,26.148,119.935
74DA38F7C39A,2026-02-18,09:34:26,15.62,100.0,0.0,25.002,121.414
74DA38F209A8,2026-02-18,09:34:27,-4.0,0.0,0.0,22.401,120.577
74DA38F20BE4,2026-02-18,09:34:27,14.12,100.0,39.0,24.791,120.957
74DA38ED05EA,2026-02-18,09:34:31,16.87,100.0,7.0,23.394,121.357
74DA38F7C29C,2026-02-18,09:34:33,16.0,100.0,20.0,25.02,121.416
74DA38F209B2,2026-02-18,09:34:38,22.5,100.0,0.0,22.363,120.599
74DA38F20B88,2026-02-18,09:34:38,22.12,100.0,0.0,22.75,120.316
74DA38F7C30C,2026-02-18,09:34:38,15.5,98.0,0.0,24.975,121.532
74DA38F7C59C,2026-02-18,09:34:40,15.62,75.0,33.0,25.103,121.487
74DA38F7C3B2,2026-02-18,09:34:42,19.12,67.0,14.0,24.929,121.378
74DA38F7C47C,2026-02-18,09:34:51,16.0,95.0,0.0,25.055,121.455
74DA38F7C3DE,2026-02-18,09:34:52,16.0,100.0,310.0,24.972,121.537
74DA38F20AAA,2026-02-18,09:34:54,14.25,100.0,12.0,24.6,120.999
74DA38F20B5C,2026-02-18,09:34:54,-4.0,0.0,22.0,22.798,120.293
74DA38F7C47E,2026-02-18,09:35:04,15.37,100.0,32.0,25.053963,121.427681
74DA38F7C40C,2026-02-18,09:35:13,14.62,100.0,0.0,24.995,121.52
74DA38F7C37C,2026-02-18,09:35:18,12.62,100.0,0.0,25.111,121.856
74DA38F7C562,2026-02-18,09:35:18,14.87,100.0,25.0,25.021,121.418
74DA38F20C22,2026-02-18,09:35:20,23.37,100.0,0.0,22.729,120.357
74DA38F209F8,2026-02-18,09:35:22,16.37,100.0,0.0,23.157,121.4
74DA38F7C3BA,2026-02-18,09:35:24,118.87,46.0,124.0,25.174,121.441
74DA38F20A30,2026-02-18,09:35:29,14.87,88.0,0.0,24.948,121.372
74DA38F20C26,2026-02-18,09:35:31,24.5,69.0,14.0,22.676,120.342
74DA38F208E2,2026-02-18,09:35:32,16.12,100.0,6.0,24.688,121.766
74DA38F7C3D6,2026-02-18,09:35:35,15.75,100.0,0.0,25.045,121.541
74DA38ED0640,2026-02-18,09:35:40,15.37,100.0,3.0,23.154,121.266
74DA38F7C514,2026-02-18,09:35:43,15.75,98.0,23.0,25.051,121.518
74DA38F7C570,2026-02-18,09:35:43,14.25,100.0,0.0,25.239,121.63
74DA38F20AA4,2026-02-18,09:35:50,26.0,86.0,13.0,22.685,120.492
74DA38F20DC0,2026-02-18,09:35:51,21.87,100.0,0.0,22.711,120.295
74DA38F20EB2,2026-02-18,09:36:05,10.37,100.0,25.0,24.324,120.835
74DA38F20B26,2026-02-18,09:36:06,22.37,100.0,18.0,22.783,120.247
74DA38ED06E0,2026-02-18,09:36:08,19.25,93.0,0.0,23.601,121.521
74DA38F20902,2026-02-18,09:36:12,22.0,97.0,3.0,22.204,120.7
74DA38F207DE,2026-02-18,09:36:13,22.75,100.0,22.0,22.603,120.34
74DA38F20D2E,2026-02-18,09:36:23,15.87,100.0,0.0,25.06,121.545
74DA38F210E4,2026-02-18,09:36:23,20.62,100.0,10.0,23.24,120.696
74DA38F20D1E,2026-02-18,09:36:30,15.62,100.0,29.0,25.048,121.573
74DA38F210F6,2026-02-18,09:36:31,21.0,100.0,2.0,22.757426,121.158891
74DA38F7C4CC,2026-02-18,09:36:33,15.25,100.0,15.0,25.062,121.451
74DA38F7C464,2026-02-18,09:36:36,13.75,31.0,1.0,25.006,121.413
74DA38F20A78,2026-02-18,09:36:44,17.0,100.0,3.0,22.904,121.124
74DA38F20B80,2026-02-18,09:36:46,21.62,100.0,0.0,22.599,120.35
74DA38F20E34,2026-02-18,09:36:54,22.25,77.0,14.0,22.586,120.313
74DA38F7C63C,2026-02-18,09:36:54,85.25,100.0,15.0,24.998,121.425
74DA38F209A4,2026-02-18,09:36:59,23.37,100.0,0.0,22.702,120.572
74DA38ED05B6,2026-02-18,09:37:00,17.62,100.0,12.0,23.43,121.348
74DA38F21204,2026-02-18,09:37:00,21.25,100.0,1.0,25.062,121.451
74DA38F7C600,2026-02-18,09:37:01,21.37,56.0,9.0,25.07,121.586
74DA38F21136,2026-02-18,09:37:03,15.0,100.0,17.0,25.119,121.505
74DA38F20DE0,2026-02-18,09:37:06,24.0,100.0,0.0,22.589,120.328
74DA38F7C30E,2026-02-18,09:37:07,14.87,100.0,21.0,24.949,121.382
74DA38F21048,2026-02-18,09:37:11,22.25,100.0,16.0,22.595,120.341
74DA38ED059C,2026-02-18,09:37:14,16.25,100.0,7.0,23.706,121.412
74DA38F7C31C,2026-02-18,09:37:14,14.75,100.0,1.0,24.93,121.372
74DA38F7C53C,2026-02-18,09:37:21,14.37,100.0,1.0,25.11,121.804
74DA38F20D70,2026-02-18,09:37:32,17.25,100.0,0.0,23.05,121.164
74DA38F20E6E,2026-02-18,09:37:37,14.25,85.0,0.0,24.41,120.902
74DA38F7C5A0,2026-02-18,09:37:43,15.5,90.0,0.0,25.107,121.518
74DA38F7C616,2026-02-18,09:37:45,15.62,100.0,0.0,25.031,121.563
74DA38F20DD0,2026-02-18,09:37:50,21.12,100.0,2.0,22.6080258,120.3229833
74DA38F20D6C,2026-02-18,09:37:52,21.25,82.0,0.0,22.661,120.301
74DA38F2104E,2026-02-18,09:37:55,22.25,100.0,36.0,23.108,120.7
74DA38F7C5CE,2026-02-18,09:38:03,15.0,89.0,0.0,25.066,121.656
74DA38F209DE,2026-02-18,09:38:04,14.87,100.0,7.0,24.861,120.964
74DA38F20D16,2026-02-18,09:38:05,16.5,100.0,27.0,25.062,121.526
74DA38F21054,2026-02-18,09:38:08,24.87,63.0,23.0,22.898,120.627
74DA38F20F0A,2026-02-18,09:38:24,22.37,100.0,26.0,22.995,120.635
74DA38F7C41E,2026-02-18,09:38:26,16.75,74.0,19.0,25.054,121.517
74DA38F20AE6,2026-02-18,09:38:28,25.25,100.0,11.0,22.63,120.348
74DA38ED0454,2026-02-18,09:38:29,18.12,100.0,14.0,24.053,121.599
74DA38F21088,2026-02-18,09:38:34,15.25,100.0,0.0,25.068,121.588
74DA38F20BD0,2026-02-18,09:38:41,-4.0,0.0,13.0,22.688,120.408
74DA38F20976,2026-02-18,09:38:44,15.37,91.0,26.0,25.127,121.746
74DA38F7C366,2026-02-18,09:38:46,15.62,100.0,13.0,25.002,121.516
74DA38ED0630,2026-02-18,09:38:54,18.5,100.0,0.0,23.994,121.594
74DA38F20E9E,2026-02-18,09:39:00,15.12,100.0,18.0,24.648,121.151
74DA38ED04F2,2026-02-18,09:39:04,17.5,100.0,11.0,23.468,121.496
74DA38F7C4DE,2026-02-18,09:39:05,15.87,100.0,0.0,25.09,121.462
74DA38F7C560,2026-02-18,09:39:24,14.25,100.0,0.0,25.079,121.671
74DA38F7C566,2026-02-18,09:39:25,16.37,100.0,0.0,25.051,121.448
74DA38F20D4C,2026-02-18,09:39:26,18.62,100.0,0.0,22.971,121.303
74DA38F7C3DC,2026-02-18,09:39:29,14.75,100.0,29.0,25.003,121.539
74DA38F209EE,2026-02-18,09:39:33,19.5,100.0,0.0,23.026,121.33
74DA38F2113E,2026-02-18,09:39:35,-4.0,0.0,3.0,22.728,120.313
74DA38F20BCA,2026-02-18,09:39:37,15.0,99.0,0.0,25.079,121.58
74DA38F20D2A,2026-02-18,09:39:41,16.12,71.0,1.0,25.048,121.573
74DA38F7C610,2026-02-18,09:39:45,17.37,79.0,22.0,25.063,121.564
74DA38F21024,2026-02-18,09:39:56,15.62,100.0,0.0,24.93,121.036
74DA38F7C5E6,2026-02-18,09:40:04,16.0,100.0,15.0,25.107,121.843
74DA38F7C260,2026-02-18,09:40:08,15.62,100.0,0.0,25.065,121.425
74DA38F7C524,2026-02-18,09:40:10,13.75,100.0,57.0,25.002,121.552
74DA38F210A2,2026-02-18,09:40:12,15.5,100.0,6.0,25.12,121.466
74DA38F20B82,2026-02-18,09:40:14,-4.0,0.0,1.0,22.847,120.465
74DA38F20D1A,2026-02-18,09:40:15,15.37,85.0,0.0,25.078,121.541
74DA38ED05EA,2026-02-18,09:40:37,16.75,100.0,7.0,23.394,121.357
74DA38F20BE4,2026-02-18,09:40:41,14.25,100.0,39.0,24.791,120.957
74DA38F7C29C,2026-02-18,09:40:42,16.0,100.0,22.0,25.02,121.416
74DA38F7C30C,2026-02-18,09:40:46,15.37,98.0,0.0,24.975,121.532
74DA38F7C3DE,2026-02-18,09:40:48,16.0,100.0,299.0,24.972,121.537
74DA38F7C3B2,2026-02-18,09:40:50,19.12,67.0,12.0,24.929,121.378
74DA38F7C59C,2026-02-18,09:40:52,15.75,75.0,33.0,25.103,121.487
74DA38F7C39A,2026-02-18,09:40:56,15.37,100.0,0.0,25.002,121.414
74DA38F2118E,2026-02-18,09:40:58,13.5,100.0,41.0,26.148,119.935
74DA38F7C47C,2026-02-18,09:40:59,16.0,96.0,0.0,25.055,121.455
74DA38F20AAA,2026-02-18,09:41:01,14.25,100.0,12.0,24.6,120.999
74DA38F209B2,2026-02-18,09:41:07,22.37,100.0,0.0,22.363,120.599
74DA38F20B88,2026-02-18,09:41:07,22.0,100.0,0.0,22.75,120.316
74DA38F7C47E,2026-02-18,09:41:14,15.12,100.0,30.0,25.053963,121.427681
74DA38F7C40C,2026-02-18,09:41:20,14.75,100.0,0.0,24.995,121.52
74DA38F7C3BA,2026-02-18,09:41:26,118.87,46.0,126.0,25.174,121.441
74DA38F20C26,2026-02-18,09:41:38,24.75,69.0,14.0,22.676,120.342
74DA38F208E2,2026-02-18,09:41:39,15.75,100.0,18.0,24.688,121.766
74DA38ED0640,2026-02-18,09:41:47,15.37,100.0,3.0,23.154,121.266
74DA38F20C22,2026-02-18,09:41:47,23.25,100.0,0.0,22.729,120.357
74DA38F7C37C,2026-02-18,09:41:48,12.62,100.0,0.0,25.111,121.856
74DA38F209F8,2026-02-18,09:41:49,16.37,100.0,0.0,23.157,121.4
74DA38F7C514,2026-02-18,09:41:53,15.75,98.0,23.0,25.051,121.518
74DA38F20AA4,2026-02-18,09:41:57,26.0,86.0,12.0,22.685,120.492
74DA38F7C3D6,2026-02-18,09:42:03,15.87,100.0,0.0,25.045,121.541
74DA38F20A30,2026-02-18,09:42:10,14.87,88.0,0.0,24.948,121.372
74DA38F7C570,2026-02-18,09:42:12,14.25,100.0,0.0,25.239,121.63
74DA38ED06E0,2026-02-18,09:42:17,19.25,94.0,0.0,23.601,121.521
74DA38F20EB2,2026-02-18,09:42:17,10.37,100.0,25.0,24.324,120.835
74DA38F20902,2026-02-18,09:42:18,21.87,98.0,2.0,22.204,120.7
74DA38F20DC0,2026-02-18,09:42:19,21.75,100.0,1.0,22.711,120.295
74DA38F207DE,2026-02-18,09:42:23,22.75,100.0,24.0,22.603,120.34
74DA38F7C5BE,2026-02-18,09:42:23,15.87,80.0,26.0,25.092,121.523
74DA38F210E4,2026-02-18,09:42:31,20.37,100.0,10.0,23.24,120.696
74DA38F210F6,2026-02-18,09:42:36,21.0,100.0,3.0,22.757426,121.158891
74DA38F20B26,2026-02-18,09:42:38,22.25,100.0,18.0,22.783,120.247
74DA38F7C4CC,2026-02-18,09:42:41,15.37,100.0,15.0,25.062,121.451
74DA38F20D1E,2026-02-18,09:42:42,15.62,100.0,29.0,25.048,121.573
74DA38F20A78,2026-02-18,09:42:51,16.87,100.0,3.0,22.904,121.124
74DA38F20D2E,2026-02-18,09:42:51,15.87,100.0,0.0,25.06,121.545
74DA38F20E34,2026-02-18,09:43:00,22.12,77.0,15.0,22.586,120.313
74DA38F7C63C,2026-02-18,09:43:04,85.25,100.0,15.0,24.998,121.425
74DA38F7C464,2026-02-18,09:43:05,13.75,31.0,2.0,25.006,121.413
74DA38F21204,2026-02-18,09:43:06,21.25,100.0,0.0,25.062,121.451
74DA38ED05B6,2026-02-18,09:43:07,17.62,100.0,12.0,23.43,121.348
74DA38F7C600,2026-02-18,09:43:08,21.37,56.0,10.0,25.07,121.586
74DA38F20B80,2026-02-18,09:43:13,21.75,100.0,0.0,22.599,120.35
74DA38F21136,2026-02-18,09:43:13,15.12,100.0,18.0,25.119,121.505
74DA38F7C30E,2026-02-18,09:43:15,14.87,100.0,21.0,24.949,121.382
74DA38ED059C,2026-02-18,09:43:21,16.12,100.0,8.0,23.706,121.412
74DA38F7C338,2026-02-18,09:43:22,18.0,93.0,20.0,25.011,121.458
74DA38F209A4,2026-02-18,09:43:27,23.37,100.0,0.0,22.702,120.572
74DA38F20DE0,2026-02-18,09:43:35,24.0,100.0,0.0,22.589,120.328
74DA38F20D70,2026-02-18,09:43:38,17.12,100.0,0.0,23.05,121.164
74DA38F20E6E,2026-02-18,09:43:38,14.25,86.0,0.0,24.41,120.902
74DA38F21048,2026-02-18,09:43:39,22.12,100.0,16.0,22.595,120.341
74DA38F7C31C,2026-02-18,09:43:41,14.62,100.0,1.0,24.93,121.372
74DA38F7C53C,2026-02-18,09:43:49,14.37,100.0,1.0,25.11,121.804
74DA38F7C616,2026-02-18,09:43:53,15.62,100.0,0.0,25.031,121.563
74DA38F209A8,2026-02-18,09:44:06,-4.0,0.0,0.0,22.401,120.577
74DA38F2104E,2026-02-18,09:44:08,22.25,100.0,36.0,23.108,120.7
74DA38F7C5A0,2026-02-18,09:44:12,15.37,90.0,0.0,25.107,121.518
74DA38F20D16,2026-02-18,09:44:14,16.37,100.0,27.0,25.062,121.526
74DA38F21054,2026-02-18,09:44:16,24.87,63.0,22.0,22.898,120.627
74DA38F20DD0,2026-02-18,09:44:17,21.12,100.0,1.0,22.6080258,120.3229833
74DA38F20D6C,2026-02-18,09:44:19,21.12,82.0,0.0,22.661,120.301
74DA38F20B5C,2026-02-18,09:44:24,-4.0,0.0,21.0,22.798,120.293
74DA38F209DE,2026-02-18,09:44:32,14.87,100.0,3.0,24.861,120.964
74DA38F20F0A,2026-02-18,09:44:33,22.0,100.0,25.0,22.995,120.635
74DA38F7C5CE,2026-02-18,09:44:33,15.0,89.0,0.0,25.066,121.656
74DA38F20AE6,2026-02-18,09:44:35,25.25,100.0,11.0,22.63,120.348
74DA38F7C41E,2026-02-18,09:44:37,16.75,74.0,20.0,25.054,121.517
74DA38F7C366,2026-02-18,09:44:52,15.62,100.0,12.0,25.002,121.516
74DA38F20976,2026-02-18,09:44:55,15.5,92.0,27.0,25.127,121.746
74DA38ED0454,2026-02-18,09:45:00,18.25,100.0,14.0,24.053,121.599
74DA38F21088,2026-02-18,09:45:04,15.25,100.0,0.0,25.068,121.588
74DA38F20E9E,2026-02-18,09:45:07,15.12,100.0,18.0,24.648,121.151
74DA38F7C4DE,2026-02-18,09:45:15,15.75,100.0,0.0,25.09,121.462
74DA38ED04F2,2026-02-18,09:45:16,17.37,100.0,10.0,23.468,121.496
74DA38ED0630,2026-02-18,09:45:22,18.25,100.0,0.0,23.994,121.594
74DA38F7C3DC,2026-02-18,09:45:36,14.75,100.0,27.0,25.003,121.539
74DA38F209EE,2026-02-18,09:45:38,19.5,100.0,0.0,23.026,121.33
74DA38F20D4C,2026-02-18,09:45:54,18.62,100.0,0.0,22.971,121.303
74DA38F7C610,2026-02-18,09:45:54,17.25,79.0,22.0,25.063,121.564
74DA38F7C566,2026-02-18,09:45:55,16.5,100.0,0.0,25.051,121.448
74DA38F7C560,2026-02-18,09:45:57,14.5,100.0,0.0,25.079,121.671
74DA38F20D2A,2026-02-18,09:46:12,16.12,71.0,0.0,25.048,121.573
74DA38F7C5E6,2026-02-18,09:46:13,16.0,100.0,15.0,25.107,121.843
74DA38F210A2,2026-02-18,09:46:18,15.62,100.0,6.0,25.12,121.466
74DA38F21024,2026-02-18,09:46:25,15.62,100.0,0.0,24.93,121.036
74DA38F7C260,2026-02-18,09:46:37,15.5,100.0,0.0,25.065,121.425
74DA38ED05EA,2026-02-18,09:46:44,16.75,100.0,8.0,23.394,121.357
74DA38F20D1A,2026-02-18,09:46:44,15.62,85.0,0.0,25.078,121.541
74DA38F7C3DE,2026-02-18,09:46:44,15.87,100.0,311.0,24.972,121.537
74DA38F7C524,2026-02-18,09:46:46,13.87,100.0,56.0,25.002,121.552
74DA38F7C29C,2026-02-18,09:46:50,16.0,100.0,21.0,25.02,121.416
74DA38F20BE4,2026-02-18,09:46:53,14.12,100.0,39.0,24.791,120.957
74DA38F2113E,2026-02-18,09:46:53,-4.0,0.0,2.0,22.728,120.313
74DA38F7C30C,2026-02-18,09:46:54,15.37,98.0,0.0,24.975,121.532
74DA38F7C3B2,2026-02-18,09:46:58,19.12,67.0,12.0,24.929,121.378
74DA38F7C59C,2026-02-18,09:47:03,15.75,75.0,33.0,25.103,121.487
74DA38F7C47C,2026-02-18,09:47:08,15.87,96.0,0.0,25.055,121.455
74DA38F20AAA,2026-02-18,09:47:09,14.25,100.0,11.0,24.6,120.999
74DA38F7C3BA,2026-02-18,09:47:26,118.87,46.0,126.0,25.174,121.441
74DA38F7C47E,2026-02-18,09:47:26,15.37,100.0,32.0,25.053963,121.427681
74DA38F7C40C,2026-02-18,09:47:27,14.87,100.0,0.0,24.995,121.52
74DA38F7C39A,2026-02-18,09:47:28,15.5,100.0,0.0,25.002,121.414
74DA38F2118E,2026-02-18,09:47:32,13.5,100.0,41.0,26.148,119.935
74DA38F20B88,2026-02-18,09:47:34,21.87,100.0,0.0,22.75,120.316
74DA38F209B2,2026-02-18,09:47:35,22.37,100.0,0.0,22.363,120.599
74DA38F208E2,2026-02-18,09:47:46,15.75,100.0,17.0,24.688,121.766
74DA38F7C562,2026-02-18,09:47:50,14.75,100.0,25.0,25.021,121.418
74DA38ED0640,2026-02-18,09:47:57,15.37,100.0,2.0,23.154,121.266
74DA38F20AA4,2026-02-18,09:48:04,25.87,86.0,13.0,22.685,120.492
74DA38F7C514,2026-02-18,09:48:04,15.62,98.0,25.0,25.051,121.518
74DA38F20C22,2026-02-18,09:48:16,23.0,100.0,0.0,22.729,120.357
74DA38F7C37C,2026-02-18,09:48:18,12.62,100.0,0.0,25.111,121.856
74DA38F209F8,2026-02-18,09:48:19,16.37,100.0,7.0,23.157,121.4
74DA38ED06E0,2026-02-18,09:48:26,19.25,94.0,0.0,23.601,121.521
74DA38F20EB2,2026-02-18,09:48:27,10.12,100.0,24.0,24.324,120.835
74DA38F207DE,2026-02-18,09:48:31,22.75,100.0,24.0,22.603,120.34
74DA38F7C3D6,2026-02-18,09:48:31,15.75,100.0,0.0,25.045,121.541
74DA38F7C5BE,2026-02-18,09:48:35,15.87,80.0,27.0,25.092,121.523
74DA38F7C570,2026-02-18,09:48:40,14.25,100.0,0.0,25.239,121.63
74DA38F20A30,2026-02-18,09:48:42,14.75,88.0,0.0,24.948,121.372
74DA38F210F6,2026-02-18,09:48:44,21.0,100.0,3.0,22.757426,121.158891
74DA38F20DC0,2026-02-18,09:48:48,21.75,100.0,0.0,22.711,120.295
74DA38F20D1E,2026-02-18,09:48:52,15.75,100.0,29.0,25.048,121.573
74DA38F7C4CC,2026-02-18,09:48:52,15.5,100.0,17.0,25.062,121.451
74DA38F20B26,2026-02-18,09:48:56,22.12,100.0,20.0,22.783,120.247
74DA38F20A78,2026-02-18,09:48:58,16.75,100.0,3.0,22.904,121.124
74DA38F210E4,2026-02-18,09:49:06,20.25,100.0,10.0,23.24,120.696
74DA38F20BD0,2026-02-18,09:49:09,-4.0,0.0,14.0,22.688,120.408
74DA38F20E34,2026-02-18,09:49:11,22.12,77.0,17.0,22.586,120.313
74DA38F7C600,2026-02-18,09:49:14,21.5,53.0,10.0,25.07,121.586
74DA38F7C63C,2026-02-18,09:49:14,85.25,100.0,16.0,24.998,121.425
74DA38ED05B6,2026-02-18,09:49:15,17.5,100.0,13.0,23.43,121.348
74DA38F20D2E,2026-02-18,09:49:22,15.75,100.0,0.0,25.06,121.545
74DA38F21136,2026-02-18,09:49:22,15.12,100.0,17.0,25.119,121.505
74DA38F21204,2026-02-18,09:49:24,21.12,100.0,0.0,25.062,121.451
74DA38F7C30E,2026-02-18,09:49:25,14.87,100.0,21.0,24.949,121.382
74DA38ED059C,2026-02-18,09:49:30,16.12,100.0,9.0,23.706,121.412
74DA38F7C464,2026-02-18,09:49:35,13.62,30.0,2.0,25.006,121.413
74DA38F20E6E,2026-02-18,09:49:41,14.0,85.0,0.0,24.41,120.902
74DA38F20D70,2026-02-18,09:49:45,17.12,100.0,0.0,23.05,121.164
74DA38F20B82,2026-02-18,09:49:47,-4.0,0.0,1.0,22.847,120.465
74DA38F209A4,2026-02-18,09:49:58,23.25,100.0,0.0,22.702,120.572
74DA38F20B80,2026-02-18,09:50:03,21.87,100.0,0.0,22.599,120.35
74DA38F20DE0,2026-02-18,09:50:04,23.87,100.0,0.0,22.589,120.328
74DA38F7C616,2026-02-18,09:50:04,15.62,100.0,0.0,25.031,121.563
74DA38F7C338,2026-02-18,09:50:06,18.0,93.0,20.0,25.011,121.458
74DA38F21048,2026-02-18,09:50:12,22.25,100.0,19.0,22.595,120.341
74DA38F7C31C,2026-02-18,09:50:15,14.62,100.0,0.0,24.93,121.372
74DA38F7C53C,2026-02-18,09:50:17,14.25,100.0,0.0,25.11,121.804
74DA38F2104E,2026-02-18,09:50:21,22.37,100.0,36.0,23.108,120.7
74DA38F20D16,2026-02-18,09:50:23,16.37,100.0,27.0,25.062,121.526
74DA38F21054,2026-02-18,09:50:24,24.87,63.0,22.0,22.898,120.627
74DA38F7C5A0,2026-02-18,09:50:41,15.5,90.0,0.0,25.107,121.518
74DA38F20AE6,2026-02-18,09:50:42,25.12,100.0,10.0,22.63,120.348
74DA38F20F0A,2026-02-18,09:50:44,21.87,100.0,24.0,22.995,120.635
74DA38F20DD0,2026-02-18,09:50:46,21.25,100.0,0.0,22.6080258,120.3229833
74DA38F20D6C,2026-02-18,09:50:47,21.12,82.0,0.0,22.661,120.301
74DA38F7C41E,2026-02-18,09:50:49,16.62,74.0,20.0,25.054,121.517
74DA38F7C366,2026-02-18,09:51:01,15.62,100.0,13.0,25.002,121.516
74DA38F209DE,2026-02-18,09:51:02,15.0,100.0,3.0,24.861,120.964
74DA38F7C5CE,2026-02-18,09:51:02,15.0,89.0,0.0,25.066,121.656
74DA38F20976,2026-02-18,09:51:05,15.5,91.0,27.0,25.127,121.746
74DA38F20E9E,2026-02-18,09:51:14,15.12,100.0,16.0,24.648,121.151
74DA38ED0454,2026-02-18,09:51:18,18.37,100.0,18.0,24.053,121.599
74DA38F7C4DE,2026-02-18,09:51:29,15.75,100.0,0.0,25.09,121.462
74DA38ED04F2,2026-02-18,09:51:32,17.5,100.0,11.0,23.468,121.496
74DA38F21088,2026-02-18,09:51:34,15.37,100.0,0.0,25.068,121.588
74DA38F209EE,2026-02-18,09:51:45,19.5,100.0,0.0,23.026,121.33
74DA38F7C3DC,2026-02-18,09:51:46,14.62,100.0,27.0,25.003,121.539
74DA38ED0630,2026-02-18,09:51:53,18.12,100.0,0.0,23.994,121.594
74DA38F7C610,2026-02-18,09:52:05,17.37,79.0,23.0,25.063,121.564
74DA38F20D4C,2026-02-18,09:52:24,18.5,100.0,0.0,22.971,121.303
74DA38F210A2,2026-02-18,09:52:25,15.5,100.0,5.0,25.12,121.466
74DA38F7C5E6,2026-02-18,09:52:25,15.87,100.0,16.0,25.107,121.843
74DA38F7C560,2026-02-18,09:52:26,14.62,100.0,0.0,25.079,121.671
74DA38F7C566,2026-02-18,09:52:26,16.5,100.0,0.0,25.051,121.448
74DA38F20D2A,2026-02-18,09:52:41,16.12,71.0,0.0,25.048,121.573
74DA38F7C3DE,2026-02-18,09:52:41,15.87,100.0,290.0,24.972,121.537
74DA38ED05EA,2026-02-18,09:52:51,16.87,100.0,12.0,23.394,121.357
74DA38F21024,2026-02-18,09:52:54,15.62,100.0,0.0,24.93,121.036
74DA38F7C29C,2026-02-18,09:52:59,16.0,100.0,21.0,25.02,121.416
74DA38F7C30C,2026-02-18,09:53:03,15.37,98.0,0.0,24.975,121.532
74DA38F20BE4,2026-02-18,09:53:04,14.12,100.0,39.0,24.791,120.957
74DA38F7C3B2,2026-02-18,09:53:05,19.12,67.0,13.0,24.929,121.378
74DA38F20BCA,2026-02-18,09:53:08,14.75,100.0,1.0,25.079,121.58
74DA38F7C260,2026-02-18,09:53:08,15.62,100.0,0.0,25.065,121.425
74DA38F20D1A,2026-02-18,09:53:14,15.87,85.0,0.0,25.078,121.541
74DA38F7C59C,2026-02-18,09:53:14,15.62,75.0,32.0,25.103,121.487
74DA38F7C47C,2026-02-18,09:53:18,15.87,96.0,0.0,25.055,121.455
74DA38F20AAA,2026-02-18,09:53:20,14.37,100.0,12.0,24.6,120.999
74DA38F7C524,2026-02-18,09:53:24,13.87,100.0,57.0,25.002,121.552
74DA38F7C3BA,2026-02-18,09:53:32,118.87,46.0,127.0,25.174,121.441
74DA38F7C40C,2026-02-18,09:53:34,14.87,100.0,0.0,24.995,121.52
74DA38F7C47E,2026-02-18,09:53:39,15.75,100.0,32.0,25.053963,121.427681
74DA38F209A8,2026-02-18,09:53:48,-4.0,0.0,0.0,22.401,120.577
74DA38F20B5C,2026-02-18,09:53:52,-4.0,0.0,22.0,22.798,120.293
74DA38F208E2,2026-02-18,09:53:55,15.75,100.0,20.0,24.688,121.766
74DA38F20C26,2026-02-18,09:53:57,24.62,68.0,15.0,22.676,120.342
74DA38F7C39A,2026-02-18,09:54:00,15.37,100.0,0.0,25.002,121.414
74DA38F20B88,2026-02-18,09:54:03,21.75,100.0,0.0,22.75,120.316
74DA38F209B2,2026-02-18,09:54:04,22.37,100.0,0.0,22.363,120.599
74DA38ED0640,2026-02-18,09:54:08,15.37,100.0,2.0,23.154,121.266
74DA38F2118E,2026-02-18,09:54:09,13.37,100.0,44.0,26.148,119.935
74DA38F20AA4,2026-02-18,09:54:12,25.87,86.0,13.0,22.685,120.492
74DA38F2113E,2026-02-18,09:54:12,-4.0,0.0,2.0,22.728,120.313
74DA38F7C562,2026-02-18,09:54:12,14.5,100.0,23.0,25.021,121.418
74DA38F7C514,2026-02-18,09:54:18,15.75,98.0,24.0,25.051,121.518
74DA38F207DE,2026-02-18,09:54:40,22.75,100.0,23.0,22.603,120.34
74DA38F20EB2,2026-02-18,09:54:40,10.0,100.0,26.0,24.324,120.835
74DA38F20902,2026-02-18,09:54:42,21.75,98.0,2.0,22.204,120.7
74DA38F20C22,2026-02-18,09:54:45,23.0,100.0,1.0,22.729,120.357
74DA38F7C37C,2026-02-18,09:54:46,12.75,100.0,0.0,25.111,121.856
74DA38F7C5BE,2026-02-18,09:54:47,16.12,80.0,25.0,25.092,121.523
74DA38F209F8,2026-02-18,09:54:50,16.5,100.0,7.0,23.157,121.4
74DA38F210F6,2026-02-18,09:54:50,20.87,100.0,3.0,22.757426,121.158891
74DA38F7C3D6,2026-02-18,09:55:00,15.87,100.0,0.0,25.045,121.541
74DA38F7C4CC,2026-02-18,09:55:03,15.5,100.0,15.0,25.062,121.451
74DA38F20A78,2026-02-18,09:55:06,16.5,100.0,3.0,22.904,121.124
74DA38F20B26,2026-02-18,09:55:07,22.25,100.0,23.0,22.783,120.247
74DA38F7C570,2026-02-18,09:55:08,14.0,100.0,0.0,25.239,121.63
74DA38F20D1E,2026-02-18,09:55:11,15.5,100.0,30.0,25.048,121.573
74DA38F210E4,2026-02-18,09:55:14,20.12,100.0,9.0,23.24,120.696
74DA38F20A30,2026-02-18,09:55:16,14.75,88.0,0.0,24.948,121.372
74DA38F20DC0,2026-02-18,09:55:16,21.62,100.0,0.0,22.711,120.295
74DA38F20E34,2026-02-18,09:55:21,22.12,77.0,16.0,22.586,120.313
74DA38F7C600,2026-02-18,09:55:21,21.5,51.0,9.0,25.07,121.586
74DA38ED05B6,2026-02-18,09:55:23,17.25,100.0,12.0,23.43,121.348
74DA38F7C63C,2026-02-18,09:55:24,85.25,100.0,16.0,24.998,121.425
74DA38F21204,2026-02-18,09:55:31,21.25,100.0,3.0,25.062,121.451
74DA38F7C30E,2026-02-18,09:55:36,14.75,100.0,21.0,24.949,121.382
74DA38ED059C,2026-02-18,09:55:38,16.12,100.0,9.0,23.706,121.412
74DA38F20E6E,2026-02-18,09:55:43,13.75,86.0,0.0,24.41,120.902
74DA38F20D2E,2026-02-18,09:55:50,15.75,100.0,0.0,25.06,121.545
74DA38F20D70,2026-02-18,09:55:52,17.12,100.0,0.0,23.05,121.164
74DA38F7C464,2026-02-18,09:56:05,13.37,31.0,6.0,25.006,121.413
74DA38F7C616,2026-02-18,09:56:26,15.62,100.0,0.0,25.031,121.563
74DA38F209A4,2026-02-18,09:56:28,23.25,100.0,0.0,22.702,120.572
74DA38F21054,2026-02-18,09:56:32,24.87,63.0,21.0,22.898,120.627
74DA38F2104E,2026-02-18,09:56:34,22.37,100.0,36.0,23.108,120.7
74DA38F20DE0,2026-02-18,09:56:36,23.5,100.0,1.0,22.589,120.328
74DA38F20D16,2026-02-18,09:56:39,16.37,100.0,29.0,25.062,121.526
74DA38F7C338,2026-02-18,09:56:41,17.87,93.0,20.0,25.011,121.458
74DA38F21048,2026-02-18,09:56:43,22.12,100.0,19.0,22.595,120.341
74DA38F7C31C,2026-02-18,09:56:45,14.62,100.0,0.0,24.93,121.372
74DA38F20B80,2026-02-18,09:56:46,22.0,100.0,0.0,22.599,120.35
74DA38F7C53C,2026-02-18,09:56:46,14.37,100.0,0.0,25.11,121.804
74DA38F20AE6,2026-02-18,09:56:50,25.12,100.0,11.0,22.63,120.348
74DA38F20F0A,2026-02-18,09:56:54,22.0,100.0,21.0,22.995,120.635
74DA38F7C41E,2026-02-18,09:56:59,16.5,74.0,20.0,25.054,121.517
74DA38F7C366,2026-02-18,09:57:09,15.5,100.0,13.0,25.002,121.516
74DA38F7C5A0,2026-02-18,09:57:10,15.5,90.0,0.0,25.107,121.518
74DA38F20D6C,2026-02-18,09:57:14,21.12,82.0,0.0,22.661,120.301
74DA38F20DD0,2026-02-18,09:57:15,21.25,100.0,1.0,22.6080258,120.3229833
74DA38F20976,2026-02-18,09:57:16,15.5,91.0,27.0,25.127,121.746
74DA38F20E9E,2026-02-18,09:57:23,15.0,100.0,18.0,24.648,121.151
74DA38F7C5CE,2026-02-18,09:57:32,14.75,90.0,0.0,25.066,121.656
74DA38F209DE,2026-02-18,09:57:33,15.0,100.0,7.0,24.861,120.964
74DA38ED0454,2026-02-18,09:57:35,18.37,100.0,17.0,24.053,121.599
74DA38ED04F2,2026-02-18,09:57:42,17.62,100.0,9.0,23.468,121.496
74DA38F7C4DE,2026-02-18,09:57:42,15.75,100.0,0.0,25.09,121.462
74DA38F209EE,2026-02-18,09:57:51,19.5,100.0,0.0,23.026,121.33
74DA38F7C3DC,2026-02-18,09:57:56,14.62,100.0,28.0,25.003,121.539
74DA38F21088,2026-02-18,09:58:04,15.37,100.0,0.0,25.068,121.588
74DA38F7C610,2026-02-18,09:58:15,17.25,79.0,23.0,25.063,121.564
74DA38ED0630,2026-02-18,09:58:24,18.12,100.0,0.0,23.994,121.594
74DA38F210A2,2026-02-18,09:58:33,15.37,100.0,6.0,25.12,121.466
74DA38F7C5E6,2026-02-18,09:58:36,16.0,100.0,16.0,25.107,121.843
74DA38F7C3DE,2026-02-18,09:58:38,15.87,100.0,296.0,24.972,121.537
74DA38F20D4C,2026-02-18,09:58:53,18.5,100.0,0.0,22.971,121.303
74DA38F7C560,2026-02-18,09:58:55,14.75,100.0,0.0,25.079,121.671
74DA38F7C566,2026-02-18,09:58:56,16.5,100.0,0.0,25.051,121.448
74DA38ED05EA,2026-02-18,09:59:01,16.87,100.0,16.0,23.394,121.357
74DA38F7C29C,2026-02-18,09:59:08,16.0,100.0,20.0,25.02,121.416
74DA38F20D2A,2026-02-18,09:59:11,16.12,71.0,0.0,25.048,121.573
74DA38F7C30C,2026-02-18,09:59:14,15.37,98.0,0.0,24.975,121.532
74DA38F7C3B2,2026-02-18,09:59:15,19.12,67.0,13.0,24.929,121.378
74DA38F20BE4,2026-02-18,09:59:18,14.0,100.0,39.0,24.791,120.957
74DA38F20B82,2026-02-18,09:59:21,-4.0,0.0,1.0,22.847,120.465
74DA38F21024,2026-02-18,09:59:22,15.62,100.0,0.0,24.93,121.036
74DA38F7C59C,2026-02-18,09:59:24,15.62,75.0,33.0,25.103,121.487
74DA38F7C47C,2026-02-18,09:59:28,15.75,96.0,0.0,25.055,121.455
74DA38F20AAA,2026-02-18,09:59:29,14.37,100.0,12.0,24.6,120.999
74DA38F20BD0,2026-02-18,09:59:36,-4.0,0.0,15.0,22.688,120.408
74DA38F7C3BA,2026-02-18,09:59:36,118.87,46.0,120.0,25.174,121.441
74DA38F20BCA,2026-02-18,09:59:38,14.75,100.0,0.0,25.079,121.58
74DA38F20D1A,2026-02-18,09:59:42,16.0,85.0,0.0,25.078,121.541
74DA38F7C260,2026-02-18,09:59:43,15.62,100.0,0.0,25.065,121.425
74DA38F7C40C,2026-02-18,09:59:43,14.75,100.0,0.0,24.995,121.52
74DA38F7C47E,2026-02-18,09:59:53,15.75,100.0,31.0,25.053963,121.427681
74DA38F7C524,2026-02-18,10:00:01,14.0,100.0,59.0,25.002,121.552
74DA38F208E2,2026-02-18,10:00:04,15.75,100.0,23.0,24.688,121.766
74DA38F20C26,2026-02-18,10:00:05,24.75,68.0,15.0,22.676,120.342
74DA38ED0640,2026-02-18,10:00:16,15.37,100.0,3.0,23.154,121.266
74DA38F20AA4,2026-02-18,10:00:20,25.87,86.0,13.0,22.685,120.492
74DA38F7C562,2026-02-18,10:00:24,14.12,100.0,23.0,25.021,121.418
74DA38F7C514,2026-02-18,10:00:30,15.5,99.0,25.0,25.051,121.518
74DA38F7C39A,2026-02-18,10:00:31,15.37,100.0,0.0,25.002,121.414
74DA38F20B88,2026-02-18,10:00:33,21.62,100.0,0.0,22.75,120.316
74DA38F209B2,2026-02-18,10:00:34,22.25,100.0,0.0,22.363,120.599
74DA38F2118E,2026-02-18,10:00:42,13.25,100.0,43.0,26.148,119.935
74DA38F207DE,2026-02-18,10:00:47,22.75,100.0,24.0,22.603,120.34
74DA38F20902,2026-02-18,10:00:49,21.87,98.0,2.0,22.204,120.7
74DA38F20EB2,2026-02-18,10:00:52,9.87,100.0,27.0,24.324,120.835
74DA38F210F6,2026-02-18,10:00:56,20.87,100.0,3.0,22.757426,121.158891
74DA38F7C5BE,2026-02-18,10:00:58,16.0,80.0,26.0,25.092,121.523
74DA38F7C4CC,2026-02-18,10:01:11,15.5,100.0,15.0,25.062,121.451
74DA38ED06E0,2026-02-18,10:01:12,19.25,94.0,0.0,23.601,121.521
74DA38F20A78,2026-02-18,10:01:14,16.87,100.0,3.0,22.904,121.124
74DA38F7C37C,2026-02-18,10:01:15,12.75,100.0,0.0,25.111,121.856
74DA38F20C22,2026-02-18,10:01:16,22.75,100.0,0.0,22.729,120.357
74DA38F209F8,2026-02-18,10:01:19,16.37,100.0,6.0,23.157,121.4
74DA38F210E4,2026-02-18,10:01:22,20.12,100.0,11.0,23.24,120.696
74DA38F20B26,2026-02-18,10:01:23,22.12,100.0,20.0,22.783,120.247
74DA38F20D1E,2026-02-18,10:01:26,15.5,100.0,31.0,25.048,121.573
74DA38F7C600,2026-02-18,10:01:27,21.37,50.0,9.0,25.07,121.586
74DA38ED05B6,2026-02-18,10:01:31,17.25,100.0,11.0,23.43,121.348
74DA38F2113E,2026-02-18,10:01:31,-4.0,0.0,2.0,22.728,120.313
74DA38F7C3D6,2026-02-18,10:01:31,16.0,100.0,0.0,25.045,121.541
74DA38F20E34,2026-02-18,10:01:32,22.12,77.0,16.0,22.586,120.313
74DA38F7C63C,2026-02-18,10:01:33,85.25,100.0,16.0,24.998,121.425
74DA38F7C570,2026-02-18,10:01:38,14.12,100.0,0.0,25.239,121.63
74DA38F21136,2026-02-18,10:01:39,15.12,100.0,19.0,25.119,121.505
74DA38F21204,2026-02-18,10:01:40,21.25,100.0,5.0,25.062,121.451
74DA38F20DC0,2026-02-18,10:01:44,21.5,100.0,0.0,22.711,120.295
74DA38F20E6E,2026-02-18,10:01:46,13.62,87.0,0.0,24.41,120.902
74DA38ED059C,2026-02-18,10:01:47,16.25,100.0,10.0,23.706,121.412
74DA38F20A30,2026-02-18,10:01:49,14.87,88.0,0.0,24.948,121.372
74DA38F20D70,2026-02-18,10:02:01,17.0,100.0,0.0,23.05,121.164
74DA38F7C30E,2026-02-18,10:02:01,14.87,100.0,21.0,24.949,121.382
74DA38F20D2E,2026-02-18,10:02:19,15.75,100.0,0.0,25.06,121.545
74DA38F7C464,2026-02-18,10:02:36,13.5,31.0,2.0,25.006,121.413
74DA38F21054,2026-02-18,10:02:40,24.87,63.0,21.0,22.898,120.627
74DA38F7C616,2026-02-18,10:02:44,15.5,100.0,0.0,25.031,121.563
74DA38F2104E,2026-02-18,10:02:48,22.25,100.0,36.0,23.108,120.7
74DA38F20D16,2026-02-18,10:02:49,16.37,100.0,29.0,25.062,121.526
74DA38F209A4,2026-02-18,10:02:57,23.25,100.0,0.0,22.702,120.572
74DA38F20AE6,2026-02-18,10:02:57,25.12,100.0,10.0,22.63,120.348
74DA38F7C338,2026-02-18,10:03:01,17.87,93.0,19.0,25.011,121.458
74DA38F20F0A,2026-02-18,10:03:04,22.0,100.0,20.0,22.995,120.635
74DA38F20DE0,2026-02-18,10:03:05,23.5,100.0,0.0,22.589,120.328
74DA38F7C41E,2026-02-18,10:03:11,16.5,75.0,21.0,25.054,121.517
74DA38F21048,2026-02-18,10:03:15,22.0,100.0,18.0,22.595,120.341
74DA38F20B80,2026-02-18,10:03:16,21.87,100.0,0.0,22.599,120.35
74DA38F7C366,2026-02-18,10:03:18,15.37,100.0,13.0,25.002,121.516
74DA38F7C53C,2026-02-18,10:03:18,14.37,100.0,0.0,25.11,121.804
74DA38F7C31C,2026-02-18,10:03:19,14.62,100.0,0.0,24.93,121.372
74DA38F20B5C,2026-02-18,10:03:24,-4.0,0.0,23.0,22.798,120.293
74DA38F209A8,2026-02-18,10:03:27,-4.0,0.0,0.0,22.401,120.577
74DA38F20976,2026-02-18,10:03:29,15.62,90.0,27.0,25.127,121.746
74DA38F20E9E,2026-02-18,10:03:32,15.0,100.0,18.0,24.648,121.151
74DA38F7C5A0,2026-02-18,10:03:40,15.37,90.0,0.0,25.107,121.518
74DA38F20D6C,2026-02-18,10:03:43,21.12,82.0,0.0,22.661,120.301
74DA38F20DD0,2026-02-18,10:03:47,21.0,100.0,2.0,22.6080258,120.3229833
74DA38ED0454,2026-02-18,10:03:54,18.5,100.0,19.0,24.053,121.599
74DA38ED04F2,2026-02-18,10:03:54,17.62,100.0,16.0,23.468,121.496
74DA38F209EE,2026-02-18,10:03:58,19.75,100.0,0.0,23.026,121.33
74DA38F7C4DE,2026-02-18,10:04:00,15.87,100.0,0.0,25.09,121.462
74DA38F209DE,2026-02-18,10:04:02,14.87,100.0,1.0,24.861,120.964
74DA38F7C5CE,2026-02-18,10:04:02,14.75,90.0,1.0,25.066,121.656
74DA38F7C3DC,2026-02-18,10:04:07,14.62,100.0,27.0,25.003,121.539
74DA38F7C610,2026-02-18,10:04:27,17.25,79.0,23.0,25.063,121.564
74DA38F21088,2026-02-18,10:04:34,15.37,100.0,0.0,25.068,121.588
74DA38F7C3DE,2026-02-18,10:04:34,15.87,100.0,306.0,24.972,121.537
74DA38F210A2,2026-02-18,10:04:41,15.37,100.0,6.0,25.12,121.466
74DA38F7C5E6,2026-02-18,10:04:47,16.0,100.0,16.0,25.107,121.843
74DA38ED0630,2026-02-18,10:04:57,18.0,100.0,0.0,23.994,121.594
74DA38ED05EA,2026-02-18,10:05:09,17.0,100.0,8.0,23.394,121.357
74DA38F7C29C,2026-02-18,10:05:17,16.0,100.0,21.0,25.02,121.416
74DA38F20D4C,2026-02-18,10:05:22,18.37,100.0,0.0,22.971,121.303
74DA38F7C30C,2026-02-18,10:05:24,15.5,98.0,0.0,24.975,121.532
74DA38F7C560,2026-02-18,10:05:24,14.87,100.0,0.0,25.079,121.671
74DA38F7C3B2,2026-02-18,10:05:25,19.12,67.0,13.0,24.929,121.378
74DA38F7C566,2026-02-18,10:05:26,16.5,100.0,0.0,25.051,121.448
74DA38F7C59C,2026-02-18,10:05:33,15.62,76.0,32.0,25.103,121.487
74DA38F20BE4,2026-02-18,10:05:34,14.0,100.0,39.0,24.791,120.957
74DA38F20AAA,2026-02-18,10:05:38,14.5,100.0,13.0,24.6,120.999
74DA38F7C47C,2026-02-18,10:05:39,15.87,97.0,0.0,25.055,121.455
74DA38F7C3BA,2026-02-18,10:05:41,118.87,46.0,123.0,25.174,121.441
74DA38F20D2A,2026-02-18,10:05:42,16.12,71.0,0.0,25.048,121.573
74DA38F21024,2026-02-18,10:05:50,15.62,100.0,0.0,24.93,121.036
74DA38F7C40C,2026-02-18,10:05:52,14.75,100.0,0.0,24.995,121.52
74DA38F7C47E,2026-02-18,10:06:05,15.25,100.0,31.0,25.053963,121.427681
74DA38F20BCA,2026-02-18,10:06:10,14.87,100.0,0.0,25.079,121.58
74DA38F20D1A,2026-02-18,10:06:12,16.0,85.0,0.0,25.078,121.541
74DA38F208E2,2026-02-18,10:06:13,15.62,100.0,25.0,24.688,121.766
74DA38F20C26,2026-02-18,10:06:14,24.87,68.0,14.0,22.676,120.342
74DA38ED0640,2026-02-18,10:06:26,15.25,100.0,3.0,23.154,121.266
74DA38F7C260,2026-02-18,10:06:26,15.62,100.0,0.0,25.065,121.425
74DA38F20AA4,2026-02-18,10:06:28,25.87,86.0,13.0,22.685,120.492
74DA38F7C562,2026-02-18,10:06:34,14.25,100.0,23.0,25.021,121.418
74DA38F7C524,2026-02-18,10:06:36,13.87,100.0,63.0,25.002,121.552
74DA38F7C514,2026-02-18,10:06:43,15.62,99.0,23.0,25.051,121.518
74DA38F207DE,2026-02-18,10:06:55,22.75,100.0,23.0,22.603,120.34
74DA38F20902,2026-02-18,10:06:57,21.62,98.0,2.0,22.204,120.7
74DA38F209B2,2026-02-18,10:07:03,22.25,100.0,0.0,22.363,120.599
74DA38F20B88,2026-02-18,10:07:03,21.62,100.0,0.0,22.75,120.316
74DA38F210F6,2026-02-18,10:07:03,20.87,100.0,4.0,22.757426,121.158891
74DA38F7C39A,2026-02-18,10:07:03,15.5,100.0,0.0,25.002,121.414
74DA38F20EB2,2026-02-18,10:07:06,9.75,100.0,27.0,24.324,120.835
74DA38F7C5BE,2026-02-18,10:07:12,16.0,81.0,28.0,25.092,121.523
74DA38F2118E,2026-02-18,10:07:19,13.25,100.0,45.0,26.148,119.935
74DA38F7C4CC,2026-02-18,10:07:21,15.5,100.0,16.0,25.062,121.451
74DA38ED06E0,2026-02-18,10:07:22,19.12,94.0,0.0,23.601,121.521
74DA38F20A78,2026-02-18,10:07:22,16.87,100.0,3.0,22.904,121.124
74DA38F210E4,2026-02-18,10:07:30,20.0,100.0,11.0,23.24,120.696
74DA38F20B26,2026-02-18,10:07:33,22.0,100.0,19.0,22.783,120.247
74DA38F7C600,2026-02-18,10:07:34,21.25,53.0,10.0,25.07,121.586
74DA38ED05B6,2026-02-18,10:07:39,17.12,100.0,12.0,23.43,121.348
74DA38F20D1E,2026-02-18,10:07:39,15.5,100.0,31.0,25.048,121.573
74DA38F20E34,2026-02-18,10:07:41,22.0,76.0,15.0,22.586,120.313
74DA38F7C63C,2026-02-18,10:07:44,85.25,100.0,16.0,24.998,121.425
74DA38F7C37C,2026-02-18,10:07:45,12.62,100.0,2.0,25.111,121.856
74DA38F20C22,2026-02-18,10:07:46,22.62,100.0,0.0,22.729,120.357
74DA38F21136,2026-02-18,10:07:49,15.0,100.0,18.0,25.119,121.505
74DA38F209F8,2026-02-18,10:07:50,16.37,100.0,4.0,23.157,121.4
74DA38F20E6E,2026-02-18,10:07:50,13.5,87.0,0.0,24.41,120.902
74DA38F21204,2026-02-18,10:07:52,21.12,100.0,1.0,25.062,121.451
74DA38ED059C,2026-02-18,10:07:56,16.25,100.0,7.0,23.706,121.412
74DA38F7C3D6,2026-02-18,10:07:59,16.0,100.0,0.0,25.045,121.541
74DA38F20D70,2026-02-18,10:08:08,16.87,100.0,0.0,23.05,121.164
74DA38F7C570,2026-02-18,10:08:08,14.25,100.0,0.0,25.239,121.63
74DA38F7C30E,2026-02-18,10:08:10,14.87,100.0,21.0,24.949,121.382
74DA38F20DC0,2026-02-18,10:08:16,21.5,100.0,1.0,22.711,120.295
74DA38F20A30,2026-02-18,10:08:20,14.87,89.0,0.0,24.948,121.372
74DA38F20D2E,2026-02-18,10:08:48,15.75,100.0,0.0,25.06,121.545
74DA38F21054,2026-02-18,10:08:48,24.87,63.0,21.0,22.898,120.627
74DA38F2113E,2026-02-18,10:08:49,-4.0,0.0,1.0,22.728,120.313
74DA38F7C616,2026-02-18,10:08:53,15.5,100.0,0.0,25.031,121.563
74DA38F20B82,2026-02-18,10:08:54,-4.0,0.0,1.0,22.847,120.465
74DA38F20D16,2026-02-18,10:08:59,16.37,100.0,28.0,25.062,121.526
74DA38F2104E,2026-02-18,10:09:02,22.0,100.0,37.0,23.108,120.7
74DA38F20AE6,2026-02-18,10:09:04,25.25,100.0,11.0,22.63,120.348
74DA38F7C464,2026-02-18,10:09:08,13.37,31.0,4.0,25.006,121.413
74DA38F20F0A,2026-02-18,10:09:16,21.87,100.0,20.0,22.995,120.635
74DA38F7C41E,2026-02-18,10:09:23,16.62,75.0,21.0,25.054,121.517
74DA38F7C366,2026-02-18,10:09:26,15.5,100.0,13.0,25.002,121.516
74DA38F209A4,2026-02-18,10:09:27,23.25,100.0,0.0,22.702,120.572
74DA38F20DE0,2026-02-18,10:09:33,23.37,100.0,0.0,22.589,120.328
74DA38F20976,2026-02-18,10:09:40,15.62,89.0,28.0,25.127,121.746
74DA38F20E9E,2026-02-18,10:09:43,15.0,100.0,28.0,24.648,121.151
74DA38F21048,2026-02-18,10:09:46,22.0,100.0,18.0,22.595,120.341
74DA38F20B80,2026-02-18,10:09:47,21.87,100.0,0.0,22.599,120.35
74DA38F7C53C,2026-02-18,10:09:48,14.62,100.0,2.0,25.11,121.804
74DA38F7C31C,2026-02-18,10:09:50,14.62,100.0,2.0,24.93,121.372
74DA38F20BD0,2026-02-18,10:10:04,-4.0,0.0,14.0,22.688,120.408
74DA38F209EE,2026-02-18,10:10:05,19.75,100.0,0.0,23.026,121.33
74DA38ED04F2,2026-02-18,10:10:07,17.75,100.0,24.0,23.468,121.496
74DA38F7C5A0,2026-02-18,10:10:10,15.37,91.0,0.0,25.107,121.518
74DA38F20D6C,2026-02-18,10:10:11,21.12,82.0,0.0,22.661,120.301
74DA38F7C4DE,2026-02-18,10:10:15,15.87,100.0,0.0,25.09,121.462
74DA38F20DD0,2026-02-18,10:10:17,21.0,100.0,1.0,22.6080258,120.3229833
74DA38F7C3DC,2026-02-18,10:10:17,14.75,100.0,28.0,25.003,121.539
74DA38F7C3DE,2026-02-18,10:10:31,15.87,100.0,300.0,24.972,121.537
74DA38F7C5CE,2026-02-18,10:10:31,14.75,90.0,0.0,25.066,121.656
74DA38ED0454,2026-02-18,10:10:32,18.62,100.0,18.0,24.053,121.599
74DA38F209DE,2026-02-18,10:10:33,15.12,100.0,3.0,24.861,120.964
74DA38F7C610,2026-02-18,10:10:36,17.25,80.0,23.0,25.063,121.564
74DA38F210A2,2026-02-18,10:10:48,15.37,100.0,6.0,25.12,121.466
74DA38F7C5E6,2026-02-18,10:11:01,16.0,100.0,16.0,25.107,121.843
74DA38F21088,2026-02-18,10:11:05,15.37,100.0,1.0,25.068,121.588
74DA38ED05EA,2026-02-18,10:11:18,17.0,100.0,10.0,23.394,121.357
74DA38ED0630,2026-02-18,10:11:26,18.0,100.0,0.0,23.994,121.594
74DA38F7C29C,2026-02-18,10:11:28,16.0,100.0,22.0,25.02,121.416
74DA38F7C3B2,2026-02-18,10:11:35,19.12,67.0,13.0,24.929,121.378
74DA38F7C30C,2026-02-18,10:11:40,15.37,98.0,0.0,24.975,121.532
74DA38F7C3BA,2026-02-18,10:11:45,118.87,46.0,121.0,25.174,121.441
74DA38F7C59C,2026-02-18,10:11:45,15.62,76.0,32.0,25.103,121.487
74DA38F20AAA,2026-02-18,10:11:47,14.37,100.0,14.0,24.6,120.999
74DA38F20BE4,2026-02-18,10:11:48,14.0,100.0,40.0,24.791,120.957
74DA38F7C47C,2026-02-18,10:11:49,16.0,96.0,0.0,25.055,121.455
74DA38F20D4C,2026-02-18,10:11:51,18.37,100.0,0.0,22.971,121.303
74DA38F7C560,2026-02-18,10:11:52,15.0,100.0,0.0,25.079,121.671
74DA38F7C566,2026-02-18,10:11:56,16.62,100.0,0.0,25.051,121.448
74DA38F7C40C,2026-02-18,10:12:00,14.87,100.0,0.0,24.995,121.52
74DA38F20D2A,2026-02-18,10:12:14,16.0,71.0,0.0,25.048,121.573
74DA38F21024,2026-02-18,10:12:20,15.62,100.0,0.0,24.93,121.036
74DA38F7C47E,2026-02-18,10:12:21,15.25,100.0,32.0,25.053963,121.427681
74DA38F208E2,2026-02-18,10:12:23,15.62,100.0,26.0,24.688,121.766
74DA38F20C26,2026-02-18,10:12:27,24.62,67.0,15.0,22.676,120.342
74DA38ED0640,2026-02-18,10:12:34,15.12,100.0,3.0,23.154,121.266
74DA38F20D1A,2026-02-18,10:12:42,15.87,85.0,0.0,25.078,121.541
74DA38F7C562,2026-02-18,10:12:46,14.5,100.0,23.0,25.021,121.418
74DA38F20AA4,2026-02-18,10:12:49,25.75,87.0,14.0,22.685,120.492
74DA38F20B5C,2026-02-18,10:12:53,-4.0,0.0,24.0,22.798,120.293
74DA38F7C514,2026-02-18,10:12:55,15.75,99.0,24.0,25.051,121.518
74DA38F20902,2026-02-18,10:13:04,21.62,98.0,2.0,22.204,120.7
74DA38F207DE,2026-02-18,10:13:05,22.75,100.0,25.0,22.603,120.34
74DA38F209A8,2026-02-18,10:13:07,-4.0,0.0,0.0,22.401,120.577
74DA38F210F6,2026-02-18,10:13:09,20.75,100.0,5.0,22.757426,121.158891
74DA38F7C524,2026-02-18,10:13:11,13.87,100.0,59.0,25.002,121.552
74DA38F20EB2,2026-02-18,10:13:17,9.75,100.0,30.0,24.324,120.835
74DA38F7C5BE,2026-02-18,10:13:25,15.87,81.0,27.0,25.092,121.523
74DA38F20A78,2026-02-18,10:13:29,16.75,100.0,3.0,22.904,121.124
74DA38F209B2,2026-02-18,10:13:32,22.25,100.0,0.0,22.363,120.599
74DA38F7C39A,2026-02-18,10:13:32,15.5,100.0,0.0,25.002,121.414
74DA38ED06E0,2026-02-18,10:13:33,19.12,94.0,0.0,23.601,121.521
74DA38F20B88,2026-02-18,10:13:34,21.62,100.0,0.0,22.75,120.316
74DA38F210E4,2026-02-18,10:13:38,19.75,100.0,12.0,23.24,120.696
74DA38F7C600,2026-02-18,10:13:41,21.0,57.0,10.0,25.07,121.586
74DA38F20B26,2026-02-18,10:13:43,21.87,100.0,18.0,22.783,120.247
74DA38ED05B6,2026-02-18,10:13:47,17.25,100.0,12.0,23.43,121.348
74DA38F20E34,2026-02-18,10:13:51,22.0,76.0,15.0,22.586,120.313
74DA38F20D1E,2026-02-18,10:13:52,15.5,100.0,31.0,25.048,121.573
74DA38F20E6E,2026-02-18,10:13:52,13.37,87.0,0.0,24.41,120.902
74DA38F2118E,2026-02-18,10:13:54,13.12,100.0,45.0,26.148,119.935
74DA38F7C63C,2026-02-18,10:13:55,85.25,100.0,18.0,24.998,121.425
74DA38F21136,2026-02-18,10:13:59,15.12,100.0,19.0,25.119,121.505
74DA38F21204,2026-02-18,10:14:02,21.12,100.0,3.0,25.062,121.451
74DA38ED059C,2026-02-18,10:14:06,16.5,100.0,7.0,23.706,121.412
74DA38F20D70,2026-02-18,10:14:16,17.0,100.0,0.0,23.05,121.164
74DA38F7C37C,2026-02-18,10:14:16,12.62,100.0,1.0,25.111,121.856
74DA38F7C30E,2026-02-18,10:14:19,14.75,100.0,20.0,24.949,121.382
74DA38F209F8,2026-02-18,10:14:21,16.37,100.0,2.0,23.157,121.4
74DA38F20C22,2026-02-18,10:14:21,22.62,100.0,0.0,22.729,120.357
74DA38F7C3D6,2026-02-18,10:14:28,16.0,100.0,0.0,25.045,121.541
74DA38F7C570,2026-02-18,10:14:37,14.25,100.0,0.0,25.239,121.63
74DA38F20A30,2026-02-18,10:14:49,14.75,89.0,0.0,24.948,121.372
74DA38F20DC0,2026-02-18,10:14:49,21.5,100.0,0.0,22.711,120.295
74DA38F21054,2026-02-18,10:14:55,24.87,63.0,20.0,22.898,120.627
74DA38F7C616,2026-02-18,10:15:06,15.5,100.0,0.0,25.031,121.563
74DA38F20AE6,2026-02-18,10:15:11,25.12,100.0,11.0,22.63,120.348
74DA38F20D16,2026-02-18,10:15:11,16.25,100.0,28.0,25.062,121.526
74DA38F20D2E,2026-02-18,10:15:17,15.62,100.0,0.0,25.06,121.545
74DA38F2104E,2026-02-18,10:15:17,21.87,100.0,36.0,23.108,120.7
74DA38F20F0A,2026-02-18,10:15:25,21.75,100.0,19.0,22.995,120.635
74DA38F7C366,2026-02-18,10:15:35,15.37,100.0,13.0,25.002,121.516
74DA38F7C41E,2026-02-18,10:15:36,16.75,75.0,21.0,25.054,121.517
74DA38F7C464,2026-02-18,10:15:38,13.37,31.0,6.0,25.006,121.413
74DA38F20976,2026-02-18,10:15:52,15.62,89.0,29.0,25.127,121.746
74DA38F20E9E,2026-02-18,10:15:53,15.0,100.0,19.0,24.648,121.151
74DA38F209A4,2026-02-18,10:15:54,23.25,100.0,0.0,22.702,120.572
74DA38F20DE0,2026-02-18,10:16:04,23.12,100.0,1.0,22.589,120.328
74DA38F2113E,2026-02-18,10:16:11,-4.0,0.0,4.0,22.728,120.313
74DA38F209EE,2026-02-18,10:16:12,19.75,100.0,0.0,23.026,121.33
74DA38F20B80,2026-02-18,10:16:16,21.87,100.0,0.0,22.599,120.35
74DA38F21048,2026-02-18,10:16:17,22.0,100.0,18.0,22.595,120.341
74DA38ED04F2,2026-02-18,10:16:19,17.5,100.0,13.0,23.468,121.496
74DA38F7C31C,2026-02-18,10:16:20,14.62,100.0,0.0,24.93,121.372
74DA38F7C53C,2026-02-18,10:16:24,14.75,100.0,12.0,25.11,121.804
74DA38F7C3DC,2026-02-18,10:16:26,14.62,100.0,29.0,25.003,121.539
74DA38F7C3DE,2026-02-18,10:16:29,15.87,100.0,306.0,24.972,121.537
74DA38F7C4DE,2026-02-18,10:16:29,15.62,100.0,0.0,25.09,121.462
74DA38F20D6C,2026-02-18,10:16:40,21.12,82.0,0.0,22.661,120.301
74DA38F7C5A0,2026-02-18,10:16:41,15.37,91.0,0.0,25.107,121.518
74DA38F20DD0,2026-02-18,10:16:48,21.0,100.0,1.0,22.6080258,120.3229833
74DA38F7C610,2026-02-18,10:16:48,17.25,80.0,24.0,25.063,121.564
74DA38ED0454,2026-02-18,10:16:52,18.62,100.0,18.0,24.053,121.599
74DA38F210A2,2026-02-18,10:16:55,15.5,100.0,6.0,25.12,121.466
74DA38F7C5CE,2026-02-18,10:16:58,14.75,90.0,0.0,25.066,121.656
74DA38F209DE,2026-02-18,10:17:03,15.12,100.0,3.0,24.861,120.964
74DA38F7C5E6,2026-02-18,10:17:12,15.87,100.0,16.0,25.107,121.843
74DA38F7C4CC,2026-02-18,10:17:18,15.62,100.0,15.0,25.062,121.451
74DA38ED05EA,2026-02-18,10:17:31,17.0,100.0,10.0,23.394,121.357
74DA38F7C29C,2026-02-18,10:17:36,16.0,100.0,21.0,25.02,121.416
74DA38F21088,2026-02-18,10:17:37,15.5,100.0,0.0,25.068,121.588
74DA38F7C3B2,2026-02-18,10:17:44,19.12,67.0,13.0,24.929,121.378
74DA38F7C3BA,2026-02-18,10:17:47,118.87,46.0,123.0,25.174,121.441
74DA38F20AAA,2026-02-18,10:17:57,14.37,100.0,14.0,24.6,120.999
74DA38F7C59C,2026-02-18,10:17:57,15.62,76.0,32.0,25.103,121.487
74DA38ED0630,2026-02-18,10:17:58,18.0,100.0,0.0,23.994,121.594
74DA38F7C47C,2026-02-18,10:17:59,16.12,96.0,0.0,25.055,121.455
74DA38F20BE4,2026-02-18,10:18:00,14.0,100.0,39.0,24.791,120.957
74DA38F7C30C,2026-02-18,10:18:02,15.37,98.0,0.0,24.975,121.532
74DA38F7C40C,2026-02-18,10:18:09,15.0,100.0,0.0,24.995,121.52
74DA38F20D4C,2026-02-18,10:18:21,18.5,100.0,0.0,22.971,121.303
74DA38F7C560,2026-02-18,10:18:22,15.0,100.0,0.0,25.079,121.671
74DA38F7C566,2026-02-18,10:18:26,16.62,100.0,0.0,25.051,121.448
74DA38F20B82,2026-02-18,10:18:28,-4.0,0.0,1.0,22.847,120.465
74DA38F7C47E,2026-02-18,10:18:32,15.0,100.0,30.0,25.053963,121.427681
74DA38F208E2,2026-02-18,10:18:33,15.62,100.0,27.0,24.688,121.766
74DA38F20C26,2026-02-18,10:18:37,24.0,67.0,18.0,22.676,120.342
74DA38F20D2A,2026-02-18,10:18:43,16.12,71.0,0.0,25.048,121.573
74DA38ED0640,2026-02-18,10:18:44,15.12,100.0,3.0,23.154,121.266
74DA38F21024,2026-02-18,10:18:50,15.62,100.0,0.0,24.93,121.036
74DA38F20AA4,2026-02-18,10:18:57,25.87,87.0,14.0,22.685,120.492
74DA38F7C562,2026-02-18,10:18:58,14.25,100.0,23.0,25.021,121.418
74DA38F7C514,2026-02-18,10:19:09,15.87,99.0,25.0,25.051,121.518
74DA38F20902,2026-02-18,10:19:12,21.5,99.0,2.0,22.204,120.7
74DA38F20D1A,2026-02-18,10:19:12,15.75,86.0,0.0,25.078,121.541
74DA38F207DE,2026-02-18,10:19:15,22.75,100.0,24.0,22.603,120.34
74DA38F210F6,2026-02-18,10:19:15,20.75,100.0,4.0,22.757426,121.158891
74DA38F20EB2,2026-02-18,10:19:29,9.62,100.0,32.0,24.324,120.835
74DA38F7C5BE,2026-02-18,10:19:36,15.87,81.0,28.0,25.092,121.523
74DA38F20A78,2026-02-18,10:19:37,16.75,100.0,3.0,22.904,121.124
74DA38F20BCA,2026-02-18,10:19:45,14.87,100.0,0.0,25.079,121.58
74DA38F7C524,2026-02-18,10:19:46,13.87,100.0,59.0,25.002,121.552
74DA38ED06E0,2026-02-18,10:19:47,19.25,94.0,0.0,23.601,121.521
74DA38F210E4,2026-02-18,10:19:47,19.75,100.0,12.0,23.24,120.696
74DA38F7C600,2026-02-18,10:19:48,20.75,59.0,11.0,25.07,121.586
74DA38F7C260,2026-02-18,10:19:51,15.37,100.0,0.0,25.065,121.425
74DA38F20E6E,2026-02-18,10:19:54,13.37,88.0,0.0,24.41,120.902
74DA38ED05B6,2026-02-18,10:20:00,17.12,100.0,13.0,23.43,121.348
74DA38F20E34,2026-02-18,10:20:00,22.12,76.0,15.0,22.586,120.313
74DA38F209B2,2026-02-18,10:20:01,22.12,100.0,0.0,22.363,120.599
74DA38F20D1E,2026-02-18,10:20:01,15.5,100.0,31.0,25.048,121.573
74DA38F20B88,2026-02-18,10:20:03,21.5,100.0,0.0,22.75,120.316
74DA38F7C39A,2026-02-18,10:20:03,15.37,100.0,0.0,25.002,121.414
74DA38F21136,2026-02-18,10:20:07,15.12,100.0,19.0,25.119,121.505
74DA38F7C63C,2026-02-18,10:20:07,85.25,100.0,17.0,24.998,121.425
74DA38ED059C,2026-02-18,10:20:16,16.37,100.0,10.0,23.706,121.412
74DA38F21204,2026-02-18,10:20:22,21.12,100.0,1.0,25.062,121.451
74DA38F20D70,2026-02-18,10:20:23,16.87,100.0,0.0,23.05,121.164
74DA38F2118E,2026-02-18,10:20:29,13.12,100.0,44.0,26.148,119.935
74DA38F7C30E,2026-02-18,10:20:30,14.87,100.0,21.0,24.949,121.382
74DA38F20BD0,2026-02-18,10:20:32,-4.0,0.0,16.0,22.688,120.408
74DA38F7C37C,2026-02-18,10:20:47,12.62,100.0,0.0,25.111,121.856
74DA38F209F8,2026-02-18,10:20:51,16.37,100.0,7.0,23.157,121.4
74DA38F20C22,2026-02-18,10:20:52,22.37,100.0,0.0,22.729,120.357
74DA38F7C3D6,2026-02-18,10:20:59,15.87,100.0,0.0,25.045,121.541
74DA38F21054,2026-02-18,10:21:03,24.87,63.0,20.0,22.898,120.627
74DA38F7C570,2026-02-18,10:21:07,14.12,100.0,0.0,25.239,121.63
74DA38F7C616,2026-02-18,10:21:15,15.5,100.0,0.0,25.031,121.563
74DA38F20AE6,2026-02-18,10:21:18,25.12,100.0,11.0,22.63,120.348
74DA38F20A30,2026-02-18,10:21:20,14.87,89.0,0.0,24.948,121.372
74DA38F20D16,2026-02-18,10:21:22,16.25,100.0,30.0,25.062,121.526
74DA38F2104E,2026-02-18,10:21:29,21.87,100.0,35.0,23.108,120.7
74DA38F20F0A,2026-02-18,10:21:34,21.75,100.0,17.0,22.995,120.635
74DA38F20DC0,2026-02-18,10:21:41,21.37,100.0,0.0,22.711,120.295
74DA38F7C366,2026-02-18,10:21:44,15.5,100.0,12.0,25.002,121.516
74DA38F7C41E,2026-02-18,10:21:45,16.62,75.0,23.0,25.054,121.517
74DA38F20D2E,2026-02-18,10:21:46,15.75,100.0,0.0,25.06,121.545
74DA38F20E9E,2026-02-18,10:22:01,15.0,100.0,19.0,24.648,121.151
74DA38F20976,2026-02-18,10:22:06,15.62,88.0,30.0,25.127,121.746
74DA38F7C464,2026-02-18,10:22:07,13.5,31.0,1.0,25.006,121.413
74DA38F209EE,2026-02-18,10:22:20,19.87,100.0,0.0,23.026,121.33
74DA38F7C338,2026-02-18,10:22:20,17.87,93.0,21.0,25.011,121.458
74DA38F20B5C,2026-02-18,10:22:22,-4.0,0.0,26.0,22.798,120.293
74DA38F209A4,2026-02-18,10:22:23,23.12,100.0,0.0,22.702,120.572
74DA38F7C3DE,2026-02-18,10:22:26,15.75,100.0,300.0,24.972,121.537
74DA38F20DE0,2026-02-18,10:22:33,23.12,100.0,0.0,22.589,120.328
74DA38F7C3DC,2026-02-18,10:22:34,14.62,100.0,28.0,25.003,121.539
74DA38ED04F2,2026-02-18,10:22:36,17.5,100.0,29.0,23.468,121.496
74DA38F209A8,2026-02-18,10:22:47,-4.0,0.0,0.0,22.401,120.577
74DA38F21048,2026-02-18,10:22:48,22.12,100.0,19.0,22.595,120.341
74DA38F7C31C,2026-02-18,10:22:49,14.62,100.0,0.0,24.93,121.372
74DA38F7C4DE,2026-02-18,10:22:51,15.62,100.0,0.0,25.09,121.462
74DA38F7C610,2026-02-18,10:22:59,17.25,80.0,23.0,25.063,121.564
74DA38F7C53C,2026-02-18,10:23:02,15.0,100.0,11.0,25.11,121.804
74DA38F210A2,2026-02-18,10:23:04,15.37,100.0,7.0,25.12,121.466
74DA38ED0454,2026-02-18,10:23:10,18.62,100.0,20.0,24.053,121.599
74DA38F20D6C,2026-02-18,10:23:12,21.25,81.0,0.0,22.661,120.301
74DA38F7C5A0,2026-02-18,10:23:12,15.5,91.0,0.0,25.107,121.518
74DA38F20DD0,2026-02-18,10:23:18,21.12,100.0,1.0,22.6080258,120.3229833
74DA38F7C4CC,2026-02-18,10:23:26,15.5,100.0,15.0,25.062,121.451
74DA38F7C5CE,2026-02-18,10:23:27,14.87,90.0,0.0,25.066,121.656
74DA38F2113E,2026-02-18,10:23:31,-4.0,0.0,2.0,22.728,120.313
74DA38F209DE,2026-02-18,10:23:32,15.0,100.0,4.0,24.861,120.964
74DA38F7C5E6,2026-02-18,10:23:34,15.87,100.0,16.0,25.107,121.843
74DA38ED05EA,2026-02-18,10:23:39,17.12,100.0,10.0,23.394,121.357
74DA38F7C29C,2026-02-18,10:23:46,15.87,100.0,21.0,25.02,121.416
74DA38F7C3B2,2026-02-18,10:23:53,19.12,67.0,13.0,24.929,121.378
74DA38F7C3BA,2026-02-18,10:23:56,118.87,46.0,122.0,25.174,121.441
74DA38F20AAA,2026-02-18,10:24:05,14.5,100.0,13.0,24.6,120.999
74DA38F21088,2026-02-18,10:24:07,15.37,100.0,0.0,25.068,121.588
74DA38F7C47C,2026-02-18,10:24:09,16.0,97.0,0.0,25.055,121.455
74DA38F7C59C,2026-02-18,10:24:09,15.5,76.0,31.0,25.103,121.487
74DA38F7C30C,2026-02-18,10:24:11,15.5,98.0,0.0,24.975,121.532
74DA38F20BE4,2026-02-18,10:24:15,13.87,100.0,38.0,24.791,120.957
74DA38F7C40C,2026-02-18,10:24:17,14.87,100.0,0.0,24.995,121.52
74DA38ED0630,2026-02-18,10:24:30,18.0,100.0,0.0,23.994,121.594
74DA38F7C47E,2026-02-18,10:24:44,15.25,100.0,33.0,25.053963,121.427681
74DA38F208E2,2026-02-18,10:24:45,15.87,100.0,27.0,24.688,121.766
74DA38F20C26,2026-02-18,10:24:46,23.75,68.0,18.0,22.676,120.342
74DA38F20D4C,2026-02-18,10:24:50,18.5,100.0,0.0,22.971,121.303
74DA38ED0640,2026-02-18,10:24:53,15.0,100.0,3.0,23.154,121.266
74DA38F7C560,2026-02-18,10:24:53,15.12,100.0,0.0,25.079,121.671
74DA38F7C566,2026-02-18,10:24:56,16.62,100.0,0.0,25.051,121.448
74DA38F20AA4,2026-02-18,10:25:05,25.75,87.0,13.0,22.685,120.492
74DA38F20D2A,2026-02-18,10:25:17,16.12,71.0,0.0,25.048,121.573
74DA38F20902,2026-02-18,10:25:19,21.37,99.0,2.0,22.204,120.7
74DA38F21024,2026-02-18,10:25:19,15.62,100.0,1.0,24.93,121.036
74DA38F7C514,2026-02-18,10:25:20,15.75,100.0,25.0,25.051,121.518
74DA38F7C562,2026-02-18,10:25:20,14.12,100.0,23.0,25.021,121.418
74DA38F210F6,2026-02-18,10:25:21,20.75,100.0,6.0,22.757426,121.158891
74DA38F207DE,2026-02-18,10:25:27,22.75,100.0,25.0,22.603,120.34
74DA38F20D1A,2026-02-18,10:25:41,15.75,86.0,0.0,25.078,121.541
74DA38F20EB2,2026-02-18,10:25:43,9.62,100.0,32.0,24.324,120.835
74DA38F20A78,2026-02-18,10:25:45,16.87,100.0,2.0,22.904,121.124
74DA38F7C5BE,2026-02-18,10:25:50,15.87,82.0,28.0,25.092,121.523
74DA38F210E4,2026-02-18,10:25:54,19.87,100.0,14.0,23.24,120.696
74DA38F7C600,2026-02-18,10:25:56,20.62,58.0,11.0,25.07,121.586
74DA38ED06E0,2026-02-18,10:25:57,19.12,94.0,0.0,23.601,121.521
74DA38F20E6E,2026-02-18,10:25:57,13.37,88.0,0.0,24.41,120.902
74DA38ED05B6,2026-02-18,10:26:09,17.37,100.0,14.0,23.43,121.348
74DA38F20E34,2026-02-18,10:26:12,22.0,76.0,16.0,22.586,120.313
74DA38F20D1E,2026-02-18,10:26:15,15.62,100.0,32.0,25.048,121.573
74DA38F20BCA,2026-02-18,10:26:16,14.87,100.0,0.0,25.079,121.58
74DA38F7C63C,2026-02-18,10:26:16,85.25,100.0,17.0,24.998,121.425
74DA38F21136,2026-02-18,10:26:18,15.12,100.0,20.0,25.119,121.505
74DA38F7C524,2026-02-18,10:26:22,13.87,100.0,60.0,25.002,121.552
74DA38ED059C,2026-02-18,10:26:25,16.12,100.0,9.0,23.706,121.412
74DA38F209B2,2026-02-18,10:26:30,22.12,100.0,0.0,22.363,120.599
74DA38F20B26,2026-02-18,10:26:30,21.87,100.0,20.0,22.783,120.247
74DA38F20D70,2026-02-18,10:26:31,16.87,100.0,0.0,23.05,121.164
74DA38F7C39A,2026-02-18,10:26:33,15.5,100.0,0.0,25.002,121.414
74DA38F21204,2026-02-18,10:26:34,21.25,100.0,3.0,25.062,121.451
74DA38F20B88,2026-02-18,10:26:35,21.37,100.0,0.0,22.75,120.316
74DA38F7C260,2026-02-18,10:26:36,15.5,100.0,1.0,25.065,121.425
74DA38F7C30E,2026-02-18,10:26:41,14.87,100.0,22.0,24.949,121.382
74DA38F2118E,2026-02-18,10:27:07,13.0,100.0,45.0,26.148,119.935
74DA38F21054,2026-02-18,10:27:12,24.75,63.0,20.0,22.898,120.627
74DA38F7C37C,2026-02-18,10:27:14,12.62,100.0,0.0,25.111,121.856
74DA38F20C22,2026-02-18,10:27:22,22.25,100.0,1.0,22.729,120.357
74DA38F209F8,2026-02-18,10:27:23,16.37,100.0,7.0,23.157,121.4
74DA38F20AE6,2026-02-18,10:27:25,25.12,100.0,11.0,22.63,120.348
74DA38F7C616,2026-02-18,10:27:25,15.5,100.0,0.0,25.031,121.563
74DA38F20D16,2026-02-18,10:27:30,16.25,100.0,29.0,25.062,121.526
74DA38F7C3D6,2026-02-18,10:27:30,16.0,100.0,0.0,25.045,121.541
74DA38F7C570,2026-02-18,10:27:37,14.0,100.0,1.0,25.239,121.63
74DA38F20F0A,2026-02-18,10:27:43,21.75,100.0,17.0,22.995,120.635
74DA38F2104E,2026-02-18,10:27:45,21.75,100.0,34.0,23.108,120.7
74DA38F20A30,2026-02-18,10:27:53,14.87,89.0,0.0,24.948,121.372
74DA38F7C366,2026-02-18,10:27:54,15.37,100.0,13.0,25.002,121.516
74DA38F7C41E,2026-02-18,10:27:57,16.62,75.0,22.0,25.054,121.517
74DA38F20B82,2026-02-18,10:28:00,-4.0,0.0,1.0,22.847,120.465
74DA38F20E9E,2026-02-18,10:28:11,15.0,100.0,19.0,24.648,121.151
74DA38F20DC0,2026-02-18,10:28:12,21.25,100.0,1.0,22.711,120.295
74DA38F20976,2026-02-18,10:28:16,15.62,89.0,31.0,25.127,121.746
74DA38F20D2E,2026-02-18,10:28:16,15.75,100.0,1.0,25.06,121.545
74DA38F7C3DE,2026-02-18,10:28:23,15.75,100.0,299.0,24.972,121.537
74DA38F209EE,2026-02-18,10:28:27,19.87,100.0,0.0,23.026,121.33
74DA38F7C338,2026-02-18,10:28:35,17.87,93.0,21.0,25.011,121.458
74DA38F7C464,2026-02-18,10:28:36,13.75,31.0,0.0,25.006,121.413
74DA38F7C3DC,2026-02-18,10:28:44,14.62,100.0,27.0,25.003,121.539
74DA38ED04F2,2026-02-18,10:28:51,17.62,100.0,19.0,23.468,121.496
74DA38F209A4,2026-02-18,10:28:52,23.12,100.0,0.0,22.702,120.572
74DA38F20DE0,2026-02-18,10:29:03,23.0,100.0,0.0,22.589,120.328
74DA38F7C4DE,2026-02-18,10:29:05,15.75,100.0,0.0,25.09,121.462
74DA38F7C610,2026-02-18,10:29:10,17.25,80.0,24.0,25.063,121.564
74DA38F210A2,2026-02-18,10:29:12,15.37,100.0,7.0,25.12,121.466
74DA38F21048,2026-02-18,10:29:20,22.12,100.0,18.0,22.595,120.341
74DA38F7C31C,2026-02-18,10:29:21,14.62,100.0,0.0,24.93,121.372
74DA38F20B80,2026-02-18,10:29:24,21.75,100.0,0.0,22.599,120.35
74DA38F7C53C,2026-02-18,10:29:33,14.75,100.0,0.0,25.11,121.804
74DA38F7C4CC,2026-02-18,10:29:34,15.5,100.0,15.0,25.062,121.451
74DA38F20D6C,2026-02-18,10:29:41,21.12,81.0,0.0,22.661,120.301
74DA38F7C5A0,2026-02-18,10:29:42,15.5,91.0,0.0,25.107,121.518
74DA38F7C5E6,2026-02-18,10:29:45,16.0,100.0,15.0,25.107,121.843
74DA38F20DD0,2026-02-18,10:29:46,21.0,100.0,1.0,22.6080258,120.3229833
74DA38ED05EA,2026-02-18,10:29:48,17.12,100.0,16.0,23.394,121.357
74DA38F7C29C,2026-02-18,10:29:54,15.87,100.0,22.0,25.02,121.416
74DA38F7C5CE,2026-02-18,10:29:55,14.87,90.0,0.0,25.066,121.656
74DA38F209DE,2026-02-18,10:30:00,14.87,100.0,2.0,24.861,120.964
74DA38F7C3BA,2026-02-18,10:30:01,118.87,46.0,123.0,25.174,121.441
74DA38F7C3B2,2026-02-18,10:30:03,19.12,67.0,13.0,24.929,121.378
74DA38F20AAA,2026-02-18,10:30:14,14.5,100.0,13.0,24.6,120.999
74DA38F7C47C,2026-02-18,10:30:19,16.0,97.0,0.0,25.055,121.455
74DA38F7C30C,2026-02-18,10:30:20,15.37,98.0,0.0,24.975,121.532
74DA38F7C59C,2026-02-18,10:30:20,15.37,77.0,31.0,25.103,121.487
74DA38F7C40C,2026-02-18,10:30:26,15.0,100.0,0.0,24.995,121.52
74DA38F20BE4,2026-02-18,10:30:29,13.87,100.0,38.0,24.791,120.957
74DA38F21088,2026-02-18,10:30:37,15.37,100.0,0.0,25.068,121.588
74DA38F2113E,2026-02-18,10:30:49,-4.0,0.0,1.0,22.728,120.313
74DA38F20C26,2026-02-18,10:30:54,23.75,68.0,18.0,22.676,120.342
74DA38F208E2,2026-02-18,10:30:55,15.87,100.0,28.0,24.688,121.766
74DA38F7C47E,2026-02-18,10:30:56,15.37,100.0,32.0,25.053963,121.427681
74DA38F20BD0,2026-02-18,10:30:57,-4.0,0.0,15.0,22.688,120.408
74DA38ED0630,2026-02-18,10:31:00,17.87,100.0,0.0,23.994,121.594
74DA38ED0640,2026-02-18,10:31:01,15.0,100.0,3.0,23.154,121.266
74DA38F20AA4,2026-02-18,10:31:13,25.75,87.0,14.0,22.685,120.492
74DA38F20D4C,2026-02-18,10:31:19,18.62,100.0,0.0,22.971,121.303
74DA38F7C560,2026-02-18,10:31:24,15.25,100.0,0.0,25.079,121.671
74DA38F7C566,2026-02-18,10:31:25,16.62,100.0,0.0,25.051,121.448
74DA38F20902,2026-02-18,10:31:27,21.25,100.0,2.0,22.204,120.7
74DA38F210F6,2026-02-18,10:31:27,20.62,100.0,5.0,22.757426,121.158891
74DA38F7C562,2026-02-18,10:31:31,14.37,100.0,23.0,25.021,121.418
74DA38F7C514,2026-02-18,10:31:35,15.75,100.0,25.0,25.051,121.518
74DA38F207DE,2026-02-18,10:31:37,22.75,100.0,26.0,22.603,120.34
74DA38F20D2A,2026-02-18,10:31:47,16.12,72.0,0.0,25.048,121.573
74DA38F21024,2026-02-18,10:31:47,15.5,100.0,0.0,24.93,121.036
74DA38F20A78,2026-02-18,10:31:52,16.75,100.0,3.0,22.904,121.124
74DA38F20B5C,2026-02-18,10:31:52,-4.0,0.0,28.0,22.798,120.293
74DA38F20EB2,2026-02-18,10:31:57,9.5,100.0,34.0,24.324,120.835
74DA38F20E6E,2026-02-18,10:32:00,13.37,88.0,0.0,24.41,120.902
74DA38F210E4,2026-02-18,10:32:02,19.5,100.0,12.0,23.24,120.696
74DA38F7C600,2026-02-18,10:32:02,20.62,58.0,10.0,25.07,121.586
74DA38F7C5BE,2026-02-18,10:32:03,15.87,82.0,28.0,25.092,121.523
74DA38ED06E0,2026-02-18,10:32:06,19.25,94.0,0.0,23.601,121.521
74DA38F20D1A,2026-02-18,10:32:12,15.75,86.0,0.0,25.078,121.541
74DA38ED05B6,2026-02-18,10:32:15,17.25,100.0,18.0,23.43,121.348
74DA38F209A8,2026-02-18,10:32:27,-4.0,0.0,0.0,22.401,120.577
74DA38F20D1E,2026-02-18,10:32:29,15.75,100.0,32.0,25.048,121.573
74DA38F20E34,2026-02-18,10:32:30,22.0,76.0,17.0,22.586,120.313
74DA38F21136,2026-02-18,10:32:30,15.12,100.0,19.0,25.119,121.505
74DA38F7C63C,2026-02-18,10:32:30,85.25,100.0,19.0,24.998,121.425
74DA38ED059C,2026-02-18,10:32:34,16.12,100.0,11.0,23.706,121.412
74DA38F20D70,2026-02-18,10:32:40,16.87,100.0,1.0,23.05,121.164
74DA38F20B26,2026-02-18,10:32:45,21.87,100.0,21.0,22.783,120.247
74DA38F20BCA,2026-02-18,10:32:46,14.75,100.0,0.0,25.079,121.58
74DA38F7C30E,2026-02-18,10:32:50,14.87,100.0,21.0,24.949,121.382
74DA38F21204,2026-02-18,10:32:52,21.25,100.0,0.0,25.062,121.451
74DA38F209B2,2026-02-18,10:32:58,22.12,100.0,0.0,22.363,120.599
74DA38F7C524,2026-02-18,10:32:58,13.87,100.0,59.0,25.002,121.552
74DA38F7C39A,2026-02-18,10:33:03,15.5,100.0,0.0,25.002,121.414
74DA38F20B88,2026-02-18,10:33:05,21.25,100.0,0.0,22.75,120.316
74DA38F7C260,2026-02-18,10:33:07,15.37,100.0,0.0,25.065,121.425
74DA38F21054,2026-02-18,10:33:20,24.75,63.0,19.0,22.898,120.627
74DA38F20AE6,2026-02-18,10:33:32,25.12,100.0,11.0,22.63,120.348
74DA38F7C616,2026-02-18,10:33:39,15.62,100.0,0.0,25.031,121.563
74DA38F20D16,2026-02-18,10:33:40,16.25,100.0,29.0,25.062,121.526
74DA38F2118E,2026-02-18,10:33:40,12.87,100.0,44.0,26.148,119.935
74DA38F7C37C,2026-02-18,10:33:46,12.62,100.0,1.0,25.111,121.856
74DA38F209F8,2026-02-18,10:33:51,16.37,100.0,8.0,23.157,121.4
74DA38F20F0A,2026-02-18,10:33:51,21.75,100.0,17.0,22.995,120.635
74DA38F20C22,2026-02-18,10:33:56,21.87,100.0,0.0,22.729,120.357
74DA38F2104E,2026-02-18,10:33:57,21.87,100.0,32.0,23.108,120.7
74DA38F7C3D6,2026-02-18,10:34:00,16.0,100.0,0.0,25.045,121.541
74DA38F7C366,2026-02-18,10:34:02,15.25,100.0,14.0,25.002,121.516
74DA38F7C41E,2026-02-18,10:34:07,16.5,75.0,22.0,25.054,121.517
74DA38F7C570,2026-02-18,10:34:07,14.12,100.0,1.0,25.239,121.63
74DA38F20E9E,2026-02-18,10:34:19,15.0,100.0,18.0,24.648,121.151
74DA38F7C3DE,2026-02-18,10:34:20,15.75,100.0,291.0,24.972,121.537
74DA38F20A30,2026-02-18,10:34:26,14.87,89.0,0.0,24.948,121.372
74DA38F20976,2026-02-18,10:34:29,15.75,88.0,31.0,25.127,121.746
74DA38F209EE,2026-02-18,10:34:33,19.75,100.0,0.0,23.026,121.33
74DA38F20DC0,2026-02-18,10:34:39,21.25,100.0,0.0,22.711,120.295
74DA38F20D2E,2026-02-18,10:34:44,15.75,100.0,0.0,25.06,121.545
74DA38F7C338,2026-02-18,10:34:45,17.87,94.0,22.0,25.011,121.458
74DA38F7C3DC,2026-02-18,10:34:54,14.75,100.0,29.0,25.003,121.539
74DA38ED04F2,2026-02-18,10:35:02,17.5,100.0,12.0,23.468,121.496
74DA38F7C464,2026-02-18,10:35:07,13.75,30.0,1.0,25.006,121.413
74DA38F210A2,2026-02-18,10:35:18,15.37,100.0,6.0,25.12,121.466
74DA38F209A4,2026-02-18,10:35:19,23.12,100.0,0.0,22.702,120.572
74DA38F7C610,2026-02-18,10:35:20,17.12,81.0,22.0,25.063,121.564
74DA38F20DE0,2026-02-18,10:35:33,23.0,100.0,0.0,22.589,120.328
74DA38F7C4CC,2026-02-18,10:35:42,15.5,100.0,16.0,25.062,121.451
74DA38F7C31C,2026-02-18,10:35:51,14.75,100.0,1.0,24.93,121.372
74DA38F21048,2026-02-18,10:35:52,22.12,100.0,19.0,22.595,120.341
74DA38F7C5E6,2026-02-18,10:35:53,15.87,100.0,16.0,25.107,121.843
74DA38F20B80,2026-02-18,10:35:54,21.5,100.0,0.0,22.599,120.35
74DA38ED05EA,2026-02-18,10:35:55,17.12,100.0,17.0,23.394,121.357
74DA38F7C53C,2026-02-18,10:36:02,14.5,100.0,1.0,25.11,121.804
74DA38F7C29C,2026-02-18,10:36:04,15.75,100.0,21.0,25.02,121.416
74DA38F7C3BA,2026-02-18,10:36:04,118.87,46.0,122.0,25.174,121.441
74DA38F20D6C,2026-02-18,10:36:08,21.12,81.0,0.0,22.661,120.301
74DA38F7C3B2,2026-02-18,10:36:10,19.12,67.0,13.0,24.929,121.378
74DA38F7C5A0,2026-02-18,10:36:11,15.5,91.0,0.0,25.107,121.518
74DA38F20DD0,2026-02-18,10:36:15,21.0,100.0,0.0,22.6080258,120.3229833
74DA38F7C5CE,2026-02-18,10:36:22,14.87,90.0,1.0,25.066,121.656
74DA38F20AAA,2026-02-18,10:36:24,14.37,100.0,12.0,24.6,120.999
74DA38ED0454,2026-02-18,10:36:28,18.62,100.0,24.0,24.053,121.599
74DA38F7C47C,2026-02-18,10:36:28,16.0,98.0,0.0,25.055,121.455
74DA38F209DE,2026-02-18,10:36:29,14.87,100.0,5.0,24.861,120.964
74DA38F7C30C,2026-02-18,10:36:31,15.37,98.0,0.0,24.975,121.532
74DA38F7C59C,2026-02-18,10:36:32,15.37,77.0,31.0,25.103,121.487
74DA38F7C40C,2026-02-18,10:36:33,15.0,100.0,0.0,24.995,121.52
74DA38F20BE4,2026-02-18,10:36:40,13.87,100.0,37.0,24.791,120.957
74DA38F208E2,2026-02-18,10:37:03,15.75,100.0,23.0,24.688,121.766
74DA38F20C26,2026-02-18,10:37:04,23.62,68.0,19.0,22.676,120.342
74DA38F7C47E,2026-02-18,10:37:06,15.25,100.0,33.0,25.053963,121.427681
74DA38F21088,2026-02-18,10:37:07,15.12,100.0,0.0,25.068,121.588
74DA38ED0640,2026-02-18,10:37:08,15.0,100.0,3.0,23.154,121.266
74DA38F20AA4,2026-02-18,10:37:20,25.75,87.0,14.0,22.685,120.492
74DA38ED0630,2026-02-18,10:37:31,17.87,99.0,1.0,23.994,121.594
74DA38F20B82,2026-02-18,10:37:32,-4.0,0.0,2.0,22.847,120.465
74DA38F210F6,2026-02-18,10:37:33,20.62,100.0,8.0,22.757426,121.158891
74DA38F20902,2026-02-18,10:37:34,21.12,100.0,1.0,22.204,120.7
74DA38F7C514,2026-02-18,10:37:46,15.87,100.0,24.0,25.051,121.518
74DA38F7C562,2026-02-18,10:37:47,14.0,100.0,25.0,25.021,121.418
74DA38F20D4C,2026-02-18,10:37:49,18.62,100.0,0.0,22.971,121.303
74DA38F207DE,2026-02-18,10:37:50,22.75,100.0,25.0,22.603,120.34
74DA38F7C560,2026-02-18,10:37:54,15.25,100.0,0.0,25.079,121.671
74DA38F7C566,2026-02-18,10:37:55,16.62,100.0,0.0,25.051,121.448
74DA38F20A78,2026-02-18,10:38:01,16.75,100.0,3.0,22.904,121.124
74DA38F20E6E,2026-02-18,10:38:03,13.25,88.0,0.0,24.41,120.902
74DA38F7C600,2026-02-18,10:38:09,20.62,58.0,10.0,25.07,121.586
74DA38F210E4,2026-02-18,10:38:10,19.12,100.0,11.0,23.24,120.696
74DA38F2113E,2026-02-18,10:38:11,-4.0,0.0,1.0,22.728,120.313
74DA38F20EB2,2026-02-18,10:38:13,9.5,100.0,34.0,24.324,120.835
74DA38F7C5BE,2026-02-18,10:38:14,16.0,81.0,28.0,25.092,121.523
74DA38F21024,2026-02-18,10:38:16,15.5,100.0,0.0,24.93,121.036
74DA38F20D2A,2026-02-18,10:38:19,16.12,72.0,1.0,25.048,121.573
74DA38ED05B6,2026-02-18,10:38:24,17.37,100.0,21.0,23.43,121.348
74DA38ED06E0,2026-02-18,10:38:25,19.12,94.0,0.0,23.601,121.521
74DA38F20E34,2026-02-18,10:38:38,22.0,76.0,16.0,22.586,120.313
74DA38F21136,2026-02-18,10:38:39,15.25,100.0,18.0,25.119,121.505
74DA38F7C63C,2026-02-18,10:38:40,85.25,100.0,19.0,24.998,121.425
74DA38F20D1A,2026-02-18,10:38:43,15.87,86.0,0.0,25.078,121.541
74DA38F20D1E,2026-02-18,10:38:43,15.75,100.0,33.0,25.048,121.573
74DA38ED059C,2026-02-18,10:38:44,16.25,100.0,13.0,23.706,121.412
74DA38F20D70,2026-02-18,10:38:48,16.87,100.0,1.0,23.05,121.164
74DA38F20B26,2026-02-18,10:39:00,21.75,100.0,24.0,22.783,120.247
74DA38F21204,2026-02-18,10:39:01,21.12,100.0,2.0,25.062,121.451
74DA38F7C30E,2026-02-18,10:39:04,14.75,100.0,21.0,24.949,121.382
74DA38F20BCA,2026-02-18,10:39:18,14.87,100.0,0.0,25.079,121.58
74DA38F209B2,2026-02-18,10:39:24,22.12,100.0,0.0,22.363,120.599
74DA38F21054,2026-02-18,10:39:26,24.75,63.0,19.0,22.898,120.627
74DA38F7C524,2026-02-18,10:39:31,14.0,100.0,59.0,25.002,121.552
74DA38F7C39A,2026-02-18,10:39:33,15.5,100.0,0.0,25.002,121.414
74DA38F20B88,2026-02-18,10:39:35,21.12,100.0,0.0,22.75,120.316
74DA38F7C260,2026-02-18,10:39:38,15.37,100.0,1.0,25.065,121.425
74DA38F20AE6,2026-02-18,10:39:40,25.12,100.0,11.0,22.63,120.348
74DA38F20D16,2026-02-18,10:39:52,16.25,100.0,29.0,25.062,121.526
74DA38F20F0A,2026-02-18,10:39:59,21.62,100.0,16.0,22.995,120.635
74DA38F2104E,2026-02-18,10:40:08,21.87,100.0,31.0,23.108,120.7
74DA38F7C366,2026-02-18,10:40:12,15.37,100.0,14.0,25.002,121.516
74DA38F2118E,2026-02-18,10:40:15,12.75,100.0,45.0,26.148,119.935
74DA38F7C37C,2026-02-18,10:40:15,12.62,100.0,0.0,25.111,121.856
74DA38F7C3DE,2026-02-18,10:40:18,15.75,100.0,305.0,24.972,121.537
74DA38F7C41E,2026-02-18,10:40:18,16.5,76.0,22.0,25.054,121.517
74DA38F209F8,2026-02-18,10:40:20,16.37,100.0,9.0,23.157,121.4
74DA38F7C616,2026-02-18,10:40:20,15.62,100.0,0.0,25.031,121.563
74DA38F20C22,2026-02-18,10:40:26,21.87,100.0,1.0,22.729,120.357
74DA38F20E9E,2026-02-18,10:40:28,15.12,100.0,18.0,24.648,121.151
74DA38F7C3D6,2026-02-18,10:40:29,16.0,100.0,0.0,25.045,121.541
74DA38F20976,2026-02-18,10:40:39,15.75,88.0,31.0,25.127,121.746
74DA38F7C570,2026-02-18,10:40:39,14.25,100.0,0.0,25.239,121.63
74DA38F209EE,2026-02-18,10:40:40,19.75,100.0,0.0,23.026,121.33
74DA38F7C338,2026-02-18,10:40:53,17.87,94.0,22.0,25.011,121.458
74DA38F20A30,2026-02-18,10:41:02,15.0,89.0,0.0,24.948,121.372
74DA38F7C3DC,2026-02-18,10:41:03,14.75,100.0,29.0,25.003,121.539
74DA38F20DC0,2026-02-18,10:41:10,21.12,100.0,0.0,22.711,120.295
74DA38ED04F2,2026-02-18,10:41:13,17.37,100.0,4.0,23.468,121.496
74DA38F20D2E,2026-02-18,10:41:15,15.75,100.0,2.0,25.06,121.545
74DA38F20B5C,2026-02-18,10:41:23,-4.0,0.0,28.0,22.798,120.293
74DA38F20BD0,2026-02-18,10:41:25,-4.0,0.0,17.0,22.688,120.408
74DA38F210A2,2026-02-18,10:41:25,15.25,100.0,7.0,25.12,121.466
74DA38F7C610,2026-02-18,10:41:31,17.12,81.0,23.0,25.063,121.564
74DA38F7C464,2026-02-18,10:41:37,13.75,30.0,2.0,25.006,121.413
74DA38F209A4,2026-02-18,10:41:49,23.12,100.0,0.0,22.702,120.572
74DA38F7C4CC,2026-02-18,10:41:51,15.5,100.0,15.0,25.062,121.451
74DA38F7C4DE,2026-02-18,10:41:54,15.87,100.0,0.0,25.09,121.462
74DA38F20DE0,2026-02-18,10:42:03,22.87,100.0,0.0,22.589,120.328
74DA38ED05EA,2026-02-18,10:42:05,17.0,100.0,19.0,23.394,121.357
74DA38F7C5E6,2026-02-18,10:42:07,16.0,100.0,16.0,25.107,121.843
74DA38F209A8,2026-02-18,10:42:08,-4.0,0.0,0.0,22.401,120.577
74DA38F7C3BA,2026-02-18,10:42:10,118.87,46.0,125.0,25.174,121.441
74DA38F7C29C,2026-02-18,10:42:16,15.75,100.0,22.0,25.02,121.416
74DA38F7C3B2,2026-02-18,10:42:20,19.12,67.0,13.0,24.929,121.378
74DA38F20B80,2026-02-18,10:42:22,21.5,100.0,0.0,22.599,120.35
74DA38F7C31C,2026-02-18,10:42:22,14.62,100.0,2.0,24.93,121.372
74DA38F21048,2026-02-18,10:42:24,22.12,100.0,18.0,22.595,120.341
74DA38F20AAA,2026-02-18,10:42:32,14.37,100.0,13.0,24.6,120.999
74DA38F7C53C,2026-02-18,10:42:33,14.5,100.0,0.0,25.11,121.804
74DA38F20D6C,2026-02-18,10:42:36,21.12,80.0,0.0,22.661,120.301
74DA38F7C47C,2026-02-18,10:42:40,16.0,98.0,0.0,25.055,121.455
74DA38F7C5A0,2026-02-18,10:42:40,15.5,91.0,0.0,25.107,121.518
74DA38F7C30C,2026-02-18,10:42:41,15.37,98.0,0.0,24.975,121.532
74DA38F7C40C,2026-02-18,10:42:41,14.87,100.0,0.0,24.995,121.52
74DA38F7C59C,2026-02-18,10:42:45,15.37,77.0,32.0,25.103,121.487
74DA38F20DD0,2026-02-18,10:42:46,21.12,100.0,0.0,22.6080258,120.3229833
74DA38F7C5CE,2026-02-18,10:42:53,14.87,90.0,1.0,25.066,121.656
74DA38F20BE4,2026-02-18,10:42:55,13.75,100.0,37.0,24.791,120.957
74DA38F209DE,2026-02-18,10:42:59,14.87,100.0,4.0,24.861,120.964
74DA38ED0454,2026-02-18,10:43:02,18.62,100.0,24.0,24.053,121.599
74DA38F208E2,2026-02-18,10:43:10,15.62,100.0,7.0,24.688,121.766
74DA38F20C26,2026-02-18,10:43:13,23.5,68.0,17.0,22.676,120.342
74DA38F7C47E,2026-02-18,10:43:17,15.62,100.0,32.0,25.053963,121.427681
74DA38ED0640,2026-02-18,10:43:19,15.0,100.0,3.0,23.154,121.266
74DA38F20AA4,2026-02-18,10:43:30,25.75,87.0,14.0,22.685,120.492
74DA38F21088,2026-02-18,10:43:38,15.12,100.0,0.0,25.068,121.588
74DA38F210F6,2026-02-18,10:43:40,20.62,100.0,6.0,22.757426,121.158891
74DA38F20902,2026-02-18,10:43:41,21.12,99.0,1.0,22.204,120.7
74DA38F7C562,2026-02-18,10:43:57,14.25,100.0,24.0,25.021,121.418
74DA38F7C514,2026-02-18,10:43:58,15.87,100.0,25.0,25.051,121.518
74DA38ED0630,2026-02-18,10:44:00,17.87,100.0,0.0,23.994,121.594
74DA38F207DE,2026-02-18,10:44:00,22.87,100.0,25.0,22.603,120.34
74DA38F20E6E,2026-02-18,10:44:06,13.12,88.0,0.0,24.41,120.902
74DA38F20A78,2026-02-18,10:44:12,16.75,100.0,2.0,22.904,121.124
74DA38F7C600,2026-02-18,10:44:15,20.75,58.0,10.0,25.07,121.586
74DA38F210E4,2026-02-18,10:44:18,19.0,100.0,11.0,23.24,120.696
74DA38F20D4C,2026-02-18,10:44:19,18.62,100.0,0.0,22.971,121.303
74DA38F7C560,2026-02-18,10:44:25,15.25,100.0,0.0,25.079,121.671
74DA38F7C566,2026-02-18,10:44:25,16.62,100.0,0.0,25.051,121.448
74DA38F20EB2,2026-02-18,10:44:27,9.5,100.0,34.0,24.324,120.835
74DA38F7C5BE,2026-02-18,10:44:28,16.0,82.0,28.0,25.092,121.523
74DA38ED05B6,2026-02-18,10:44:34,17.5,100.0,18.0,23.43,121.348
74DA38ED06E0,2026-02-18,10:44:39,19.12,94.0,0.0,23.601,121.521
74DA38F21024,2026-02-18,10:44:46,15.5,100.0,0.0,24.93,121.036
74DA38F20E34,2026-02-18,10:44:49,22.0,76.0,16.0,22.586,120.313
74DA38F20D2A,2026-02-18,10:44:50,16.0,72.0,0.0,25.048,121.573
74DA38F21136,2026-02-18,10:44:50,15.25,100.0,17.0,25.119,121.505
74DA38F7C63C,2026-02-18,10:44:50,85.25,100.0,17.0,24.998,121.425
74DA38ED059C,2026-02-18,10:44:54,16.25,100.0,11.0,23.706,121.412
74DA38F20D70,2026-02-18,10:44:57,16.75,100.0,1.0,23.05,121.164
74DA38F20D1E,2026-02-18,10:45:09,15.75,100.0,34.0,25.048,121.573
74DA38F21204,2026-02-18,10:45:12,21.12,100.0,3.0,25.062,121.451
74DA38F20B26,2026-02-18,10:45:14,21.62,100.0,24.0,22.783,120.247
74DA38F20D1A,2026-02-18,10:45:14,15.75,86.0,0.0,25.078,121.541
74DA38F7C30E,2026-02-18,10:45:22,15.0,100.0,22.0,24.949,121.382
74DA38F2113E,2026-02-18,10:45:31,-4.0,0.0,4.0,22.728,120.313
74DA38F21054,2026-02-18,10:45:35,24.75,63.0,19.0,22.898,120.627
74DA38F20AE6,2026-02-18,10:45:49,25.12,100.0,11.0,22.63,120.348
74DA38F20BCA,2026-02-18,10:45:52,14.87,100.0,0.0,25.079,121.58
74DA38F209B2,2026-02-18,10:45:53,22.12,100.0,0.0,22.363,120.599
74DA38F20D16,2026-02-18,10:46:04,16.12,100.0,29.0,25.062,121.526
74DA38F7C39A,2026-02-18,10:46:04,15.37,100.0,0.0,25.002,121.414
74DA38F20B88,2026-02-18,10:46:06,20.87,100.0,0.0,22.75,120.316
74DA38F7C524,2026-02-18,10:46:06,13.87,100.0,59.0,25.002,121.552
74DA38F20F0A,2026-02-18,10:46:10,21.62,100.0,17.0,22.995,120.635
74DA38F7C260,2026-02-18,10:46:15,15.37,100.0,0.0,25.065,121.425
74DA38F7C3DE,2026-02-18,10:46:15,15.75,100.0,296.0,24.972,121.537
74DA38F2104E,2026-02-18,10:46:19,21.87,100.0,32.0,23.108,120.7
74DA38F7C366,2026-02-18,10:46:23,15.25,100.0,14.0,25.002,121.516
74DA38F7C41E,2026-02-18,10:46:29,16.5,76.0,22.0,25.054,121.517
74DA38F20E9E,2026-02-18,10:46:38,15.0,100.0,18.0,24.648,121.151
74DA38F7C616,2026-02-18,10:46:39,15.62,100.0,0.0,25.031,121.563
74DA38F7C37C,2026-02-18,10:46:44,12.75,100.0,0.0,25.111,121.856
74DA38F2118E,2026-02-18,10:46:48,12.75,100.0,43.0,26.148,119.935
74DA38F209EE,2026-02-18,10:46:49,19.87,100.0,0.0,23.026,121.33
74DA38F209F8,2026-02-18,10:46:51,16.5,100.0,8.0,23.157,121.4
74DA38F20976,2026-02-18,10:46:52,15.75,88.0,31.0,25.127,121.746
74DA38F20C22,2026-02-18,10:46:55,21.87,100.0,0.0,22.729,120.357
74DA38F7C3D6,2026-02-18,10:46:59,16.0,100.0,0.0,25.045,121.541
74DA38F20B82,2026-02-18,10:47:06,-4.0,0.0,2.0,22.847,120.465
74DA38F7C570,2026-02-18,10:47:10,14.12,100.0,1.0,25.239,121.63
74DA38F7C3DC,2026-02-18,10:47:15,14.75,100.0,29.0,25.003,121.539
74DA38ED04F2,2026-02-18,10:47:23,17.37,100.0,6.0,23.468,121.496
74DA38F210A2,2026-02-18,10:47:33,15.37,100.0,6.0,25.12,121.466
74DA38F7C338,2026-02-18,10:47:34,17.87,94.0,22.0,25.011,121.458
74DA38F20A30,2026-02-18,10:47:35,15.0,89.0,0.0,24.948,121.372
74DA38F20DC0,2026-02-18,10:47:40,21.0,100.0,0.0,22.711,120.295
74DA38F7C610,2026-02-18,10:47:44,17.25,81.0,23.0,25.063,121.564
74DA38F20D2E,2026-02-18,10:47:53,15.75,100.0,0.0,25.06,121.545
74DA38F7C4CC,2026-02-18,10:48:01,15.5,100.0,16.0,25.062,121.451
74DA38F7C464,2026-02-18,10:48:11,13.75,31.0,1.0,25.006,121.413
74DA38F7C3BA,2026-02-18,10:48:14,118.87,46.0,121.0,25.174,121.441
74DA38ED05EA,2026-02-18,10:48:15,17.0,100.0,26.0,23.394,121.357
74DA38F7C5E6,2026-02-18,10:48:18,16.0,100.0,16.0,25.107,121.843
74DA38F209A4,2026-02-18,10:48:20,23.25,100.0,0.0,22.702,120.572
74DA38F7C29C,2026-02-18,10:48:26,15.87,100.0,22.0,25.02,121.416
74DA38F7C3B2,2026-02-18,10:48:29,19.12,67.0,13.0,24.929,121.378
74DA38F7C4DE,2026-02-18,10:48:30,16.0,100.0,0.0,25.09,121.462
74DA38F20DE0,2026-02-18,10:48:34,22.87,100.0,0.0,22.589,120.328
74DA38F20AAA,2026-02-18,10:48:43,14.5,100.0,14.0,24.6,120.999
74DA38F7C30C,2026-02-18,10:48:49,15.5,98.0,0.0,24.975,121.532
74DA38F7C40C,2026-02-18,10:48:49,15.0,100.0,0.0,24.995,121.52
74DA38F7C47C,2026-02-18,10:48:51,15.87,99.0,0.0,25.055,121.455
74DA38F20B80,2026-02-18,10:48:53,21.62,100.0,1.0,22.599,120.35
74DA38F21048,2026-02-18,10:48:53,22.12,100.0,19.0,22.595,120.341
74DA38F7C31C,2026-02-18,10:48:54,14.75,100.0,3.0,24.93,121.372
74DA38F7C59C,2026-02-18,10:48:56,15.5,77.0,32.0,25.103,121.487
74DA38F7C53C,2026-02-18,10:49:02,14.25,100.0,1.0,25.11,121.804
74DA38F20D6C,2026-02-18,10:49:05,21.12,80.0,0.0,22.661,120.301
74DA38F20BE4,2026-02-18,10:49:07,13.75,100.0,37.0,24.791,120.957
74DA38F7C5A0,2026-02-18,10:49:10,15.5,91.0,0.0,25.107,121.518
74DA38F208E2,2026-02-18,10:49:17,15.5,100.0,6.0,24.688,121.766
74DA38F20DD0,2026-02-18,10:49:20,21.12,100.0,2.0,22.6080258,120.3229833
74DA38ED0454,2026-02-18,10:49:22,18.62,100.0,25.0,24.053,121.599
74DA38F20C26,2026-02-18,10:49:23,23.37,68.0,18.0,22.676,120.342
74DA38F7C5CE,2026-02-18,10:49:23,15.0,90.0,0.0,25.066,121.656
74DA38ED0640,2026-02-18,10:49:29,15.12,100.0,3.0,23.154,121.266
74DA38F209DE,2026-02-18,10:49:30,14.87,100.0,6.0,24.861,120.964
74DA38F7C47E,2026-02-18,10:49:30,15.5,100.0,33.0,25.053963,121.427681
74DA38F20AA4,2026-02-18,10:49:37,25.62,86.0,14.0,22.685,120.492
74DA38F210F6,2026-02-18,10:49:47,20.62,100.0,5.0,22.757426,121.158891
74DA38F20902,2026-02-18,10:49:48,21.0,99.0,1.0,22.204,120.7
74DA38F21088,2026-02-18,10:50:08,15.12,100.0,0.0,25.068,121.588
74DA38F20E6E,2026-02-18,10:50:10,13.0,88.0,0.0,24.41,120.902
74DA38F207DE,2026-02-18,10:50:11,22.75,100.0,26.0,22.603,120.34
74DA38F7C514,2026-02-18,10:50:12,15.87,100.0,25.0,25.051,121.518
74DA38F7C562,2026-02-18,10:50:14,14.25,100.0,25.0,25.021,121.418
74DA38F20A78,2026-02-18,10:50:20,16.75,100.0,3.0,22.904,121.124
74DA38F7C600,2026-02-18,10:50:22,20.75,58.0,10.0,25.07,121.586
74DA38F210E4,2026-02-18,10:50:26,18.87,100.0,10.0,23.24,120.696
74DA38ED0630,2026-02-18,10:50:31,17.87,99.0,0.0,23.994,121.594
74DA38F7C5BE,2026-02-18,10:50:41,16.0,82.0,28.0,25.092,121.523
74DA38ED05B6,2026-02-18,10:50:43,17.5,100.0,14.0,23.43,121.348
74DA38F20EB2,2026-02-18,10:50:45,9.5,100.0,34.0,24.324,120.835
74DA38F20D4C,2026-02-18,10:50:48,18.62,100.0,0.0,22.971,121.303
74DA38F20B5C,2026-02-18,10:50:52,-4.0,0.0,29.0,22.798,120.293
74DA38ED06E0,2026-02-18,10:50:54,19.25,94.0,0.0,23.601,121.521
74DA38F7C560,2026-02-18,10:50:55,15.25,100.0,0.0,25.079,121.671
74DA38F7C566,2026-02-18,10:50:56,16.62,100.0,0.0,25.051,121.448
74DA38F20E34,2026-02-18,10:50:59,22.0,76.0,16.0,22.586,120.313
74DA38F7C63C,2026-02-18,10:51:00,85.25,100.0,18.0,24.998,121.425
74DA38ED059C,2026-02-18,10:51:04,16.25,100.0,11.0,23.706,121.412
74DA38F20D70,2026-02-18,10:51:07,16.87,100.0,0.0,23.05,121.164
74DA38F21024,2026-02-18,10:51:16,15.5,100.0,1.0,24.93,121.036
74DA38F21204,2026-02-18,10:51:20,21.0,100.0,3.0,25.062,121.451
74DA38F20D1E,2026-02-18,10:51:21,15.87,100.0,34.0,25.048,121.573
74DA38F20D2A,2026-02-18,10:51:22,16.0,72.0,1.0,25.048,121.573
74DA38F20B26,2026-02-18,10:51:25,21.62,100.0,24.0,22.783,120.247
74DA38F7C30E,2026-02-18,10:51:41,15.0,100.0,21.0,24.949,121.382
74DA38F20D1A,2026-02-18,10:51:44,15.75,86.0,0.0,25.078,121.541
74DA38F21054,2026-02-18,10:51:44,24.75,63.0,19.0,22.898,120.627
74DA38F209A8,2026-02-18,10:51:48,-4.0,0.0,1.0,22.401,120.577
74DA38F20BD0,2026-02-18,10:51:53,-4.0,0.0,16.0,22.688,120.408
74DA38F20AE6,2026-02-18,10:51:57,25.12,100.0,12.0,22.63,120.348
74DA38F7C3DE,2026-02-18,10:52:12,15.75,100.0,292.0,24.972,121.537
74DA38F20D16,2026-02-18,10:52:17,16.25,100.0,30.0,25.062,121.526
74DA38F20F0A,2026-02-18,10:52:18,21.62,100.0,16.0,22.995,120.635
74DA38F209B2,2026-02-18,10:52:22,22.25,100.0,0.0,22.363,120.599
74DA38F20BCA,2026-02-18,10:52:30,14.75,100.0,0.0,25.079,121.58
74DA38F2104E,2026-02-18,10:52:31,21.87,100.0,31.0,23.108,120.7
74DA38F7C366,2026-02-18,10:52:32,15.25,100.0,14.0,25.002,121.516
74DA38F20B88,2026-02-18,10:52:35,20.75,100.0,0.0,22.75,120.316
74DA38F7C39A,2026-02-18,10:52:35,15.5,100.0,0.0,25.002,121.414
74DA38F7C524,2026-02-18,10:52:43,13.87,100.0,60.0,25.002,121.552
74DA38F7C41E,2026-02-18,10:52:45,16.5,76.0,21.0,25.054,121.517
74DA38F20E9E,2026-02-18,10:52:46,15.0,100.0,18.0,24.648,121.151
74DA38F7C616,2026-02-18,10:52:48,15.62,100.0,0.0,25.031,121.563
74DA38F7C260,2026-02-18,10:52:51,15.37,100.0,1.0,25.065,121.425
74DA38F2113E,2026-02-18,10:52:52,-4.0,0.0,3.0,22.728,120.313
74DA38F209EE,2026-02-18,10:52:56,19.87,100.0,0.0,23.026,121.33
74DA38F20976,2026-02-18,10:53:03,15.75,88.0,31.0,25.127,121.746
74DA38F7C37C,2026-02-18,10:53:16,12.75,100.0,0.0,25.111,121.856
74DA38F209F8,2026-02-18,10:53:20,16.5,100.0,10.0,23.157,121.4
74DA38F2118E,2026-02-18,10:53:24,12.75,100.0,43.0,26.148,119.935
74DA38F20C22,2026-02-18,10:53:27,21.75,100.0,1.0,22.729,120.357
74DA38F7C3DC,2026-02-18,10:53:28,14.62,100.0,30.0,25.003,121.539
74DA38F7C3D6,2026-02-18,10:53:29,16.0,100.0,0.0,25.045,121.541
74DA38ED04F2,2026-02-18,10:53:34,17.37,100.0,6.0,23.468,121.496
74DA38F7C570,2026-02-18,10:53:40,14.12,100.0,0.0,25.239,121.63
74DA38F210A2,2026-02-18,10:53:41,15.25,100.0,6.0,25.12,121.466
74DA38F7C338,2026-02-18,10:53:48,17.87,95.0,22.0,25.011,121.458
74DA38F7C610,2026-02-18,10:53:56,17.12,81.0,24.0,25.063,121.564
74DA38F20A30,2026-02-18,10:54:06,15.0,89.0,0.0,24.948,121.372
74DA38F20DC0,2026-02-18,10:54:12,21.12,100.0,0.0,22.711,120.295
74DA38F7C4CC,2026-02-18,10:54:12,15.5,100.0,16.0,25.062,121.451
74DA38F7C3BA,2026-02-18,10:54:20,118.87,46.0,125.0,25.174,121.441
74DA38F20D2E,2026-02-18,10:54:22,15.75,100.0,0.0,25.06,121.545
74DA38ED05EA,2026-02-18,10:54:26,17.12,100.0,23.0,23.394,121.357
74DA38F7C5E6,2026-02-18,10:54:34,15.87,100.0,16.0,25.107,121.843
74DA38F7C29C,2026-02-18,10:54:37,15.87,100.0,23.0,25.02,121.416
74DA38F7C3B2,2026-02-18,10:54:39,19.12,67.0,13.0,24.929,121.378
74DA38F7C464,2026-02-18,10:54:42,13.87,32.0,0.0,25.006,121.413
74DA38F7C4DE,2026-02-18,10:54:43,16.0,100.0,0.0,25.09,121.462
74DA38F209A4,2026-02-18,10:54:52,23.37,100.0,0.0,22.702,120.572
74DA38F20AAA,2026-02-18,10:54:55,14.37,100.0,13.0,24.6,120.999
74DA38F7C40C,2026-02-18,10:54:57,15.0,100.0,0.0,24.995,121.52
74DA38F7C30C,2026-02-18,10:54:58,15.5,98.0,0.0,24.975,121.532
74DA38F7C47C,2026-02-18,10:55:01,16.0,99.0,0.0,25.055,121.455
74DA38F20DE0,2026-02-18,10:55:05,22.87,100.0,0.0,22.589,120.328
74DA38F7C59C,2026-02-18,10:55:07,15.37,77.0,31.0,25.103,121.487
74DA38F20BE4,2026-02-18,10:55:21,13.75,100.0,38.0,24.791,120.957
74DA38F21048,2026-02-18,10:55:21,22.12,100.0,18.0,22.595,120.341
74DA38F20B80,2026-02-18,10:55:24,21.62,100.0,0.0,22.599,120.35
74DA38F7C31C,2026-02-18,10:55:24,14.75,100.0,1.0,24.93,121.372
74DA38F208E2,2026-02-18,10:55:26,15.37,100.0,10.0,24.688,121.766
74DA38F7C53C,2026-02-18,10:55:33,14.25,100.0,0.0,25.11,121.804
74DA38F20C26,2026-02-18,10:55:34,23.5,68.0,18.0,22.676,120.342
74DA38F20D6C,2026-02-18,10:55:35,21.37,79.0,0.0,22.661,120.301
74DA38ED0640,2026-02-18,10:55:40,15.12,100.0,3.0,23.154,121.266
74DA38F7C5A0,2026-02-18,10:55:41,15.37,91.0,0.0,25.107,121.518
74DA38F7C47E,2026-02-18,10:55:43,15.5,100.0,33.0,25.053963,121.427681
74DA38F20AA4,2026-02-18,10:55:46,25.62,84.0,15.0,22.685,120.492
74DA38ED0454,2026-02-18,10:55:51,18.62,100.0,16.0,24.053,121.599
74DA38F20DD0,2026-02-18,10:55:52,21.0,100.0,0.0,22.6080258,120.3229833
74DA38F7C5CE,2026-02-18,10:55:52,14.87,90.0,1.0,25.066,121.656
74DA38F210F6,2026-02-18,10:55:54,20.5,100.0,3.0,22.757426,121.158891
74DA38F20902,2026-02-18,10:55:57,21.12,100.0,2.0,22.204,120.7
74DA38F209DE,2026-02-18,10:56:02,14.87,100.0,4.0,24.861,120.964
74DA38F20E6E,2026-02-18,10:56:12,13.0,88.0,0.0,24.41,120.902
74DA38F207DE,2026-02-18,10:56:19,22.75,100.0,25.0,22.603,120.34
74DA38F7C514,2026-02-18,10:56:25,15.87,100.0,26.0,25.051,121.518
74DA38F20A78,2026-02-18,10:56:28,16.75,100.0,3.0,22.904,121.124
74DA38F7C600,2026-02-18,10:56:29,20.87,57.0,10.0,25.07,121.586
74DA38F7C562,2026-02-18,10:56:32,14.37,100.0,26.0,25.021,121.418
74DA38F210E4,2026-02-18,10:56:34,18.87,100.0,10.0,23.24,120.696
74DA38F20B82,2026-02-18,10:56:39,-4.0,0.0,2.0,22.847,120.465
74DA38F21088,2026-02-18,10:56:40,15.0,100.0,0.0,25.068,121.588
74DA38F7C5BE,2026-02-18,10:56:54,16.0,81.0,27.0,25.092,121.523
74DA38ED05B6,2026-02-18,10:56:55,17.62,100.0,15.0,23.43,121.348
74DA38F20EB2,2026-02-18,10:57:02,9.5,100.0,35.0,24.324,120.835
74DA38ED0630,2026-02-18,10:57:03,17.87,99.0,0.0,23.994,121.594
74DA38F21136,2026-02-18,10:57:04,15.25,100.0,17.0,25.119,121.505
74DA38ED06E0,2026-02-18,10:57:08,19.25,94.0,0.0,23.601,121.521
74DA38F20E34,2026-02-18,10:57:09,22.0,76.0,16.0,22.586,120.313
74DA38F7C63C,2026-02-18,10:57:11,85.25,100.0,19.0,24.998,121.425
74DA38ED059C,2026-02-18,10:57:14,16.12,100.0,20.0,23.706,121.412
74DA38F20D70,2026-02-18,10:57:14,16.62,100.0,0.0,23.05,121.164
74DA38F20D4C,2026-02-18,10:57:17,18.75,100.0,0.0,22.971,121.303
74DA38F7C560,2026-02-18,10:57:25,15.25,100.0,0.0,25.079,121.671
74DA38F7C566,2026-02-18,10:57:25,16.62,100.0,0.0,25.051,121.448
74DA38F21204,2026-02-18,10:57:28,20.87,100.0,4.0,25.062,121.451
74DA38F20B26,2026-02-18,10:57:35,21.5,100.0,23.0,22.783,120.247
74DA38F21024,2026-02-18,10:57:45,15.5,100.0,0.0,24.93,121.036
74DA38F20D2A,2026-02-18,10:57:52,16.25,72.0,0.0,25.048,121.573
74DA38F21054,2026-02-18,10:57:52,24.75,62.0,20.0,22.898,120.627
74DA38F7C30E,2026-02-18,10:57:52,15.0,100.0,23.0,24.949,121.382
74DA38F20AE6,2026-02-18,10:58:04,25.12,100.0,11.0,22.63,120.348
74DA38F7C3DE,2026-02-18,10:58:08,15.75,100.0,313.0,24.972,121.537
74DA38F20D1A,2026-02-18,10:58:14,15.75,86.0,0.0,25.078,121.541
74DA38F20F0A,2026-02-18,10:58:25,21.5,100.0,17.0,22.995,120.635
74DA38F20D16,2026-02-18,10:58:30,16.25,100.0,30.0,25.062,121.526
74DA38F7C366,2026-02-18,10:58:42,15.37,100.0,14.0,25.002,121.516
74DA38F2104E,2026-02-18,10:58:43,21.75,100.0,31.0,23.108,120.7
74DA38F209B2,2026-02-18,10:58:50,22.25,100.0,0.0,22.363,120.599
74DA38F7C41E,2026-02-18,10:58:55,16.62,76.0,23.0,25.054,121.517
74DA38F7C616,2026-02-18,10:58:57,15.5,100.0,0.0,25.031,121.563
74DA38F20E9E,2026-02-18,10:58:59,15.0,100.0,34.0,24.648,121.151
74DA38F209EE,2026-02-18,10:59:04,19.75,100.0,0.0,23.026,121.33
74DA38F20B88,2026-02-18,10:59:05,20.5,100.0,0.0,22.75,120.316
74DA38F20BCA,2026-02-18,10:59:05,14.87,100.0,1.0,25.079,121.58
74DA38F7C39A,2026-02-18,10:59:05,15.37,100.0,0.0,25.002,121.414
74DA38F20976,2026-02-18,10:59:15,15.75,88.0,32.0,25.127,121.746
74DA38F7C524,2026-02-18,10:59:29,13.75,100.0,60.0,25.002,121.552
74DA38F7C260,2026-02-18,10:59:34,15.37,100.0,0.0,25.065,121.425
74DA38F7C3DC,2026-02-18,10:59:35,14.62,100.0,29.0,25.003,121.539
74DA38ED04F2,2026-02-18,10:59:44,17.37,100.0,11.0,23.468,121.496
74DA38F7C37C,2026-02-18,10:59:44,12.62,100.0,0.0,25.111,121.856
74DA38F210A2,2026-02-18,10:59:49,15.12,100.0,7.0,25.12,121.466
74DA38F209F8,2026-02-18,10:59:50,16.5,100.0,8.0,23.157,121.4
74DA38F2118E,2026-02-18,10:59:58,12.62,100.0,42.0,26.148,119.935
74DA38F7C3D6,2026-02-18,10:59:58,16.0,100.0,0.0,25.045,121.541
74DA38F20C22,2026-02-18,11:00:02,21.75,100.0,1.0,22.729,120.357
74DA38F7C338,2026-02-18,11:00:03,17.87,94.0,22.0,25.011,121.458
74DA38F7C610,2026-02-18,11:00:07,17.12,81.0,25.0,25.063,121.564
74DA38F7C570,2026-02-18,11:00:09,14.25,100.0,0.0,25.239,121.63
74DA38F2113E,2026-02-18,11:00:11,-4.0,0.0,5.0,22.728,120.313
74DA38F20B5C,2026-02-18,11:00:21,-4.0,0.0,28.0,22.798,120.293
74DA38F7C4CC,2026-02-18,11:00:22,15.25,100.0,16.0,25.062,121.451
74DA38F7C3BA,2026-02-18,11:00:24,118.87,46.0,122.0,25.174,121.441
74DA38ED05EA,2026-02-18,11:00:36,17.0,100.0,21.0,23.394,121.357
74DA38F20A30,2026-02-18,11:00:36,15.0,89.0,0.0,24.948,121.372
74DA38F20DC0,2026-02-18,11:00:43,21.12,100.0,0.0,22.711,120.295
74DA38F7C5E6,2026-02-18,11:00:46,15.87,100.0,15.0,25.107,121.843
74DA38F7C3B2,2026-02-18,11:00:49,19.12,67.0,13.0,24.929,121.378
74DA38F20D2E,2026-02-18,11:00:51,15.87,100.0,0.0,25.06,121.545
74DA38F7C29C,2026-02-18,11:00:51,15.87,100.0,25.0,25.02,121.416
74DA38F7C4DE,2026-02-18,11:00:51,15.87,100.0,0.0,25.09,121.462
74DA38F20AAA,2026-02-18,11:01:04,14.5,100.0,12.0,24.6,120.999
74DA38F7C40C,2026-02-18,11:01:06,15.0,100.0,0.0,24.995,121.52
74DA38F7C47C,2026-02-18,11:01:11,15.87,99.0,0.0,25.055,121.455
74DA38F7C464,2026-02-18,11:01:13,13.62,31.0,3.0,25.006,121.413
74DA38F7C30C,2026-02-18,11:01:18,15.5,98.0,0.0,24.975,121.532
74DA38F7C59C,2026-02-18,11:01:19,15.5,77.0,31.0,25.103,121.487
74DA38F209A4,2026-02-18,11:01:22,23.25,100.0,0.0,22.702,120.572
74DA38F209A8,2026-02-18,11:01:31,-4.0,0.0,0.0,22.401,120.577
74DA38F208E2,2026-02-18,11:01:35,15.37,100.0,26.0,24.688,121.766
74DA38F20BE4,2026-02-18,11:01:35,13.75,100.0,37.0,24.791,120.957
74DA38F20DE0,2026-02-18,11:01:35,22.87,100.0,0.0,22.589,120.328
74DA38F20C26,2026-02-18,11:01:46,23.62,68.0,18.0,22.676,120.342
74DA38F21048,2026-02-18,11:01:53,22.12,100.0,18.0,22.595,120.341
74DA38ED0640,2026-02-18,11:01:54,15.37,100.0,3.0,23.154,121.266
74DA38F20AA4,2026-02-18,11:01:54,25.5,83.0,17.0,22.685,120.492
74DA38F20B80,2026-02-18,11:01:54,21.87,100.0,0.0,22.599,120.35
74DA38F7C31C,2026-02-18,11:01:57,14.75,100.0,1.0,24.93,121.372
74DA38F7C47E,2026-02-18,11:01:58,15.5,100.0,32.0,25.053963,121.427681
74DA38F210F6,2026-02-18,11:02:01,20.62,100.0,3.0,22.757426,121.158891
74DA38F7C53C,2026-02-18,11:02:01,14.25,100.0,0.0,25.11,121.804
74DA38F20902,2026-02-18,11:02:05,21.25,99.0,2.0,22.204,120.7
74DA38F7C5A0,2026-02-18,11:02:12,15.37,91.0,0.0,25.107,121.518
74DA38F20E6E,2026-02-18,11:02:15,13.0,88.0,0.0,24.41,120.902
74DA38F20BD0,2026-02-18,11:02:19,-4.0,0.0,17.0,22.688,120.408
74DA38F7C5CE,2026-02-18,11:02:23,14.75,90.0,1.0,25.066,121.656
74DA38F207DE,2026-02-18,11:02:30,22.62,100.0,25.0,22.603,120.34
74DA38ED0454,2026-02-18,11:02:34,18.5,100.0,18.0,24.053,121.599
74DA38F209DE,2026-02-18,11:02:34,14.87,100.0,4.0,24.861,120.964
74DA38F20A78,2026-02-18,11:02:37,16.62,100.0,4.0,22.904,121.124
74DA38F7C514,2026-02-18,11:02:37,15.87,100.0,26.0,25.051,121.518
74DA38F7C600,2026-02-18,11:02:38,21.0,57.0,10.0,25.07,121.586
74DA38F210E4,2026-02-18,11:02:43,19.12,100.0,9.0,23.24,120.696
74DA38F7C5BE,2026-02-18,11:03:06,16.25,81.0,28.0,25.092,121.523
74DA38F21088,2026-02-18,11:03:10,15.0,100.0,0.0,25.068,121.588
74DA38F21136,2026-02-18,11:03:13,15.37,100.0,17.0,25.119,121.505
74DA38ED05B6,2026-02-18,11:03:15,17.5,100.0,19.0,23.43,121.348
74DA38F20E34,2026-02-18,11:03:17,22.0,76.0,15.0,22.586,120.313
74DA38ED06E0,2026-02-18,11:03:19,19.12,94.0,0.0,23.601,121.521
74DA38F20EB2,2026-02-18,11:03:20,9.62,100.0,34.0,24.324,120.835
74DA38F20D70,2026-02-18,11:03:21,16.75,100.0,0.0,23.05,121.164
74DA38F7C63C,2026-02-18,11:03:22,85.25,100.0,17.0,24.998,121.425
74DA38ED059C,2026-02-18,11:03:25,16.0,100.0,16.0,23.706,121.412
74DA38ED0630,2026-02-18,11:03:38,17.87,99.0,0.0,23.994,121.594
74DA38F21204,2026-02-18,11:03:39,20.87,100.0,5.0,25.062,121.451
74DA38F20B26,2026-02-18,11:03:46,21.62,100.0,23.0,22.783,120.247
74DA38F20D4C,2026-02-18,11:03:47,18.75,100.0,0.0,22.971,121.303
74DA38F7C560,2026-02-18,11:03:54,15.25,100.0,0.0,25.079,121.671
74DA38F7C566,2026-02-18,11:03:55,16.62,100.0,0.0,25.051,121.448
74DA38F21054,2026-02-18,11:03:59,24.62,62.0,19.0,22.898,120.627
74DA38F7C30E,2026-02-18,11:04:04,14.87,100.0,22.0,24.949,121.382
74DA38F7C3DE,2026-02-18,11:04:06,15.75,100.0,325.0,24.972,121.537
74DA38F20AE6,2026-02-18,11:04:13,25.12,100.0,11.0,22.63,120.348
74DA38F21024,2026-02-18,11:04:14,15.5,100.0,0.0,24.93,121.036
74DA38F20D2A,2026-02-18,11:04:23,16.25,72.0,0.0,25.048,121.573
74DA38F20D1E,2026-02-18,11:04:30,15.75,100.0,35.0,25.048,121.573
74DA38F20F0A,2026-02-18,11:04:36,21.37,100.0,18.0,22.995,120.635
74DA38F20D16,2026-02-18,11:04:42,16.25,100.0,30.0,25.062,121.526
74DA38F20D1A,2026-02-18,11:04:44,15.75,86.0,0.0,25.078,121.541
74DA38F7C366,2026-02-18,11:04:52,15.37,100.0,13.0,25.002,121.516
74DA38F2104E,2026-02-18,11:04:54,21.75,100.0,30.0,23.108,120.7
74DA38F7C616,2026-02-18,11:05:06,15.5,100.0,0.0,25.031,121.563
74DA38F7C41E,2026-02-18,11:05:10,16.62,76.0,22.0,25.054,121.517
74DA38F209EE,2026-02-18,11:05:11,19.75,100.0,0.0,23.026,121.33
74DA38F20E9E,2026-02-18,11:05:12,14.87,100.0,39.0,24.648,121.151
74DA38F209B2,2026-02-18,11:05:18,22.5,100.0,0.0,22.363,120.599
74DA38F20976,2026-02-18,11:05:25,15.75,87.0,30.0,25.127,121.746
74DA38F20B88,2026-02-18,11:05:35,20.37,100.0,0.0,22.75,120.316
74DA38F7C39A,2026-02-18,11:05:35,15.5,100.0,1.0,25.002,121.414
74DA38F20BCA,2026-02-18,11:05:36,15.0,100.0,0.0,25.079,121.58
74DA38F7C3DC,2026-02-18,11:05:47,14.62,100.0,30.0,25.003,121.539
74DA38ED04F2,2026-02-18,11:05:54,17.37,100.0,7.0,23.468,121.496
74DA38F210A2,2026-02-18,11:05:56,15.0,100.0,7.0,25.12,121.466
74DA38F7C524,2026-02-18,11:06:07,13.87,100.0,61.0,25.002,121.552
74DA38F20B82,2026-02-18,11:06:12,-4.0,0.0,2.0,22.847,120.465
74DA38F7C37C,2026-02-18,11:06:14,12.62,100.0,1.0,25.111,121.856
74DA38F7C338,2026-02-18,11:06:15,17.87,95.0,23.0,25.011,121.458
74DA38F7C260,2026-02-18,11:06:16,15.37,100.0,0.0,25.065,121.425
74DA38F7C610,2026-02-18,11:06:19,17.12,81.0,25.0,25.063,121.564
74DA38F209F8,2026-02-18,11:06:21,16.62,100.0,3.0,23.157,121.4
74DA38F7C3D6,2026-02-18,11:06:27,16.0,100.0,0.0,25.045,121.541
74DA38F7C3BA,2026-02-18,11:06:28,118.87,46.0,121.0,25.174,121.441
74DA38F20C22,2026-02-18,11:06:31,21.62,100.0,0.0,22.729,120.357
74DA38F2118E,2026-02-18,11:06:34,12.62,100.0,42.0,26.148,119.935
74DA38F7C4CC,2026-02-18,11:06:35,15.25,100.0,17.0,25.062,121.451
74DA38F7C570,2026-02-18,11:06:40,14.37,100.0,1.0,25.239,121.63
74DA38ED05EA,2026-02-18,11:06:44,17.0,100.0,18.0,23.394,121.357
74DA38F7C5E6,2026-02-18,11:06:56,15.87,100.0,16.0,25.107,121.843
74DA38F7C3B2,2026-02-18,11:06:58,19.12,67.0,13.0,24.929,121.378
74DA38F7C29C,2026-02-18,11:07:02,15.87,100.0,25.0,25.02,121.416
74DA38F7C4DE,2026-02-18,11:07:05,15.75,100.0,0.0,25.09,121.462
74DA38F20AAA,2026-02-18,11:07:14,14.62,100.0,14.0,24.6,120.999
74DA38F20DC0,2026-02-18,11:07:14,21.0,100.0,1.0,22.711,120.295
74DA38F7C40C,2026-02-18,11:07:14,15.0,100.0,0.0,24.995,121.52
74DA38F7C47C,2026-02-18,11:07:21,15.87,100.0,0.0,25.055,121.455
74DA38F20D2E,2026-02-18,11:07:23,15.75,100.0,2.0,25.06,121.545
74DA38F7C59C,2026-02-18,11:07:31,15.5,77.0,32.0,25.103,121.487
74DA38F2113E,2026-02-18,11:07:32,-4.0,0.0,5.0,22.728,120.313
74DA38F7C464,2026-02-18,11:07:44,13.5,31.0,4.0,25.006,121.413
74DA38F20BE4,2026-02-18,11:07:46,13.75,100.0,37.0,24.791,120.957
74DA38F208E2,2026-02-18,11:07:49,15.5,100.0,36.0,24.688,121.766
74DA38F7C30C,2026-02-18,11:07:51,15.5,98.0,0.0,24.975,121.532
74DA38F209A4,2026-02-18,11:07:52,23.12,100.0,0.0,22.702,120.572
74DA38F20C26,2026-02-18,11:07:56,23.25,67.0,18.0,22.676,120.342
74DA38F20AA4,2026-02-18,11:08:03,25.37,82.0,17.0,22.685,120.492
74DA38ED0640,2026-02-18,11:08:04,15.25,100.0,3.0,23.154,121.266
74DA38F20DE0,2026-02-18,11:08:05,22.87,100.0,0.0,22.589,120.328
74DA38F210F6,2026-02-18,11:08:08,20.62,100.0,5.0,22.757426,121.158891
74DA38F7C47E,2026-02-18,11:08:09,15.5,100.0,33.0,25.053963,121.427681
74DA38F20E6E,2026-02-18,11:08:18,13.0,88.0,0.0,24.41,120.902
74DA38F20902,2026-02-18,11:08:22,21.37,99.0,1.0,22.204,120.7
74DA38F20B80,2026-02-18,11:08:23,21.87,100.0,0.0,22.599,120.35
74DA38F21048,2026-02-18,11:08:23,22.12,100.0,19.0,22.595,120.341
74DA38F7C31C,2026-02-18,11:08:27,14.75,100.0,1.0,24.93,121.372
74DA38F7C53C,2026-02-18,11:08:32,14.12,100.0,0.0,25.11,121.804
74DA38F207DE,2026-02-18,11:08:39,22.62,100.0,26.0,22.603,120.34
74DA38F7C5A0,2026-02-18,11:08:42,15.37,91.0,0.0,25.107,121.518
74DA38ED0454,2026-02-18,11:08:44,18.5,100.0,18.0,24.053,121.599
74DA38F7C600,2026-02-18,11:08:44,21.12,57.0,10.0,25.07,121.586
74DA38F20A78,2026-02-18,11:08:45,16.62,100.0,4.0,22.904,121.124
74DA38F7C514,2026-02-18,11:08:49,15.87,100.0,26.0,25.051,121.518
74DA38F210E4,2026-02-18,11:08:53,19.25,100.0,9.0,23.24,120.696
74DA38F7C5CE,2026-02-18,11:08:55,14.87,90.0,0.0,25.066,121.656
74DA38F20DD0,2026-02-18,11:09:03,21.0,100.0,0.0,22.6080258,120.3229833
74DA38F209DE,2026-02-18,11:09:06,14.87,100.0,7.0,24.861,120.964
74DA38F7C5BE,2026-02-18,11:09:18,16.0,81.0,29.0,25.092,121.523
74DA38F21136,2026-02-18,11:09:23,15.37,100.0,18.0,25.119,121.505
74DA38ED05B6,2026-02-18,11:09:24,17.25,100.0,16.0,23.43,121.348
74DA38F20E34,2026-02-18,11:09:25,21.87,76.0,17.0,22.586,120.313
74DA38ED06E0,2026-02-18,11:09:28,19.25,93.0,0.0,23.601,121.521
74DA38F20D70,2026-02-18,11:09:29,16.75,100.0,0.0,23.05,121.164
74DA38F7C63C,2026-02-18,11:09:33,85.25,100.0,17.0,24.998,121.425
74DA38F20EB2,2026-02-18,11:09:35,9.62,100.0,35.0,24.324,120.835
74DA38F7C562,2026-02-18,11:09:36,14.25,100.0,27.0,25.021,121.418
74DA38ED059C,2026-02-18,11:09:37,16.0,100.0,21.0,23.706,121.412
74DA38F21088,2026-02-18,11:09:41,15.0,100.0,0.0,25.068,121.588
74DA38F20B5C,2026-02-18,11:09:50,-4.0,0.0,27.0,22.798,120.293
74DA38F20B26,2026-02-18,11:09:56,21.5,100.0,22.0,22.783,120.247
74DA38F21204,2026-02-18,11:09:56,20.87,100.0,3.0,25.062,121.451
74DA38F7C3DE,2026-02-18,11:10:02,15.87,100.0,307.0,24.972,121.537
74DA38F21054,2026-02-18,11:10:07,24.62,62.0,19.0,22.898,120.627
74DA38ED0630,2026-02-18,11:10:09,17.87,100.0,0.0,23.994,121.594
74DA38F20D4C,2026-02-18,11:10:15,18.75,100.0,0.0,22.971,121.303
74DA38F7C30E,2026-02-18,11:10:17,14.87,100.0,22.0,24.949,121.382
74DA38F20AE6,2026-02-18,11:10:21,25.12,100.0,11.0,22.63,120.348
74DA38F7C560,2026-02-18,11:10:25,15.37,100.0,0.0,25.079,121.671
74DA38F7C566,2026-02-18,11:10:26,16.62,100.0,0.0,25.051,121.448
74DA38F21024,2026-02-18,11:10:42,15.37,100.0,0.0,24.93,121.036
74DA38F20D1E,2026-02-18,11:10:44,15.87,100.0,36.0,25.048,121.573
74DA38F20F0A,2026-02-18,11:10:44,21.37,100.0,19.0,22.995,120.635
74DA38F20D2A,2026-02-18,11:10:53,16.37,72.0,0.0,25.048,121.573
74DA38F20D16,2026-02-18,11:10:54,16.25,100.0,30.0,25.062,121.526
74DA38F7C366,2026-02-18,11:11:00,15.25,100.0,14.0,25.002,121.516
74DA38F2104E,2026-02-18,11:11:05,21.62,100.0,29.0,23.108,120.7
74DA38F209A8,2026-02-18,11:11:08,-4.0,0.0,0.0,22.401,120.577
74DA38F20D1A,2026-02-18,11:11:15,15.87,86.0,0.0,25.078,121.541
74DA38F7C616,2026-02-18,11:11:15,15.5,100.0,0.0,25.031,121.563
74DA38F209EE,2026-02-18,11:11:17,19.87,100.0,0.0,23.026,121.33
74DA38F7C41E,2026-02-18,11:11:19,16.62,76.0,23.0,25.054,121.517
74DA38F20E9E,2026-02-18,11:11:26,15.0,100.0,34.0,24.648,121.151
74DA38F20976,2026-02-18,11:11:35,15.75,87.0,29.0,25.127,121.746
74DA38F209B2,2026-02-18,11:11:47,22.37,100.0,0.0,22.363,120.599
74DA38F7C3DC,2026-02-18,11:11:56,14.5,100.0,28.0,25.003,121.539
74DA38ED04F2,2026-02-18,11:12:04,17.37,100.0,11.0,23.468,121.496
74DA38F210A2,2026-02-18,11:12:04,15.25,100.0,6.0,25.12,121.466
74DA38F20B88,2026-02-18,11:12:05,20.25,100.0,0.0,22.75,120.316
74DA38F7C39A,2026-02-18,11:12:08,15.5,100.0,2.0,25.002,121.414
74DA38F20BCA,2026-02-18,11:12:09,15.0,100.0,0.0,25.079,121.58
74DA38F7C338,2026-02-18,11:12:30,17.75,95.0,22.0,25.011,121.458
74DA38F7C610,2026-02-18,11:12:30,17.25,81.0,26.0,25.063,121.564
74DA38F7C3BA,2026-02-18,11:12:34,118.87,46.0,125.0,25.174,121.441
74DA38F7C524,2026-02-18,11:12:43,13.75,100.0,61.0,25.002,121.552
74DA38F7C37C,2026-02-18,11:12:44,12.5,100.0,1.0,25.111,121.856
74DA38F7C4CC,2026-02-18,11:12:44,15.25,100.0,17.0,25.062,121.451
74DA38F209F8,2026-02-18,11:12:51,16.75,100.0,1.0,23.157,121.4
74DA38ED05EA,2026-02-18,11:12:54,16.87,100.0,19.0,23.394,121.357
74DA38F20BD0,2026-02-18,11:12:55,-4.0,0.0,21.0,22.688,120.408
74DA38F7C260,2026-02-18,11:12:55,15.37,100.0,0.0,25.065,121.425
74DA38F7C3D6,2026-02-18,11:12:58,16.0,100.0,0.0,25.045,121.541
74DA38F20C22,2026-02-18,11:13:03,21.75,100.0,0.0,22.729,120.357
74DA38F7C3B2,2026-02-18,11:13:08,19.0,67.0,14.0,24.929,121.378
74DA38F2118E,2026-02-18,11:13:10,12.62,100.0,42.0,26.148,119.935
74DA38F7C570,2026-02-18,11:13:10,14.37,100.0,0.0,25.239,121.63
74DA38F7C29C,2026-02-18,11:13:12,15.87,100.0,24.0,25.02,121.416
74DA38F7C4DE,2026-02-18,11:13:16,15.5,100.0,0.0,25.09,121.462
74DA38F7C40C,2026-02-18,11:13:22,15.0,100.0,0.0,24.995,121.52
74DA38F20AAA,2026-02-18,11:13:25,14.5,100.0,13.0,24.6,120.999
74DA38F7C47C,2026-02-18,11:13:32,15.75,100.0,0.0,25.055,121.455
74DA38F20DC0,2026-02-18,11:13:43,21.0,100.0,0.0,22.711,120.295
74DA38F7C59C,2026-02-18,11:13:43,15.37,77.0,32.0,25.103,121.487
74DA38F20D2E,2026-02-18,11:13:54,15.62,100.0,0.0,25.06,121.545
74DA38F20BE4,2026-02-18,11:13:58,13.75,100.0,38.0,24.791,120.957
74DA38F208E2,2026-02-18,11:14:00,15.5,100.0,33.0,24.688,121.766
74DA38F7C30C,2026-02-18,11:14:00,15.5,98.0,0.0,24.975,121.532
74DA38F20A30,2026-02-18,11:14:01,14.87,90.0,0.0,24.948,121.372
74DA38F20C26,2026-02-18,11:14:06,23.12,68.0,20.0,22.676,120.342
74DA38F20AA4,2026-02-18,11:14:11,25.12,83.0,19.0,22.685,120.492
74DA38F210F6,2026-02-18,11:14:14,20.5,100.0,3.0,22.757426,121.158891
74DA38ED0640,2026-02-18,11:14:16,15.37,100.0,3.0,23.154,121.266
74DA38F209A4,2026-02-18,11:14:22,23.12,100.0,0.0,22.702,120.572
74DA38F20E6E,2026-02-18,11:14:22,13.0,89.0,0.0,24.41,120.902
74DA38F7C47E,2026-02-18,11:14:23,15.5,100.0,33.0,25.053963,121.427681
74DA38F20902,2026-02-18,11:14:30,21.37,99.0,1.0,22.204,120.7
74DA38F20DE0,2026-02-18,11:14:35,22.62,100.0,0.0,22.589,120.328
74DA38F207DE,2026-02-18,11:14:49,22.37,100.0,26.0,22.603,120.34
74DA38F2113E,2026-02-18,11:14:51,-4.0,0.0,4.0,22.728,120.313
74DA38F7C600,2026-02-18,11:14:51,21.12,57.0,9.0,25.07,121.586
74DA38F20A78,2026-02-18,11:14:53,16.5,100.0,6.0,22.904,121.124
74DA38F20B80,2026-02-18,11:14:55,21.75,100.0,0.0,22.599,120.35
74DA38F21048,2026-02-18,11:14:55,22.12,100.0,19.0,22.595,120.341
74DA38F7C31C,2026-02-18,11:14:57,14.75,100.0,0.0,24.93,121.372
74DA38ED0454,2026-02-18,11:15:00,18.5,100.0,20.0,24.053,121.599
74DA38F210E4,2026-02-18,11:15:01,18.87,100.0,10.0,23.24,120.696
74DA38F7C53C,2026-02-18,11:15:02,14.12,100.0,0.0,25.11,121.804
74DA38F7C514,2026-02-18,11:15:04,15.62,100.0,27.0,25.051,121.518
74DA38F7C5A0,2026-02-18,11:15:13,15.37,91.0,0.0,25.107,121.518
74DA38F7C5CE,2026-02-18,11:15:25,14.87,90.0,1.0,25.066,121.656
74DA38F7C5BE,2026-02-18,11:15:31,16.0,81.0,28.0,25.092,121.523
74DA38F21136,2026-02-18,11:15:33,15.5,100.0,17.0,25.119,121.505
74DA38ED05B6,2026-02-18,11:15:34,17.37,100.0,20.0,23.43,121.348
74DA38F20DD0,2026-02-18,11:15:35,20.87,100.0,2.0,22.6080258,120.3229833
74DA38F20E34,2026-02-18,11:15:35,21.87,76.0,17.0,22.586,120.313
74DA38F209DE,2026-02-18,11:15:37,14.87,100.0,4.0,24.861,120.964
74DA38F20D70,2026-02-18,11:15:37,16.5,100.0,0.0,23.05,121.164
74DA38F7C63C,2026-02-18,11:15:44,85.25,100.0,18.0,24.998,121.425
74DA38F20B82,2026-02-18,11:15:46,-4.0,0.0,2.0,22.847,120.465
74DA38ED059C,2026-02-18,11:15:48,15.75,100.0,18.0,23.706,121.412
74DA38F7C562,2026-02-18,11:15:48,14.25,100.0,29.0,25.021,121.418
74DA38F20EB2,2026-02-18,11:15:55,9.62,100.0,35.0,24.324,120.835
74DA38ED06E0,2026-02-18,11:16:00,19.25,94.0,0.0,23.601,121.521
74DA38F7C3DE,2026-02-18,11:16:00,15.87,100.0,305.0,24.972,121.537
74DA38F21204,2026-02-18,11:16:06,20.87,100.0,4.0,25.062,121.451
74DA38F21088,2026-02-18,11:16:12,15.0,100.0,0.0,25.068,121.588
74DA38F21054,2026-02-18,11:16:17,24.62,61.0,21.0,22.898,120.627
74DA38F20B26,2026-02-18,11:16:28,21.5,100.0,22.0,22.783,120.247
74DA38F20AE6,2026-02-18,11:16:30,25.12,100.0,12.0,22.63,120.348
74DA38F7C30E,2026-02-18,11:16:32,14.87,100.0,21.0,24.949,121.382
74DA38ED0630,2026-02-18,11:16:40,18.0,100.0,0.0,23.994,121.594
74DA38F20D4C,2026-02-18,11:16:44,18.87,100.0,0.0,22.971,121.303
74DA38F20F0A,2026-02-18,11:16:55,21.37,100.0,20.0,22.995,120.635
74DA38F7C560,2026-02-18,11:16:55,15.37,100.0,0.0,25.079,121.671
74DA38F7C566,2026-02-18,11:16:56,16.5,100.0,0.0,25.051,121.448
74DA38F20D1E,2026-02-18,11:16:57,15.87,100.0,37.0,25.048,121.573
74DA38F20D16,2026-02-18,11:17:09,16.25,100.0,31.0,25.062,121.526
74DA38F7C366,2026-02-18,11:17:09,15.25,100.0,14.0,25.002,121.516
74DA38F21024,2026-02-18,11:17:11,15.5,100.0,0.0,24.93,121.036
74DA38F2104E,2026-02-18,11:17:20,21.5,100.0,30.0,23.108,120.7
74DA38F20D2A,2026-02-18,11:17:23,16.37,72.0,0.0,25.048,121.573
74DA38F209EE,2026-02-18,11:17:24,19.87,100.0,0.0,23.026,121.33
74DA38F7C616,2026-02-18,11:17:25,15.5,100.0,0.0,25.031,121.563
74DA38F7C41E,2026-02-18,11:17:30,16.62,76.0,23.0,25.054,121.517
74DA38F20E9E,2026-02-18,11:17:37,15.0,100.0,25.0,24.648,121.151
74DA38F20976,2026-02-18,11:17:46,15.75,86.0,30.0,25.127,121.746
74DA38F20D1A,2026-02-18,11:17:47,15.87,86.0,0.0,25.078,121.541
74DA38F7C3DC,2026-02-18,11:18:07,14.5,100.0,28.0,25.003,121.539
74DA38F210A2,2026-02-18,11:18:11,15.25,100.0,7.0,25.12,121.466
74DA38F209B2,2026-02-18,11:18:16,22.37,100.0,0.0,22.363,120.599
74DA38ED04F2,2026-02-18,11:18:19,17.37,100.0,8.0,23.468,121.496
74DA38F20B88,2026-02-18,11:18:35,20.12,100.0,0.0,22.75,120.316
74DA38F7C3BA,2026-02-18,11:18:35,118.87,46.0,129.0,25.174,121.441
74DA38F7C39A,2026-02-18,11:18:37,15.5,100.0,0.0,25.002,121.414
74DA38F20BCA,2026-02-18,11:18:38,14.87,100.0,0.0,25.079,121.58
74DA38F7C610,2026-02-18,11:18:42,17.25,81.0,25.0,25.063,121.564
74DA38F7C338,2026-02-18,11:18:48,17.75,95.0,23.0,25.011,121.458
74DA38F7C4CC,2026-02-18,11:18:56,15.37,100.0,17.0,25.062,121.451
74DA38ED05EA,2026-02-18,11:19:04,17.0,100.0,19.0,23.394,121.357
74DA38F7C37C,2026-02-18,11:19:15,12.37,100.0,1.0,25.111,121.856
74DA38F7C3B2,2026-02-18,11:19:16,19.0,67.0,13.0,24.929,121.378
74DA38F20B5C,2026-02-18,11:19:19,-4.0,0.0,28.0,22.798,120.293
74DA38F209F8,2026-02-18,11:19:21,16.75,100.0,0.0,23.157,121.4
74DA38F7C524,2026-02-18,11:19:21,13.75,100.0,61.0,25.002,121.552
74DA38F7C29C,2026-02-18,11:19:23,15.75,100.0,26.0,25.02,121.416
74DA38F7C4DE,2026-02-18,11:19:23,15.37,100.0,0.0,25.09,121.462
74DA38F7C3D6,2026-02-18,11:19:28,15.87,100.0,0.0,25.045,121.541
74DA38F7C40C,2026-02-18,11:19:31,14.87,100.0,0.0,24.995,121.52
74DA38F20AAA,2026-02-18,11:19:34,14.62,100.0,14.0,24.6,120.999
74DA38F20C22,2026-02-18,11:19:35,22.0,100.0,1.0,22.729,120.357
74DA38F7C260,2026-02-18,11:19:39,15.37,100.0,1.0,25.065,121.425
74DA38F7C570,2026-02-18,11:19:40,14.5,100.0,1.0,25.239,121.63
74DA38F7C47C,2026-02-18,11:19:42,15.87,100.0,0.0,25.055,121.455
74DA38F2118E,2026-02-18,11:19:43,12.62,100.0,42.0,26.148,119.935
74DA38F7C5E6,2026-02-18,11:19:48,16.12,100.0,15.0,25.107,121.843
74DA38F7C59C,2026-02-18,11:19:54,15.5,77.0,32.0,25.103,121.487
74DA38F20BE4,2026-02-18,11:20:10,13.75,100.0,38.0,24.791,120.957
74DA38F208E2,2026-02-18,11:20:13,15.5,100.0,33.0,24.688,121.766
74DA38F7C30C,2026-02-18,11:20:13,15.5,98.0,0.0,24.975,121.532
74DA38F20DC0,2026-02-18,11:20:14,20.87,100.0,0.0,22.711,120.295
74DA38F20C26,2026-02-18,11:20:18,22.75,68.0,22.0,22.676,120.342
74DA38F210F6,2026-02-18,11:20:21,20.5,100.0,3.0,22.757426,121.158891
74DA38F20AA4,2026-02-18,11:20:22,25.12,82.0,20.0,22.685,120.492
74DA38F20D2E,2026-02-18,11:20:24,15.75,100.0,0.0,25.06,121.545
74DA38F20E6E,2026-02-18,11:20:25,13.12,88.0,0.0,24.41,120.902
74DA38ED0640,2026-02-18,11:20:26,15.5,100.0,3.0,23.154,121.266
74DA38F20A30,2026-02-18,11:20:32,14.87,90.0,0.0,24.948,121.372
74DA38F20902,2026-02-18,11:20:37,21.5,98.0,1.0,22.204,120.7
74DA38F7C47E,2026-02-18,11:20:38,15.5,100.0,33.0,25.053963,121.427681
74DA38F209A8,2026-02-18,11:20:48,-4.0,0.0,0.0,22.401,120.577
74DA38F209A4,2026-02-18,11:20:51,23.0,100.0,0.0,22.702,120.572
74DA38F7C600,2026-02-18,11:20:58,21.25,57.0,10.0,25.07,121.586
74DA38F20A78,2026-02-18,11:21:00,16.5,100.0,4.0,22.904,121.124
74DA38F207DE,2026-02-18,11:21:01,22.37,100.0,27.0,22.603,120.34
74DA38F20DE0,2026-02-18,11:21:05,22.37,100.0,0.0,22.589,120.328
74DA38F210E4,2026-02-18,11:21:09,18.5,100.0,12.0,23.24,120.696
74DA38ED0454,2026-02-18,11:21:18,18.37,100.0,26.0,24.053,121.599
74DA38F7C514,2026-02-18,11:21:20,15.62,100.0,27.0,25.051,121.518
74DA38F20B80,2026-02-18,11:21:25,21.62,100.0,0.0,22.599,120.35
74DA38F21048,2026-02-18,11:21:27,22.12,100.0,21.0,22.595,120.341
74DA38F7C464,2026-02-18,11:21:27,13.75,31.0,5.0,25.006,121.413
74DA38F7C31C,2026-02-18,11:21:28,14.75,100.0,1.0,24.93,121.372
74DA38F7C53C,2026-02-18,11:21:32,14.0,100.0,0.0,25.11,121.804
74DA38F21136,2026-02-18,11:21:42,15.37,100.0,17.0,25.119,121.505
74DA38F7C5A0,2026-02-18,11:21:43,15.37,91.0,1.0,25.107,121.518
74DA38F7C5BE,2026-02-18,11:21:43,16.0,81.0,30.0,25.092,121.523
74DA38F20D70,2026-02-18,11:21:44,16.62,100.0,0.0,23.05,121.164
74DA38ED05B6,2026-02-18,11:21:45,17.5,100.0,23.0,23.43,121.348
74DA38F7C5CE,2026-02-18,11:21:53,14.87,90.0,2.0,25.066,121.656
74DA38F7C63C,2026-02-18,11:21:54,85.25,100.0,19.0,24.998,121.425
74DA38F7C3DE,2026-02-18,11:21:59,15.87,100.0,298.0,24.972,121.537
74DA38ED059C,2026-02-18,11:22:00,15.75,100.0,19.0,23.706,121.412
74DA38F20DD0,2026-02-18,11:22:04,20.62,100.0,1.0,22.6080258,120.3229833
74DA38F7C562,2026-02-18,11:22:06,14.5,100.0,30.0,25.021,121.418
74DA38F209DE,2026-02-18,11:22:08,14.87,100.0,4.0,24.861,120.964
74DA38F2113E,2026-02-18,11:22:11,-4.0,0.0,3.0,22.728,120.313
74DA38F20EB2,2026-02-18,11:22:12,9.62,100.0,36.0,24.324,120.835
74DA38F20E34,2026-02-18,11:22:13,21.87,75.0,19.0,22.586,120.313
74DA38ED06E0,2026-02-18,11:22:16,19.12,94.0,0.0,23.601,121.521
74DA38F21054,2026-02-18,11:22:25,24.5,61.0,20.0,22.898,120.627
74DA38F21204,2026-02-18,11:22:26,20.87,100.0,4.0,25.062,121.451
74DA38F20AE6,2026-02-18,11:22:37,25.12,100.0,11.0,22.63,120.348
74DA38F21088,2026-02-18,11:22:41,15.0,100.0,0.0,25.068,121.588
74DA38F7C30E,2026-02-18,11:22:46,14.87,100.0,22.0,24.949,121.382
74DA38F20F0A,2026-02-18,11:23:03,21.25,100.0,20.0,22.995,120.635
74DA38F20D4C,2026-02-18,11:23:11,18.87,100.0,1.0,22.971,121.303
74DA38ED0630,2026-02-18,11:23:12,17.87,99.0,0.0,23.994,121.594
74DA38F20D1E,2026-02-18,11:23:17,16.0,100.0,36.0,25.048,121.573
74DA38F7C366,2026-02-18,11:23:17,15.37,100.0,14.0,25.002,121.516
74DA38F20D16,2026-02-18,11:23:21,16.25,100.0,31.0,25.062,121.526
74DA38F7C560,2026-02-18,11:23:24,15.37,100.0,0.0,25.079,121.671
74DA38F20BD0,2026-02-18,11:23:27,-4.0,0.0,22.0,22.688,120.408
74DA38F7C566,2026-02-18,11:23:27,16.62,100.0,0.0,25.051,121.448
74DA38F2104E,2026-02-18,11:23:29,21.62,100.0,29.0,23.108,120.7
74DA38F209EE,2026-02-18,11:23:31,19.75,100.0,0.0,23.026,121.33
74DA38F7C616,2026-02-18,11:23:35,15.5,100.0,0.0,25.031,121.563
74DA38F21024,2026-02-18,11:23:41,15.37,100.0,0.0,24.93,121.036
74DA38F7C41E,2026-02-18,11:23:41,16.62,76.0,24.0,25.054,121.517
74DA38F20E9E,2026-02-18,11:23:48,15.0,100.0,24.0,24.648,121.151
74DA38F20D2A,2026-02-18,11:23:54,16.25,72.0,0.0,25.048,121.573
74DA38F20976,2026-02-18,11:23:58,15.75,86.0,29.0,25.127,121.746
74DA38F7C3DC,2026-02-18,11:24:17,14.5,100.0,30.0,25.003,121.539
74DA38F20D1A,2026-02-18,11:24:18,15.87,86.0,0.0,25.078,121.541
74DA38F210A2,2026-02-18,11:24:21,15.12,100.0,8.0,25.12,121.466
74DA38F7C3BA,2026-02-18,11:24:43,118.87,46.0,123.0,25.174,121.441
74DA38F209B2,2026-02-18,11:24:45,22.12,100.0,0.0,22.363,120.599
74DA38ED04F2,2026-02-18,11:24:49,17.37,100.0,7.0,23.468,121.496
74DA38F7C610,2026-02-18,11:24:53,17.25,81.0,26.0,25.063,121.564
74DA38F7C338,2026-02-18,11:24:58,17.75,95.0,24.0,25.011,121.458
74DA38F20B88,2026-02-18,11:25:06,20.12,100.0,0.0,22.75,120.316
74DA38F7C39A,2026-02-18,11:25:07,15.5,100.0,0.0,25.002,121.414
74DA38F20BCA,2026-02-18,11:25:10,14.75,100.0,1.0,25.079,121.58
74DA38ED05EA,2026-02-18,11:25:14,16.87,100.0,24.0,23.394,121.357
74DA38F7C4CC,2026-02-18,11:25:14,15.5,100.0,16.0,25.062,121.451
74DA38F20B82,2026-02-18,11:25:21,-4.0,0.0,2.0,22.847,120.465
74DA38F7C3B2,2026-02-18,11:25:25,19.0,67.0,14.0,24.929,121.378
74DA38F7C4DE,2026-02-18,11:25:32,15.25,100.0,0.0,25.09,121.462
74DA38F7C29C,2026-02-18,11:25:34,15.87,100.0,26.0,25.02,121.416
74DA38F7C40C,2026-02-18,11:25:38,14.87,100.0,0.0,24.995,121.52
74DA38F20AAA,2026-02-18,11:25:43,14.62,100.0,12.0,24.6,120.999
74DA38F7C37C,2026-02-18,11:25:45,12.5,100.0,0.0,25.111,121.856
74DA38F209F8,2026-02-18,11:25:51,16.75,100.0,0.0,23.157,121.4
74DA38F7C47C,2026-02-18,11:25:54,16.0,100.0,0.0,25.055,121.455
74DA38F7C3D6,2026-02-18,11:25:58,15.75,100.0,0.0,25.045,121.541
74DA38F7C524,2026-02-18,11:25:58,13.75,100.0,60.0,25.002,121.552
74DA38F7C5E6,2026-02-18,11:25:59,16.0,100.0,16.0,25.107,121.843
74DA38F20C22,2026-02-18,11:26:04,21.87,100.0,1.0,22.729,120.357
74DA38F7C59C,2026-02-18,11:26:04,15.37,77.0,32.0,25.103,121.487
74DA38F7C260,2026-02-18,11:26:10,15.37,100.0,0.0,25.065,121.425
74DA38F7C570,2026-02-18,11:26:10,14.37,100.0,1.0,25.239,121.63
74DA38F2118E,2026-02-18,11:26:18,12.75,100.0,42.0,26.148,119.935
74DA38F20BE4,2026-02-18,11:26:24,13.75,100.0,38.0,24.791,120.957
74DA38F208E2,2026-02-18,11:26:25,15.62,100.0,38.0,24.688,121.766
74DA38F7C30C,2026-02-18,11:26:26,15.5,98.0,0.0,24.975,121.532
74DA38F20C26,2026-02-18,11:26:27,22.62,68.0,22.0,22.676,120.342
74DA38F210F6,2026-02-18,11:26:29,20.62,100.0,11.0,22.757426,121.158891
74DA38F20E6E,2026-02-18,11:26:30,13.0,88.0,0.0,24.41,120.902
74DA38F20AA4,2026-02-18,11:26:32,25.12,83.0,21.0,22.685,120.492
74DA38ED0640,2026-02-18,11:26:37,15.5,100.0,4.0,23.154,121.266
74DA38F20902,2026-02-18,11:26:45,21.37,98.0,1.0,22.204,120.7
74DA38F20DC0,2026-02-18,11:26:46,20.87,100.0,1.0,22.711,120.295
74DA38F7C47E,2026-02-18,11:26:51,15.25,100.0,33.0,25.053963,121.427681
74DA38F20D2E,2026-02-18,11:26:55,15.75,100.0,0.0,25.06,121.545
74DA38F20A30,2026-02-18,11:27:02,14.87,90.0,0.0,24.948,121.372
74DA38F7C600,2026-02-18,11:27:04,21.37,56.0,10.0,25.07,121.586
74DA38F20A78,2026-02-18,11:27:09,16.5,100.0,3.0,22.904,121.124
74DA38F207DE,2026-02-18,11:27:10,22.37,100.0,27.0,22.603,120.34
74DA38F210E4,2026-02-18,11:27:17,18.37,100.0,14.0,23.24,120.696
74DA38F209A4,2026-02-18,11:27:20,23.0,100.0,0.0,22.702,120.572
74DA38F20DE0,2026-02-18,11:27:36,22.37,100.0,0.0,22.589,120.328
74DA38F7C514,2026-02-18,11:27:37,15.87,100.0,27.0,25.051,121.518
74DA38F20D70,2026-02-18,11:27:50,16.62,100.0,0.0,23.05,121.164
74DA38F21136,2026-02-18,11:27:51,15.37,100.0,17.0,25.119,121.505
74DA38F20B80,2026-02-18,11:27:54,21.5,100.0,0.0,22.599,120.35
74DA38ED0454,2026-02-18,11:27:55,18.25,100.0,15.0,24.053,121.599
74DA38ED05B6,2026-02-18,11:27:55,17.62,100.0,21.0,23.43,121.348
74DA38F7C5BE,2026-02-18,11:27:58,16.0,81.0,30.0,25.092,121.523
74DA38F7C3DE,2026-02-18,11:27:59,16.0,100.0,305.0,24.972,121.537
74DA38F7C53C,2026-02-18,11:28:00,13.87,100.0,0.0,25.11,121.804
74DA38F21048,2026-02-18,11:28:01,22.37,100.0,20.0,22.595,120.341
74DA38F7C31C,2026-02-18,11:28:01,14.75,100.0,1.0,24.93,121.372
74DA38F7C63C,2026-02-18,11:28:05,85.25,100.0,19.0,24.998,121.425
74DA38ED059C,2026-02-18,11:28:10,15.75,100.0,15.0,23.706,121.412
74DA38F7C464,2026-02-18,11:28:13,13.75,32.0,0.0,25.006,121.413
74DA38F7C5A0,2026-02-18,11:28:13,15.5,91.0,0.0,25.107,121.518
74DA38F7C562,2026-02-18,11:28:21,14.37,100.0,31.0,25.021,121.418
74DA38F7C5CE,2026-02-18,11:28:23,14.75,90.0,3.0,25.066,121.656
74DA38ED06E0,2026-02-18,11:28:24,19.12,94.0,0.0,23.601,121.521
74DA38F20E34,2026-02-18,11:28:26,21.87,76.0,18.0,22.586,120.313
74DA38F21054,2026-02-18,11:28:32,24.5,61.0,19.0,22.898,120.627
74DA38F20DD0,2026-02-18,11:28:38,20.62,100.0,2.0,22.6080258,120.3229833
74DA38F209DE,2026-02-18,11:28:39,14.75,100.0,5.0,24.861,120.964
74DA38F21204,2026-02-18,11:28:43,20.87,100.0,5.0,25.062,121.451
74DA38F20AE6,2026-02-18,11:28:44,25.12,100.0,11.0,22.63,120.348
74DA38F20B5C,2026-02-18,11:28:50,-4.0,0.0,29.0,22.798,120.293
74DA38F7C30E,2026-02-18,11:28:59,14.87,100.0,20.0,24.949,121.382
74DA38F21088,2026-02-18,11:29:12,15.0,100.0,0.0,25.068,121.588
74DA38F20F0A,2026-02-18,11:29:13,21.25,100.0,27.0,22.995,120.635
74DA38F20B26,2026-02-18,11:29:24,21.25,100.0,21.0,22.783,120.247
74DA38F7C366,2026-02-18,11:29:26,15.5,100.0,14.0,25.002,121.516
74DA38F2113E,2026-02-18,11:29:30,-4.0,0.0,6.0,22.728,120.313
74DA38F20D1E,2026-02-18,11:29:32,15.87,100.0,35.0,25.048,121.573
74DA38F20D16,2026-02-18,11:29:35,16.25,100.0,31.0,25.062,121.526
74DA38F209EE,2026-02-18,11:29:37,19.75,100.0,0.0,23.026,121.33
74DA38F20D4C,2026-02-18,11:29:41,18.87,100.0,0.0,22.971,121.303
74DA38F2104E,2026-02-18,11:29:41,21.5,100.0,32.0,23.108,120.7
74DA38ED0630,2026-02-18,11:29:42,17.87,99.0,0.0,23.994,121.594
74DA38F7C616,2026-02-18,11:29:45,15.37,100.0,0.0,25.031,121.563
74DA38F7C41E,2026-02-18,11:29:55,16.62,76.0,24.0,25.054,121.517
74DA38F7C560,2026-02-18,11:29:55,15.37,100.0,0.0,25.079,121.671
74DA38F7C566,2026-02-18,11:29:55,16.62,100.0,0.0,25.051,121.448
74DA38F20E9E,2026-02-18,11:29:58,14.87,100.0,30.0,24.648,121.151
74DA38F20976,2026-02-18,11:30:09,15.75,86.0,28.0,25.127,121.746
74DA38F21024,2026-02-18,11:30:10,15.5,100.0,0.0,24.93,121.036
74DA38F7C3DC,2026-02-18,11:30:28,14.62,100.0,31.0,25.003,121.539
74DA38F210A2,2026-02-18,11:30:29,15.12,100.0,7.0,25.12,121.466
74DA38F209A8,2026-02-18,11:30:31,-4.0,0.0,0.0,22.401,120.577
74DA38F7C3BA,2026-02-18,11:30:47,118.87,46.0,125.0,25.174,121.441
74DA38F20D1A,2026-02-18,11:30:50,15.87,86.0,0.0,25.078,121.541
74DA38ED04F2,2026-02-18,11:31:00,17.37,100.0,11.0,23.468,121.496
74DA38F7C610,2026-02-18,11:31:05,17.25,81.0,26.0,25.063,121.564
74DA38F209B2,2026-02-18,11:31:14,21.87,100.0,0.0,22.363,120.599
74DA38F7C338,2026-02-18,11:31:17,17.75,96.0,23.0,25.011,121.458
74DA38F7C4CC,2026-02-18,11:31:25,15.37,100.0,16.0,25.062,121.451
74DA38ED05EA,2026-02-18,11:31:30,17.0,100.0,47.0,23.394,121.357
74DA38F20B88,2026-02-18,11:31:34,19.87,100.0,0.0,22.75,120.316
74DA38F7C3B2,2026-02-18,11:31:35,18.75,67.0,14.0,24.929,121.378
74DA38F7C39A,2026-02-18,11:31:38,15.5,100.0,0.0,25.002,121.414
74DA38F7C4DE,2026-02-18,11:31:41,15.25,100.0,0.0,25.09,121.462
74DA38F20BCA,2026-02-18,11:31:42,14.75,100.0,0.0,25.079,121.58
74DA38F7C29C,2026-02-18,11:31:46,15.75,100.0,27.0,25.02,121.416
74DA38F7C40C,2026-02-18,11:31:47,14.87,100.0,0.0,24.995,121.52
74DA38F20AAA,2026-02-18,11:31:51,14.5,100.0,13.0,24.6,120.999
74DA38F7C47C,2026-02-18,11:32:04,15.87,99.0,0.0,25.055,121.455
74DA38F7C5E6,2026-02-18,11:32:11,16.0,100.0,15.0,25.107,121.843
74DA38F7C59C,2026-02-18,11:32:15,15.37,77.0,33.0,25.103,121.487
74DA38F7C37C,2026-02-18,11:32:16,12.37,100.0,0.0,25.111,121.856
74DA38F209F8,2026-02-18,11:32:20,16.75,100.0,0.0,23.157,121.4
74DA38F7C3D6,2026-02-18,11:32:27,15.75,100.0,0.0,25.045,121.541
74DA38F20E6E,2026-02-18,11:32:34,12.87,89.0,0.0,24.41,120.902
74DA38F7C524,2026-02-18,11:32:34,13.75,100.0,62.0,25.002,121.552
74DA38F210F6,2026-02-18,11:32:36,20.5,100.0,8.0,22.757426,121.158891
74DA38F208E2,2026-02-18,11:32:37,15.75,100.0,36.0,24.688,121.766
74DA38F20BE4,2026-02-18,11:32:37,13.87,100.0,38.0,24.791,120.957
74DA38F20C22,2026-02-18,11:32:37,21.37,100.0,2.0,22.729,120.357
74DA38F20C26,2026-02-18,11:32:39,22.37,69.0,24.0,22.676,120.342
74DA38F20AA4,2026-02-18,11:32:40,24.87,83.0,22.0,22.685,120.492
74DA38F7C570,2026-02-18,11:32:41,14.37,100.0,1.0,25.239,121.63
74DA38F7C30C,2026-02-18,11:32:43,15.5,98.0,0.0,24.975,121.532
74DA38F7C260,2026-02-18,11:32:44,15.37,100.0,0.0,25.065,121.425
74DA38ED0640,2026-02-18,11:32:47,15.5,100.0,4.0,23.154,121.266
74DA38F2118E,2026-02-18,11:32:52,12.62,100.0,39.0,26.148,119.935
74DA38F20902,2026-02-18,11:32:53,21.12,98.0,1.0,22.204,120.7
74DA38F7C47E,2026-02-18,11:33:06,15.62,100.0,34.0,25.053963,121.427681
74DA38F7C600,2026-02-18,11:33:12,21.37,56.0,10.0,25.07,121.586
74DA38F20A78,2026-02-18,11:33:17,16.5,100.0,4.0,22.904,121.124
74DA38F207DE,2026-02-18,11:33:18,22.37,100.0,26.0,22.603,120.34
74DA38F20DC0,2026-02-18,11:33:18,20.75,100.0,2.0,22.711,120.295
74DA38F20D2E,2026-02-18,11:33:25,15.75,100.0,1.0,25.06,121.545
74DA38F210E4,2026-02-18,11:33:25,18.25,100.0,15.0,23.24,120.696
74DA38F20A30,2026-02-18,11:33:32,14.87,90.0,0.0,24.948,121.372
74DA38F209A4,2026-02-18,11:33:51,22.87,100.0,0.0,22.702,120.572
74DA38F7C514,2026-02-18,11:33:51,16.0,100.0,27.0,25.051,121.518
74DA38F7C3DE,2026-02-18,11:33:55,15.87,100.0,294.0,24.972,121.537
74DA38F20D70,2026-02-18,11:33:58,16.75,100.0,0.0,23.05,121.164
74DA38F20BD0,2026-02-18,11:34:02,-4.0,0.0,22.0,22.688,120.408
74DA38ED05B6,2026-02-18,11:34:03,17.62,100.0,21.0,23.43,121.348
74DA38F20DE0,2026-02-18,11:34:08,22.37,100.0,0.0,22.589,120.328
74DA38F7C5BE,2026-02-18,11:34:11,16.0,81.0,29.0,25.092,121.523
74DA38F7C63C,2026-02-18,11:34:17,85.25,100.0,18.0,24.998,121.425
74DA38ED059C,2026-02-18,11:34:19,15.62,100.0,13.0,23.706,121.412
74DA38F20B80,2026-02-18,11:34:27,21.5,100.0,0.0,22.599,120.35
74DA38F7C53C,2026-02-18,11:34:30,13.75,100.0,1.0,25.11,121.804
74DA38F7C31C,2026-02-18,11:34:32,14.75,100.0,2.0,24.93,121.372
74DA38ED06E0,2026-02-18,11:34:34,19.12,94.0,0.0,23.601,121.521
74DA38F21048,2026-02-18,11:34:34,22.5,100.0,20.0,22.595,120.341
74DA38F20E34,2026-02-18,11:34:36,21.87,75.0,18.0,22.586,120.313
74DA38F21054,2026-02-18,11:34:41,24.5,61.0,20.0,22.898,120.627
74DA38F7C5A0,2026-02-18,11:34:44,15.37,91.0,0.0,25.107,121.518
74DA38F7C562,2026-02-18,11:34:49,14.25,100.0,33.0,25.021,121.418
74DA38F7C464,2026-02-18,11:34:51,13.87,32.0,0.0,25.006,121.413
74DA38F7C5CE,2026-02-18,11:34:51,14.87,90.0,0.0,25.066,121.656
74DA38F20AE6,2026-02-18,11:34:52,25.12,100.0,11.0,22.63,120.348
74DA38F20B82,2026-02-18,11:34:55,-4.0,0.0,2.0,22.847,120.465
74DA38F209DE,2026-02-18,11:35:10,14.87,100.0,6.0,24.861,120.964
74DA38F20DD0,2026-02-18,11:35:11,20.5,100.0,2.0,22.6080258,120.3229833
74DA38F21204,2026-02-18,11:35:12,20.87,100.0,4.0,25.062,121.451
74DA38F20F0A,2026-02-18,11:35:24,21.25,100.0,21.0,22.995,120.635
74DA38F20B26,2026-02-18,11:35:32,21.12,100.0,20.0,22.783,120.247
74DA38F7C30E,2026-02-18,11:35:35,14.87,100.0,22.0,24.949,121.382
74DA38F7C366,2026-02-18,11:35:36,15.62,100.0,14.0,25.002,121.516
74DA38F21088,2026-02-18,11:35:42,15.0,100.0,1.0,25.068,121.588
74DA38F209EE,2026-02-18,11:35:45,19.75,100.0,0.0,23.026,121.33
74DA38F20D1E,2026-02-18,11:35:48,15.87,100.0,36.0,25.048,121.573
74DA38F20D16,2026-02-18,11:35:49,16.25,100.0,31.0,25.062,121.526
74DA38F2104E,2026-02-18,11:35:53,21.5,100.0,30.0,23.108,120.7
74DA38F20EB2,2026-02-18,11:35:57,9.37,100.0,36.0,24.324,120.835
74DA38F7C616,2026-02-18,11:35:59,15.5,100.0,0.0,25.031,121.563
74DA38F7C41E,2026-02-18,11:36:07,16.62,76.0,24.0,25.054,121.517
74DA38F20D4C,2026-02-18,11:36:10,18.87,100.0,0.0,22.971,121.303
74DA38F20E9E,2026-02-18,11:36:11,15.0,100.0,33.0,24.648,121.151
74DA38ED0630,2026-02-18,11:36:15,17.87,100.0,0.0,23.994,121.594
74DA38F20976,2026-02-18,11:36:19,15.75,85.0,28.0,25.127,121.746
74DA38F7C560,2026-02-18,11:36:25,15.37,100.0,0.0,25.079,121.671
74DA38F7C566,2026-02-18,11:36:26,16.62,100.0,0.0,25.051,121.448
74DA38F210A2,2026-02-18,11:36:37,15.25,100.0,6.0,25.12,121.466
74DA38F21024,2026-02-18,11:36:38,15.5,100.0,0.0,24.93,121.036
74DA38F7C3DC,2026-02-18,11:36:40,14.62,100.0,31.0,25.003,121.539
74DA38F2113E,2026-02-18,11:36:48,-4.0,0.0,5.0,22.728,120.313
74DA38F7C3BA,2026-02-18,11:36:48,118.87,46.0,127.0,25.174,121.441
74DA38ED04F2,2026-02-18,11:37:15,17.37,100.0,6.0,23.468,121.496
74DA38F7C610,2026-02-18,11:37:18,17.12,81.0,26.0,25.063,121.564
74DA38F20D1A,2026-02-18,11:37:20,16.0,85.0,0.0,25.078,121.541
74DA38F20D2A,2026-02-18,11:37:32,16.0,72.0,2.0,25.048,121.573
74DA38F7C338,2026-02-18,11:37:32,17.75,96.0,23.0,25.011,121.458
74DA38F7C4CC,2026-02-18,11:37:34,15.25,100.0,16.0,25.062,121.451
74DA38F209B2,2026-02-18,11:37:40,21.62,100.0,0.0,22.363,120.599
74DA38F7C3B2,2026-02-18,11:37:42,18.75,67.0,14.0,24.929,121.378
74DA38ED05EA,2026-02-18,11:37:47,17.12,100.0,52.0,23.394,121.357
74DA38F7C4DE,2026-02-18,11:37:51,15.25,100.0,0.0,25.09,121.462
74DA38F7C40C,2026-02-18,11:37:55,14.87,100.0,0.0,24.995,121.52
74DA38F7C29C,2026-02-18,11:37:58,15.75,100.0,27.0,25.02,121.416
74DA38F20AAA,2026-02-18,11:38:01,14.37,100.0,12.0,24.6,120.999
74DA38F20B88,2026-02-18,11:38:05,19.62,100.0,0.0,22.75,120.316
74DA38F7C39A,2026-02-18,11:38:07,15.5,100.0,0.0,25.002,121.414
74DA38F20BCA,2026-02-18,11:38:13,15.0,100.0,1.0,25.079,121.58
74DA38F7C47C,2026-02-18,11:38:13,15.75,100.0,0.0,25.055,121.455
74DA38F20B5C,2026-02-18,11:38:19,-4.0,0.0,31.0,22.798,120.293
74DA38F7C5E6,2026-02-18,11:38:22,16.0,100.0,15.0,25.107,121.843
74DA38F7C59C,2026-02-18,11:38:28,15.25,77.0,33.0,25.103,121.487
74DA38F20E6E,2026-02-18,11:38:37,12.75,89.0,0.0,24.41,120.902
74DA38F210F6,2026-02-18,11:38:43,20.62,100.0,5.0,22.757426,121.158891
74DA38F20BE4,2026-02-18,11:38:46,13.87,100.0,38.0,24.791,120.957
74DA38F7C37C,2026-02-18,11:38:46,12.62,100.0,1.0,25.111,121.856
74DA38F209F8,2026-02-18,11:38:49,16.75,100.0,0.0,23.157,121.4
74DA38F20AA4,2026-02-18,11:38:50,24.87,83.0,23.0,22.685,120.492
74DA38F208E2,2026-02-18,11:38:52,15.75,100.0,37.0,24.688,121.766
74DA38F20C26,2026-02-18,11:38:52,22.25,69.0,23.0,22.676,120.342
74DA38F7C30C,2026-02-18,11:38:52,15.5,98.0,0.0,24.975,121.532
74DA38ED0640,2026-02-18,11:38:58,15.5,100.0,4.0,23.154,121.266
74DA38F7C3D6,2026-02-18,11:38:58,15.87,100.0,1.0,25.045,121.541
74DA38F20902,2026-02-18,11:39:01,21.0,98.0,0.0,22.204,120.7
74DA38F20C22,2026-02-18,11:39:05,21.0,100.0,0.0,22.729,120.357
74DA38F7C570,2026-02-18,11:39:10,14.5,100.0,0.0,25.239,121.63
74DA38F7C260,2026-02-18,11:39:14,15.37,100.0,0.0,25.065,121.425
74DA38F7C524,2026-02-18,11:39:15,13.62,100.0,63.0,25.002,121.552
74DA38F7C600,2026-02-18,11:39:19,21.5,53.0,10.0,25.07,121.586
74DA38F7C47E,2026-02-18,11:39:21,15.25,100.0,33.0,25.053963,121.427681
74DA38F20A78,2026-02-18,11:39:25,16.37,100.0,4.0,22.904,121.124
74DA38F2118E,2026-02-18,11:39:27,12.62,100.0,37.0,26.148,119.935
74DA38F207DE,2026-02-18,11:39:30,22.5,100.0,27.0,22.603,120.34
74DA38F210E4,2026-02-18,11:39:34,17.87,100.0,25.0,23.24,120.696
74DA38F20DC0,2026-02-18,11:39:48,20.62,100.0,0.0,22.711,120.295
74DA38F7C3DE,2026-02-18,11:39:52,15.87,100.0,293.0,24.972,121.537
74DA38F20D2E,2026-02-18,11:39:53,15.62,100.0,0.0,25.06,121.545
74DA38F7C514,2026-02-18,11:40:05,16.0,100.0,27.0,25.051,121.518
74DA38F20A30,2026-02-18,11:40:06,14.87,90.0,0.0,24.948,121.372
74DA38F20D70,2026-02-18,11:40:06,16.62,100.0,0.0,23.05,121.164
74DA38F21136,2026-02-18,11:40:07,15.5,100.0,18.0,25.119,121.505
74DA38F209A8,2026-02-18,11:40:09,-4.0,0.0,0.0,22.401,120.577
74DA38ED05B6,2026-02-18,11:40:14,17.62,100.0,23.0,23.43,121.348
74DA38F209A4,2026-02-18,11:40:20,22.62,100.0,0.0,22.702,120.572
74DA38F7C5BE,2026-02-18,11:40:25,16.0,81.0,29.0,25.092,121.523
74DA38F7C63C,2026-02-18,11:40:25,85.25,100.0,17.0,24.998,121.425
74DA38ED059C,2026-02-18,11:40:30,15.62,100.0,13.0,23.706,121.412
74DA38ED06E0,2026-02-18,11:40:42,19.12,94.0,0.0,23.601,121.521
74DA38F20DE0,2026-02-18,11:40:42,22.5,100.0,3.0,22.589,120.328
74DA38F20E34,2026-02-18,11:40:45,21.75,75.0,18.0,22.586,120.313
74DA38F21054,2026-02-18,11:40:49,24.5,60.0,21.0,22.898,120.627
74DA38ED0454,2026-02-18,11:40:52,18.37,100.0,16.0,24.053,121.599
74DA38F20AE6,2026-02-18,11:40:59,25.12,100.0,11.0,22.63,120.348
74DA38F7C53C,2026-02-18,11:40:59,13.75,100.0,1.0,25.11,121.804
74DA38F20B80,2026-02-18,11:41:05,21.62,100.0,0.0,22.599,120.35
74DA38F7C31C,2026-02-18,11:41:06,14.75,100.0,2.0,24.93,121.372
74DA38F21048,2026-02-18,11:41:07,22.25,100.0,20.0,22.595,120.341
74DA38F7C562,2026-02-18,11:41:12,14.37,100.0,28.0,25.021,121.418
74DA38F7C5A0,2026-02-18,11:41:14,15.37,91.0,0.0,25.107,121.518
74DA38F7C5CE,2026-02-18,11:41:20,14.87,90.0,1.0,25.066,121.656
74DA38F7C464,2026-02-18,11:41:22,14.0,32.0,0.0,25.006,121.413
74DA38F21204,2026-02-18,11:41:28,20.87,100.0,6.0,25.062,121.451
74DA38F20F0A,2026-02-18,11:41:32,21.25,100.0,22.0,22.995,120.635
74DA38F209DE,2026-02-18,11:41:41,14.87,100.0,3.0,24.861,120.964
74DA38F20DD0,2026-02-18,11:41:43,20.62,100.0,1.0,22.6080258,120.3229833
74DA38F7C366,2026-02-18,11:41:44,15.5,100.0,15.0,25.002,121.516
74DA38F20B26,2026-02-18,11:41:47,21.25,100.0,21.0,22.783,120.247
74DA38F209EE,2026-02-18,11:41:51,19.75,100.0,0.0,23.026,121.33
74DA38F7C30E,2026-02-18,11:41:56,14.75,100.0,21.0,24.949,121.382
74DA38F20D16,2026-02-18,11:42:01,16.25,100.0,31.0,25.062,121.526
74DA38F20D1E,2026-02-18,11:42:04,15.75,100.0,35.0,25.048,121.573
74DA38F2104E,2026-02-18,11:42:05,21.37,100.0,31.0,23.108,120.7
74DA38F7C616,2026-02-18,11:42:08,15.5,100.0,0.0,25.031,121.563
74DA38F21088,2026-02-18,11:42:14,15.12,100.0,0.0,25.068,121.588
74DA38F20EB2,2026-02-18,11:42:15,9.25,100.0,35.0,24.324,120.835
74DA38F7C41E,2026-02-18,11:42:19,16.62,76.0,24.0,25.054,121.517
74DA38F20E9E,2026-02-18,11:42:27,15.0,100.0,36.0,24.648,121.151
74DA38F20976,2026-02-18,11:42:29,15.75,85.0,30.0,25.127,121.746
74DA38F20D4C,2026-02-18,11:42:41,19.0,100.0,0.0,22.971,121.303
74DA38ED0630,2026-02-18,11:42:45,18.0,99.0,0.0,23.994,121.594
74DA38F210A2,2026-02-18,11:42:45,15.25,100.0,7.0,25.12,121.466
74DA38F7C3BA,2026-02-18,11:42:49,118.87,46.0,125.0,25.174,121.441
74DA38F7C3DC,2026-02-18,11:42:50,14.5,100.0,31.0,25.003,121.539
74DA38F7C560,2026-02-18,11:42:55,15.25,100.0,0.0,25.079,121.671
74DA38F7C566,2026-02-18,11:42:55,16.5,100.0,0.0,25.051,121.448
74DA38F21024,2026-02-18,11:43:07,15.5,100.0,0.0,24.93,121.036
74DA38F7C610,2026-02-18,11:43:29,17.12,81.0,25.0,25.063,121.564
74DA38ED04F2,2026-02-18,11:43:31,17.25,100.0,6.0,23.468,121.496
74DA38F7C4CC,2026-02-18,11:43:43,15.5,100.0,16.0,25.062,121.451
74DA38F20D1A,2026-02-18,11:43:51,15.87,85.0,0.0,25.078,121.541
74DA38F7C3B2,2026-02-18,11:43:51,18.87,67.0,14.0,24.929,121.378
74DA38F7C338,2026-02-18,11:44:00,17.75,95.0,23.0,25.011,121.458
74DA38ED05EA,2026-02-18,11:44:02,17.12,100.0,55.0,23.394,121.357
74DA38F7C40C,2026-02-18,11:44:03,14.87,100.0,0.0,24.995,121.52
74DA38F20D2A,2026-02-18,11:44:04,16.0,72.0,0.0,25.048,121.573
74DA38F2113E,2026-02-18,11:44:08,-4.0,0.0,3.0,22.728,120.313
74DA38F7C4DE,2026-02-18,11:44:08,15.12,100.0,0.0,25.09,121.462
74DA38F209B2,2026-02-18,11:44:09,21.62,100.0,0.0,22.363,120.599
74DA38F20AAA,2026-02-18,11:44:09,14.5,100.0,13.0,24.6,120.999
74DA38F7C29C,2026-02-18,11:44:10,15.75,100.0,26.0,25.02,121.416
74DA38F7C47C,2026-02-18,11:44:23,15.87,99.0,0.0,25.055,121.455
74DA38F20B82,2026-02-18,11:44:28,-4.0,0.0,2.0,22.847,120.465
74DA38F7C5E6,2026-02-18,11:44:32,16.0,100.0,16.0,25.107,121.843
74DA38F20B88,2026-02-18,11:44:33,19.75,100.0,0.0,22.75,120.316
74DA38F20BD0,2026-02-18,11:44:35,-4.0,0.0,23.0,22.688,120.408
74DA38F7C39A,2026-02-18,11:44:37,15.5,100.0,0.0,25.002,121.414
74DA38F7C59C,2026-02-18,11:44:39,15.37,77.0,33.0,25.103,121.487
74DA38F20E6E,2026-02-18,11:44:40,12.62,89.0,0.0,24.41,120.902
74DA38F20BCA,2026-02-18,11:44:42,15.0,100.0,0.0,25.079,121.58
74DA38F210F6,2026-02-18,11:44:49,20.5,100.0,9.0,22.757426,121.158891
74DA38F20BE4,2026-02-18,11:44:58,13.87,100.0,39.0,24.791,120.957
74DA38F20AA4,2026-02-18,11:44:59,24.75,83.0,23.0,22.685,120.492
74DA38F7C30C,2026-02-18,11:45:03,15.5,97.0,0.0,24.975,121.532
74DA38F208E2,2026-02-18,11:45:04,15.75,100.0,36.0,24.688,121.766
74DA38F20C26,2026-02-18,11:45:04,22.25,69.0,25.0,22.676,120.342
74DA38F20902,2026-02-18,11:45:07,20.75,99.0,1.0,22.204,120.7
74DA38ED0640,2026-02-18,11:45:09,15.5,100.0,4.0,23.154,121.266
74DA38F7C37C,2026-02-18,11:45:17,12.62,100.0,1.0,25.111,121.856
74DA38F209F8,2026-02-18,11:45:19,16.75,100.0,0.0,23.157,121.4
74DA38F7C600,2026-02-18,11:45:26,21.5,52.0,11.0,25.07,121.586
74DA38F7C3D6,2026-02-18,11:45:27,15.75,100.0,0.0,25.045,121.541
74DA38F20A78,2026-02-18,11:45:33,16.37,100.0,4.0,22.904,121.124
74DA38F7C47E,2026-02-18,11:45:35,15.12,100.0,34.0,25.053963,121.427681
74DA38F207DE,2026-02-18,11:45:39,22.5,100.0,28.0,22.603,120.34
74DA38F210E4,2026-02-18,11:45:41,18.0,100.0,14.0,23.24,120.696
74DA38F7C570,2026-02-18,11:45:41,14.62,100.0,0.0,25.239,121.63
74DA38F20C22,2026-02-18,11:45:43,20.87,100.0,1.0,22.729,120.357
74DA38F7C3DE,2026-02-18,11:45:48,16.0,100.0,301.0,24.972,121.537
74DA38F7C524,2026-02-18,11:45:50,13.75,100.0,62.0,25.002,121.552
74DA38F2118E,2026-02-18,11:46:01,12.5,100.0,38.0,26.148,119.935
74DA38F20D70,2026-02-18,11:46:13,16.62,100.0,1.0,23.05,121.164
74DA38F7C514,2026-02-18,11:46:17,15.62,100.0,28.0,25.051,121.518
74DA38F20DC0,2026-02-18,11:46:18,20.37,100.0,2.0,22.711,120.295
74DA38F20D2E,2026-02-18,11:46:23,15.62,100.0,0.0,25.06,121.545
74DA38ED05B6,2026-02-18,11:46:30,17.5,100.0,22.0,23.43,121.348
74DA38F7C63C,2026-02-18,11:46:36,85.25,100.0,18.0,24.998,121.425
74DA38F7C5BE,2026-02-18,11:46:38,15.87,81.0,29.0,25.092,121.523
74DA38ED059C,2026-02-18,11:46:40,15.62,100.0,13.0,23.706,121.412
74DA38F20A30,2026-02-18,11:46:40,14.87,90.0,1.0,24.948,121.372
74DA38ED06E0,2026-02-18,11:46:51,19.0,94.0,0.0,23.601,121.521
74DA38F209A4,2026-02-18,11:46:51,22.5,100.0,0.0,22.702,120.572
74DA38F20E34,2026-02-18,11:46:55,21.75,75.0,19.0,22.586,120.313
74DA38F21054,2026-02-18,11:46:57,24.5,61.0,20.0,22.898,120.627
74DA38F20AE6,2026-02-18,11:47:05,25.12,100.0,11.0,22.63,120.348
74DA38ED0454,2026-02-18,11:47:18,18.25,100.0,17.0,24.053,121.599
74DA38F20DE0,2026-02-18,11:47:18,22.5,100.0,1.0,22.589,120.328
74DA38F7C53C,2026-02-18,11:47:31,13.87,100.0,0.0,25.11,121.804
74DA38F20B80,2026-02-18,11:47:32,21.5,100.0,0.0,22.599,120.35
74DA38F7C31C,2026-02-18,11:47:38,14.62,100.0,0.0,24.93,121.372
74DA38F21048,2026-02-18,11:47:39,22.12,100.0,22.0,22.595,120.341
74DA38F20F0A,2026-02-18,11:47:40,21.25,100.0,22.0,22.995,120.635
74DA38F7C5A0,2026-02-18,11:47:44,15.37,91.0,0.0,25.107,121.518
74DA38F21204,2026-02-18,11:47:46,20.87,100.0,10.0,25.062,121.451
74DA38F20B5C,2026-02-18,11:47:48,-4.0,0.0,35.0,22.798,120.293
74DA38F7C5CE,2026-02-18,11:47:48,14.87,90.0,1.0,25.066,121.656
74DA38F7C366,2026-02-18,11:47:52,15.5,100.0,15.0,25.002,121.516
74DA38F7C464,2026-02-18,11:47:58,13.87,32.0,3.0,25.006,121.413
74DA38F209EE,2026-02-18,11:47:59,19.87,100.0,0.0,23.026,121.33
74DA38F20B26,2026-02-18,11:47:59,21.12,100.0,22.0,22.783,120.247
74DA38F7C30E,2026-02-18,11:48:08,14.75,100.0,21.0,24.949,121.382
74DA38F209DE,2026-02-18,11:48:11,15.0,100.0,3.0,24.861,120.964
74DA38F20D16,2026-02-18,11:48:12,16.25,100.0,31.0,25.062,121.526
74DA38F20DD0,2026-02-18,11:48:13,20.62,100.0,0.0,22.6080258,120.3229833
74DA38F2104E,2026-02-18,11:48:17,21.25,100.0,31.0,23.108,120.7
74DA38F20D1E,2026-02-18,11:48:21,15.75,100.0,35.0,25.048,121.573
74DA38F7C616,2026-02-18,11:48:21,15.5,100.0,0.0,25.031,121.563
74DA38F7C41E,2026-02-18,11:48:30,16.62,76.0,25.0,25.054,121.517
74DA38F20EB2,2026-02-18,11:48:32,9.25,100.0,36.0,24.324,120.835
74DA38F20976,2026-02-18,11:48:38,15.75,84.0,29.0,25.127,121.746
74DA38F21088,2026-02-18,11:48:44,15.25,100.0,0.0,25.068,121.588
74DA38F20E9E,2026-02-18,11:48:48,15.12,100.0,40.0,24.648,121.151
74DA38F7C3BA,2026-02-18,11:48:51,118.87,46.0,122.0,25.174,121.441
74DA38F210A2,2026-02-18,11:48:53,15.25,100.0,7.0,25.12,121.466
74DA38F7C3DC,2026-02-18,11:49:01,14.5,100.0,32.0,25.003,121.539
74DA38F20D4C,2026-02-18,11:49:13,19.0,100.0,0.0,22.971,121.303
74DA38ED0630,2026-02-18,11:49:18,18.0,99.0,0.0,23.994,121.594
74DA38F7C560,2026-02-18,11:49:25,15.25,100.0,0.0,25.079,121.671
74DA38F7C566,2026-02-18,11:49:25,16.5,100.0,0.0,25.051,121.448
74DA38F21024,2026-02-18,11:49:35,15.5,100.0,0.0,24.93,121.036
74DA38F7C610,2026-02-18,11:49:42,17.12,81.0,27.0,25.063,121.564
74DA38ED04F2,2026-02-18,11:49:44,17.12,100.0,6.0,23.468,121.496
74DA38F209A8,2026-02-18,11:49:50,-4.0,0.0,0.0,22.401,120.577
74DA38F7C4CC,2026-02-18,11:49:51,15.37,100.0,17.0,25.062,121.451
74DA38F7C3B2,2026-02-18,11:49:59,18.87,67.0,13.0,24.929,121.378
74DA38F7C40C,2026-02-18,11:50:10,14.87,100.0,0.0,24.995,121.52
74DA38ED05EA,2026-02-18,11:50:11,17.12,100.0,27.0,23.394,121.357
74DA38F7C4DE,2026-02-18,11:50:17,15.25,100.0,0.0,25.09,121.462
74DA38F20AAA,2026-02-18,11:50:18,14.5,100.0,15.0,24.6,120.999
74DA38F7C29C,2026-02-18,11:50:21,15.75,100.0,27.0,25.02,121.416
74DA38F20D1A,2026-02-18,11:50:22,15.75,85.0,0.0,25.078,121.541
74DA38F7C47C,2026-02-18,11:50:33,15.75,99.0,0.0,25.055,121.455
74DA38F20D2A,2026-02-18,11:50:34,16.12,72.0,1.0,25.048,121.573
74DA38F209B2,2026-02-18,11:50:38,21.5,100.0,0.0,22.363,120.599
74DA38F20E6E,2026-02-18,11:50:43,12.62,90.0,0.0,24.41,120.902
74DA38F7C59C,2026-02-18,11:50:51,15.25,77.0,33.0,25.103,121.487
74DA38F210F6,2026-02-18,11:50:55,20.5,100.0,11.0,22.757426,121.158891
74DA38F20B88,2026-02-18,11:51:03,19.87,100.0,0.0,22.75,120.316
74DA38F7C39A,2026-02-18,11:51:05,15.5,100.0,0.0,25.002,121.414
74DA38F20AA4,2026-02-18,11:51:06,24.87,83.0,25.0,22.685,120.492
74DA38F20BE4,2026-02-18,11:51:10,13.87,100.0,40.0,24.791,120.957
74DA38F20902,2026-02-18,11:51:14,20.62,98.0,0.0,22.204,120.7
74DA38F20C26,2026-02-18,11:51:14,22.25,69.0,22.0,22.676,120.342
74DA38F208E2,2026-02-18,11:51:16,15.62,100.0,33.0,24.688,121.766
74DA38F20BCA,2026-02-18,11:51:16,15.0,100.0,0.0,25.079,121.58
74DA38F7C30C,2026-02-18,11:51:16,15.5,97.0,0.0,24.975,121.532
74DA38ED0640,2026-02-18,11:51:18,15.37,100.0,4.0,23.154,121.266
74DA38F7C600,2026-02-18,11:51:32,21.37,50.0,10.0,25.07,121.586
74DA38F2113E,2026-02-18,11:51:39,-4.0,0.0,4.0,22.728,120.313
74DA38F20A78,2026-02-18,11:51:40,16.37,100.0,4.0,22.904,121.124
74DA38F7C3DE,2026-02-18,11:51:45,16.0,100.0,293.0,24.972,121.537
74DA38F207DE,2026-02-18,11:51:47,22.37,100.0,29.0,22.603,120.34
74DA38F7C37C,2026-02-18,11:51:47,12.75,100.0,0.0,25.111,121.856
74DA38F7C47E,2026-02-18,11:51:48,15.37,100.0,34.0,25.053963,121.427681
74DA38F209F8,2026-02-18,11:51:49,16.62,100.0,0.0,23.157,121.4
74DA38F210E4,2026-02-18,11:51:49,18.12,100.0,14.0,23.24,120.696
74DA38F7C3D6,2026-02-18,11:51:56,15.75,100.0,0.0,25.045,121.541
74DA38F7C570,2026-02-18,11:52:11,14.5,100.0,1.0,25.239,121.63
74DA38F20C22,2026-02-18,11:52:15,20.87,100.0,1.0,22.729,120.357
74DA38F20D70,2026-02-18,11:52:21,16.62,100.0,3.0,23.05,121.164
74DA38F21136,2026-02-18,11:52:24,15.37,100.0,18.0,25.119,121.505
74DA38F7C524,2026-02-18,11:52:26,13.62,100.0,63.0,25.002,121.552
74DA38F7C260,2026-02-18,11:52:30,15.5,100.0,0.0,25.065,121.425
74DA38F7C514,2026-02-18,11:52:31,15.62,100.0,27.0,25.051,121.518
74DA38F2118E,2026-02-18,11:52:35,12.62,100.0,39.0,26.148,119.935
74DA38ED05B6,2026-02-18,11:52:38,17.5,100.0,20.0,23.43,121.348
74DA38F7C63C,2026-02-18,11:52:48,85.25,100.0,17.0,24.998,121.425
74DA38ED059C,2026-02-18,11:52:49,15.62,100.0,12.0,23.706,121.412
74DA38F20DC0,2026-02-18,11:52:49,20.25,100.0,0.0,22.711,120.295
74DA38F7C5BE,2026-02-18,11:52:50,15.87,81.0,29.0,25.092,121.523
74DA38F20D2E,2026-02-18,11:52:52,15.62,100.0,0.0,25.06,121.545
74DA38ED06E0,2026-02-18,11:52:59,19.0,94.0,0.0,23.601,121.521
74DA38F21054,2026-02-18,11:53:04,24.37,61.0,20.0,22.898,120.627
74DA38F20E34,2026-02-18,11:53:05,21.62,75.0,18.0,22.586,120.313
74DA38F20A30,2026-02-18,11:53:11,14.87,89.0,0.0,24.948,121.372
74DA38F20AE6,2026-02-18,11:53:12,25.12,100.0,11.0,22.63,120.348
74DA38F209A4,2026-02-18,11:53:18,22.5,100.0,0.0,22.702,120.572
74DA38F20DE0,2026-02-18,11:53:47,22.37,100.0,0.0,22.589,120.328
74DA38F20F0A,2026-02-18,11:53:50,21.12,100.0,20.0,22.995,120.635
74DA38F21204,2026-02-18,11:53:54,21.0,100.0,12.0,25.062,121.451
74DA38ED0454,2026-02-18,11:53:55,18.25,100.0,21.0,24.053,121.599
74DA38F7C366,2026-02-18,11:53:58,15.37,100.0,15.0,25.002,121.516
74DA38F7C53C,2026-02-18,11:53:58,14.0,100.0,0.0,25.11,121.804
74DA38F20B80,2026-02-18,11:54:00,21.37,100.0,0.0,22.599,120.35
74DA38F20B82,2026-02-18,11:54:01,-4.0,0.0,2.0,22.847,120.465
74DA38F209EE,2026-02-18,11:54:05,19.75,100.0,0.0,23.026,121.33
74DA38F7C562,2026-02-18,11:54:07,14.25,100.0,28.0,25.021,121.418
74DA38F20B26,2026-02-18,11:54:08,21.12,100.0,20.0,22.783,120.247
74DA38F21048,2026-02-18,11:54:09,22.0,100.0,22.0,22.595,120.341
74DA38F7C31C,2026-02-18,11:54:10,14.62,100.0,3.0,24.93,121.372
74DA38F7C5A0,2026-02-18,11:54:13,15.25,91.0,0.0,25.107,121.518
74DA38F7C5CE,2026-02-18,11:54:15,14.87,89.0,1.0,25.066,121.656
74DA38F7C30E,2026-02-18,11:54:18,14.75,100.0,22.0,24.949,121.382
74DA38F20D16,2026-02-18,11:54:24,16.12,100.0,31.0,25.062,121.526
74DA38F7C464,2026-02-18,11:54:29,13.75,31.0,3.0,25.006,121.413
74DA38F2104E,2026-02-18,11:54:31,21.12,100.0,32.0,23.108,120.7
74DA38F7C616,2026-02-18,11:54:32,15.5,100.0,0.0,25.031,121.563
74DA38F20D1E,2026-02-18,11:54:33,15.75,100.0,35.0,25.048,121.573
74DA38F209DE,2026-02-18,11:54:38,14.87,100.0,5.0,24.861,120.964
74DA38F20DD0,2026-02-18,11:54:43,20.25,100.0,1.0,22.6080258,120.3229833
74DA38F7C41E,2026-02-18,11:54:45,16.5,76.0,25.0,25.054,121.517
74DA38F20976,2026-02-18,11:54:47,15.62,85.0,29.0,25.127,121.746
74DA38F20EB2,2026-02-18,11:54:48,9.25,100.0,35.0,24.324,120.835
74DA38F7C3BA,2026-02-18,11:54:49,118.87,46.0,127.0,25.174,121.441
74DA38F210A2,2026-02-18,11:54:59,15.25,100.0,7.0,25.12,121.466
74DA38F20E9E,2026-02-18,11:55:04,15.12,100.0,31.0,24.648,121.151
74DA38F20BD0,2026-02-18,11:55:06,-4.0,0.0,24.0,22.688,120.408
74DA38F7C3DC,2026-02-18,11:55:12,14.62,100.0,33.0,25.003,121.539
74DA38F21088,2026-02-18,11:55:13,15.5,100.0,0.0,25.068,121.588
74DA38F20D4C,2026-02-18,11:55:39,19.0,100.0,0.0,22.971,121.303
74DA38ED0630,2026-02-18,11:55:49,18.0,100.0,0.0,23.994,121.594
74DA38ED04F2,2026-02-18,11:55:51,17.25,100.0,8.0,23.468,121.496
74DA38F7C566,2026-02-18,11:55:53,16.62,100.0,0.0,25.051,121.448
74DA38F7C610,2026-02-18,11:55:53,17.12,81.0,25.0,25.063,121.564
74DA38F7C560,2026-02-18,11:55:54,15.25,100.0,0.0,25.079,121.671
74DA38F7C4CC,2026-02-18,11:55:59,15.12,100.0,16.0,25.062,121.451
74DA38F21024,2026-02-18,11:56:02,15.5,100.0,0.0,24.93,121.036
74DA38F7C3B2,2026-02-18,11:56:07,18.87,67.0,13.0,24.929,121.378
74DA38F20D6C,2026-02-18,11:56:15,21.62,77.0,3.0,22.661,120.301
74DA38F7C40C,2026-02-18,11:56:17,14.75,100.0,0.0,24.995,121.52
74DA38ED05EA,2026-02-18,11:56:18,17.12,100.0,24.0,23.394,121.357
74DA38F7C4DE,2026-02-18,11:56:25,15.25,100.0,0.0,25.09,121.462
74DA38F20AAA,2026-02-18,11:56:26,14.37,100.0,13.0,24.6,120.999
74DA38F7C29C,2026-02-18,11:56:28,15.87,100.0,26.0,25.02,121.416
74DA38F7C47C,2026-02-18,11:56:41,15.75,99.0,0.0,25.055,121.455
74DA38F20E6E,2026-02-18,11:56:44,12.62,90.0,0.0,24.41,120.902
74DA38F20D1A,2026-02-18,11:56:51,15.62,85.0,1.0,25.078,121.541
74DA38F210F6,2026-02-18,11:57:01,20.5,100.0,6.0,22.757426,121.158891
74DA38F7C59C,2026-02-18,11:57:01,15.25,77.0,32.0,25.103,121.487
74DA38F20D2A,2026-02-18,11:57:02,16.0,72.0,0.0,25.048,121.573
74DA38F209B2,2026-02-18,11:57:06,21.37,100.0,0.0,22.363,120.599
74DA38F20AA4,2026-02-18,11:57:14,24.87,83.0,25.0,22.685,120.492
74DA38F20B5C,2026-02-18,11:57:14,-4.0,0.0,34.0,22.798,120.293
74DA38F20902,2026-02-18,11:57:20,20.62,99.0,0.0,22.204,120.7
74DA38F20BE4,2026-02-18,11:57:22,13.87,100.0,40.0,24.791,120.957
74DA38F7C5E6,2026-02-18,11:57:22,15.87,100.0,16.0,25.107,121.843
74DA38F20C26,2026-02-18,11:57:24,22.12,69.0,23.0,22.676,120.342
74DA38F7C30C,2026-02-18,11:57:24,15.5,97.0,0.0,24.975,121.532
74DA38F208E2,2026-02-18,11:57:25,15.75,100.0,32.0,24.688,121.766
74DA38ED0640,2026-02-18,11:57:27,15.37,100.0,4.0,23.154,121.266
74DA38F20B88,2026-02-18,11:57:32,19.75,100.0,0.0,22.75,120.316
74DA38F7C39A,2026-02-18,11:57:33,15.5,100.0,0.0,25.002,121.414
74DA38F7C600,2026-02-18,11:57:38,21.25,52.0,11.0,25.07,121.586
74DA38F7C3DE,2026-02-18,11:57:42,16.12,100.0,294.0,24.972,121.537
74DA38F20BCA,2026-02-18,11:57:46,15.0,100.0,0.0,25.079,121.58
74DA38F20A78,2026-02-18,11:57:49,16.5,100.0,4.0,22.904,121.124
74DA38F207DE,2026-02-18,11:57:55,22.25,100.0,29.0,22.603,120.34
74DA38F210E4,2026-02-18,11:57:58,18.25,100.0,18.0,23.24,120.696
74DA38F7C47E,2026-02-18,11:58:01,15.5,100.0,34.0,25.053963,121.427681
74DA38F7C37C,2026-02-18,11:58:17,12.62,100.0,1.0,25.111,121.856
74DA38F209F8,2026-02-18,11:58:18,16.62,100.0,0.0,23.157,121.4
74DA38F7C3D6,2026-02-18,11:58:25,15.75,100.0,0.0,25.045,121.541
74DA38F20D70,2026-02-18,11:58:26,16.5,100.0,2.0,23.05,121.164
74DA38F21136,2026-02-18,11:58:32,15.25,100.0,18.0,25.119,121.505
74DA38F7C570,2026-02-18,11:58:40,14.62,100.0,0.0,25.239,121.63
74DA38F7C514,2026-02-18,11:58:45,15.87,100.0,27.0,25.051,121.518
74DA38ED05B6,2026-02-18,11:58:46,17.37,100.0,20.0,23.43,121.348
74DA38F20C22,2026-02-18,11:58:51,20.75,100.0,1.0,22.729,120.357
74DA38F2113E,2026-02-18,11:58:55,-4.0,0.0,5.0,22.728,120.313
74DA38ED059C,2026-02-18,11:58:57,15.62,100.0,13.0,23.706,121.412
74DA38F7C63C,2026-02-18,11:58:57,85.25,100.0,18.0,24.998,121.425
74DA38F7C5BE,2026-02-18,11:59:00,15.87,81.0,28.0,25.092,121.523
74DA38F7C524,2026-02-18,11:59:02,13.62,100.0,63.0,25.002,121.552
74DA38ED06E0,2026-02-18,11:59:07,19.12,94.0,0.0,23.601,121.521
74DA38F2118E,2026-02-18,11:59:07,12.62,100.0,40.0,26.148,119.935
74DA38F21054,2026-02-18,11:59:10,24.5,61.0,20.0,22.898,120.627
74DA38F20AE6,2026-02-18,11:59:18,25.12,100.0,12.0,22.63,120.348
74DA38F20DC0,2026-02-18,11:59:18,20.25,100.0,0.0,22.711,120.295
74DA38F20D2E,2026-02-18,11:59:20,15.62,100.0,0.0,25.06,121.545
74DA38F20E34,2026-02-18,11:59:25,21.62,75.0,20.0,22.586,120.313
74DA38F209A8,2026-02-18,11:59:30,-4.0,0.0,0.0,22.401,120.577
74DA38F20A30,2026-02-18,11:59:42,15.0,89.0,1.0,24.948,121.372
74DA38F209A4,2026-02-18,11:59:46,22.37,100.0,0.0,22.702,120.572
74DA38F20F0A,2026-02-18,11:59:58,21.12,100.0,20.0,22.995,120.635
74DA38ED0454,2026-02-18,12:00:05,18.37,100.0,21.0,24.053,121.599
74DA38F21204,2026-02-18,12:00:07,21.0,100.0,7.0,25.062,121.451
74DA38F7C366,2026-02-18,12:00:07,15.37,100.0,16.0,25.002,121.516
74DA38F209EE,2026-02-18,12:00:11,19.75,100.0,0.0,23.026,121.33
74DA38F20B26,2026-02-18,12:00:16,21.12,100.0,21.0,22.783,120.247
74DA38F20DE0,2026-02-18,12:00:16,22.37,100.0,0.0,22.589,120.328
74DA38F7C562,2026-02-18,12:00:20,14.25,100.0,29.0,25.021,121.418
74DA38F20B80,2026-02-18,12:00:27,21.25,100.0,0.0,22.599,120.35
74DA38F7C53C,2026-02-18,12:00:27,14.0,100.0,0.0,25.11,121.804
74DA38F7C30E,2026-02-18,12:00:33,14.87,100.0,22.0,24.949,121.382
74DA38F20D16,2026-02-18,12:00:34,16.12,100.0,30.0,25.062,121.526
74DA38F21048,2026-02-18,12:00:38,22.0,100.0,23.0,22.595,120.341
74DA38F7C616,2026-02-18,12:00:40,15.5,100.0,0.0,25.031,121.563
74DA38F7C5A0,2026-02-18,12:00:41,15.37,91.0,1.0,25.107,121.518
74DA38F7C31C,2026-02-18,12:00:43,14.62,100.0,2.0,24.93,121.372
74DA38F2104E,2026-02-18,12:00:44,21.12,100.0,32.0,23.108,120.7
74DA38F7C5CE,2026-02-18,12:00:44,14.75,89.0,1.0,25.066,121.656
74DA38F20D1E,2026-02-18,12:00:49,15.75,100.0,36.0,25.048,121.573
74DA38F7C3BA,2026-02-18,12:00:55,118.87,46.0,126.0,25.174,121.441
74DA38F7C41E,2026-02-18,12:00:57,16.5,76.0,24.0,25.054,121.517
74DA38F7C464,2026-02-18,12:01:00,13.87,32.0,0.0,25.006,121.413
74DA38F20976,2026-02-18,12:01:02,15.62,85.0,31.0,25.127,121.746
74DA38F20EB2,2026-02-18,12:01:02,9.12,100.0,32.0,24.324,120.835
74DA38F210A2,2026-02-18,12:01:05,15.25,100.0,7.0,25.12,121.466
74DA38F209DE,2026-02-18,12:01:08,15.0,100.0,3.0,24.861,120.964
74DA38F20DD0,2026-02-18,12:01:11,20.37,100.0,0.0,22.6080258,120.3229833
74DA38F20E9E,2026-02-18,12:01:18,14.87,100.0,26.0,24.648,121.151
74DA38F7C3DC,2026-02-18,12:01:23,14.62,100.0,31.0,25.003,121.539
74DA38F21088,2026-02-18,12:01:42,15.5,100.0,0.0,25.068,121.588
74DA38ED04F2,2026-02-18,12:02:00,17.25,100.0,7.0,23.468,121.496
74DA38F7C610,2026-02-18,12:02:05,17.12,81.0,25.0,25.063,121.564
74DA38F20D4C,2026-02-18,12:02:07,19.12,100.0,0.0,22.971,121.303
74DA38F7C4CC,2026-02-18,12:02:08,15.25,100.0,18.0,25.062,121.451
74DA38F7C3B2,2026-02-18,12:02:15,18.87,67.0,13.0,24.929,121.378
74DA38ED0630,2026-02-18,12:02:18,18.0,99.0,0.0,23.994,121.594
74DA38F7C566,2026-02-18,12:02:22,16.62,100.0,0.0,25.051,121.448
74DA38F7C40C,2026-02-18,12:02:24,14.87,100.0,0.0,24.995,121.52
74DA38F7C560,2026-02-18,12:02:24,15.25,100.0,0.0,25.079,121.671
74DA38ED05EA,2026-02-18,12:02:27,17.12,100.0,28.0,23.394,121.357
74DA38F21024,2026-02-18,12:02:30,15.5,100.0,0.0,24.93,121.036
74DA38F20AAA,2026-02-18,12:02:35,14.37,100.0,13.0,24.6,120.999
74DA38F7C29C,2026-02-18,12:02:38,15.75,100.0,25.0,25.02,121.416
74DA38F20E6E,2026-02-18,12:02:45,12.5,90.0,0.0,24.41,120.902
74DA38F7C4DE,2026-02-18,12:02:48,15.25,100.0,0.0,25.09,121.462
74DA38F7C47C,2026-02-18,12:02:49,15.87,99.0,0.0,25.055,121.455
74DA38F210F6,2026-02-18,12:03:06,20.37,100.0,5.0,22.757426,121.158891
74DA38F7C59C,2026-02-18,12:03:13,15.25,77.0,32.0,25.103,121.487
74DA38F20D1A,2026-02-18,12:03:19,15.5,85.0,0.0,25.078,121.541
74DA38F20AA4,2026-02-18,12:03:24,24.75,84.0,25.0,22.685,120.492
74DA38F20902,2026-02-18,12:03:27,20.62,99.0,1.0,22.204,120.7
74DA38F7C5E6,2026-02-18,12:03:32,15.87,100.0,16.0,25.107,121.843
74DA38F20D2A,2026-02-18,12:03:33,16.0,72.0,0.0,25.048,121.573
74DA38F20B82,2026-02-18,12:03:34,-4.0,0.0,2.0,22.847,120.465
74DA38F20BE4,2026-02-18,12:03:34,13.75,100.0,40.0,24.791,120.957
74DA38F209B2,2026-02-18,12:03:35,21.5,100.0,0.0,22.363,120.599
74DA38F208E2,2026-02-18,12:03:36,15.62,100.0,33.0,24.688,121.766
74DA38F7C30C,2026-02-18,12:03:36,15.5,97.0,0.0,24.975,121.532
74DA38ED0640,2026-02-18,12:03:37,15.37,100.0,4.0,23.154,121.266
74DA38F20C26,2026-02-18,12:03:37,21.87,70.0,24.0,22.676,120.342
74DA38F7C3DE,2026-02-18,12:03:39,16.0,100.0,296.0,24.972,121.537
74DA38F7C600,2026-02-18,12:03:45,21.0,57.0,12.0,25.07,121.586
74DA38F7C338,2026-02-18,12:03:53,18.0,95.0,23.0,25.011,121.458
74DA38F20A78,2026-02-18,12:03:56,16.37,100.0,4.0,22.904,121.124
74DA38F20B88,2026-02-18,12:04:01,19.62,100.0,0.0,22.75,120.316
74DA38F7C39A,2026-02-18,12:04:05,15.5,100.0,1.0,25.002,121.414
74DA38F207DE,2026-02-18,12:04:06,22.25,100.0,30.0,22.603,120.34
74DA38F210E4,2026-02-18,12:04:06,18.12,100.0,15.0,23.24,120.696
74DA38F7C47E,2026-02-18,12:04:12,15.62,100.0,34.0,25.053963,121.427681
74DA38F20BCA,2026-02-18,12:04:18,15.12,100.0,0.0,25.079,121.58
74DA38F20D70,2026-02-18,12:04:34,16.5,100.0,1.0,23.05,121.164
74DA38F21136,2026-02-18,12:04:41,15.25,100.0,18.0,25.119,121.505
74DA38F209F8,2026-02-18,12:04:47,16.5,100.0,0.0,23.157,121.4
74DA38F7C37C,2026-02-18,12:04:48,12.75,100.0,0.0,25.111,121.856
74DA38F7C3D6,2026-02-18,12:04:55,15.75,100.0,0.0,25.045,121.541
74DA38ED05B6,2026-02-18,12:04:57,16.87,100.0,20.0,23.43,121.348
74DA38F7C514,2026-02-18,12:04:57,15.75,100.0,27.0,25.051,121.518
74DA38ED059C,2026-02-18,12:05:07,15.75,100.0,12.0,23.706,121.412
74DA38F7C63C,2026-02-18,12:05:07,85.25,100.0,17.0,24.998,121.425
74DA38F7C570,2026-02-18,12:05:10,14.75,100.0,0.0,25.239,121.63
74DA38F7C5BE,2026-02-18,12:05:12,16.0,80.0,28.0,25.092,121.523
74DA38ED06E0,2026-02-18,12:05:16,19.12,94.0,0.0,23.601,121.521
74DA38F21054,2026-02-18,12:05:18,24.5,61.0,19.0,22.898,120.627
74DA38F20C22,2026-02-18,12:05:19,20.75,100.0,1.0,22.729,120.357
74DA38F20AE6,2026-02-18,12:05:26,25.12,100.0,11.0,22.63,120.348
74DA38F20E34,2026-02-18,12:05:37,21.5,75.0,20.0,22.586,120.313
74DA38F7C524,2026-02-18,12:05:38,13.62,100.0,64.0,25.002,121.552
74DA38F2118E,2026-02-18,12:05:42,12.5,100.0,45.0,26.148,119.935
74DA38F20BD0,2026-02-18,12:05:43,-4.0,0.0,27.0,22.688,120.408
74DA38F20DC0,2026-02-18,12:05:50,20.12,100.0,0.0,22.711,120.295
74DA38F20D2E,2026-02-18,12:05:51,15.62,100.0,1.0,25.06,121.545
74DA38F7C260,2026-02-18,12:06:02,15.5,100.0,0.0,25.065,121.425
74DA38F20F0A,2026-02-18,12:06:09,21.12,100.0,21.0,22.995,120.635
74DA38F20A30,2026-02-18,12:06:12,15.0,89.0,1.0,24.948,121.372
74DA38F209A4,2026-02-18,12:06:15,22.25,100.0,0.0,22.702,120.572
74DA38F7C366,2026-02-18,12:06:16,15.25,100.0,15.0,25.002,121.516
74DA38F2113E,2026-02-18,12:06:17,-4.0,0.0,7.0,22.728,120.313
74DA38F209EE,2026-02-18,12:06:18,19.62,100.0,0.0,23.026,121.33
74DA38F21204,2026-02-18,12:06:18,21.0,100.0,8.0,25.062,121.451
74DA38F20B26,2026-02-18,12:06:29,21.0,100.0,23.0,22.783,120.247
74DA38F7C562,2026-02-18,12:06:34,14.37,100.0,29.0,25.021,121.418
74DA38F7C30E,2026-02-18,12:06:44,14.87,100.0,21.0,24.949,121.382
74DA38F20B5C,2026-02-18,12:06:45,-4.0,0.0,36.0,22.798,120.293
74DA38F20D16,2026-02-18,12:06:46,16.12,100.0,30.0,25.062,121.526
74DA38F20DE0,2026-02-18,12:06:46,22.5,100.0,0.0,22.589,120.328
74DA38F7C53C,2026-02-18,12:06:55,14.0,100.0,0.0,25.11,121.804
74DA38F20B80,2026-02-18,12:06:57,21.12,100.0,0.0,22.599,120.35
74DA38F7C3BA,2026-02-18,12:06:57,118.87,46.0,126.0,25.174,121.441
74DA38F2104E,2026-02-18,12:06:58,21.12,100.0,33.0,23.108,120.7
74DA38F20D1E,2026-02-18,12:07:02,15.87,100.0,34.0,25.048,121.573
74DA38F7C41E,2026-02-18,12:07:10,16.5,76.0,24.0,25.054,121.517
74DA38F20976,2026-02-18,12:07:11,15.62,85.0,31.0,25.127,121.746
74DA38F21048,2026-02-18,12:07:11,22.0,100.0,23.0,22.595,120.341
74DA38F7C5A0,2026-02-18,12:07:12,15.37,91.0,0.0,25.107,121.518
74DA38F210A2,2026-02-18,12:07:13,15.25,100.0,6.0,25.12,121.466
74DA38F7C5CE,2026-02-18,12:07:13,14.75,89.0,1.0,25.066,121.656
74DA38F7C31C,2026-02-18,12:07:14,14.75,100.0,3.0,24.93,121.372
74DA38F20EB2,2026-02-18,12:07:19,9.0,100.0,33.0,24.324,120.835
74DA38F7C464,2026-02-18,12:07:31,13.87,32.0,2.0,25.006,121.413
74DA38F20E9E,2026-02-18,12:07:36,14.87,100.0,26.0,24.648,121.151
74DA38F7C3DC,2026-02-18,12:07:36,14.62,100.0,32.0,25.003,121.539
74DA38F209DE,2026-02-18,12:07:39,14.87,100.0,5.0,24.861,120.964
74DA38F20DD0,2026-02-18,12:07:42,20.12,100.0,1.0,22.6080258,120.3229833
74DA38F21088,2026-02-18,12:08:13,15.62,100.0,0.0,25.068,121.588
74DA38F7C610,2026-02-18,12:08:16,17.12,81.0,25.0,25.063,121.564
74DA38F7C4CC,2026-02-18,12:08:19,15.25,100.0,18.0,25.062,121.451
74DA38ED04F2,2026-02-18,12:08:20,17.37,100.0,8.0,23.468,121.496
74DA38F7C3B2,2026-02-18,12:08:26,18.87,67.0,14.0,24.929,121.378
74DA38F7C40C,2026-02-18,12:08:33,14.75,100.0,0.0,24.995,121.52
74DA38F20D4C,2026-02-18,12:08:37,19.0,100.0,0.0,22.971,121.303
74DA38ED05EA,2026-02-18,12:08:40,17.12,100.0,26.0,23.394,121.357
74DA38F20AAA,2026-02-18,12:08:44,14.37,100.0,11.0,24.6,120.999
74DA38F20E6E,2026-02-18,12:08:48,12.5,89.0,0.0,24.41,120.902
74DA38ED0630,2026-02-18,12:08:49,18.0,99.0,0.0,23.994,121.594
74DA38F7C29C,2026-02-18,12:08:52,15.75,100.0,26.0,25.02,121.416
74DA38F7C560,2026-02-18,12:08:54,15.25,100.0,0.0,25.079,121.671
74DA38F7C4DE,2026-02-18,12:08:57,15.12,100.0,0.0,25.09,121.462
74DA38F7C47C,2026-02-18,12:08:59,15.75,98.0,0.0,25.055,121.455
74DA38F21024,2026-02-18,12:09:00,15.5,100.0,0.0,24.93,121.036
74DA38F7C566,2026-02-18,12:09:01,16.5,100.0,0.0,25.051,121.448
74DA38F209A8,2026-02-18,12:09:11,-4.0,0.0,0.0,22.401,120.577
74DA38F210F6,2026-02-18,12:09:12,20.37,100.0,8.0,22.757426,121.158891
74DA38F7C59C,2026-02-18,12:09:24,15.25,77.0,32.0,25.103,121.487
74DA38F20902,2026-02-18,12:09:34,20.5,99.0,0.0,22.204,120.7
74DA38F20AA4,2026-02-18,12:09:34,24.75,83.0,25.0,22.685,120.492
74DA38F7C3DE,2026-02-18,12:09:36,15.87,100.0,293.0,24.972,121.537
74DA38F7C5E6,2026-02-18,12:09:42,15.87,100.0,16.0,25.107,121.843
74DA38F7C30C,2026-02-18,12:09:44,15.37,97.0,0.0,24.975,121.532
74DA38ED0640,2026-02-18,12:09:45,15.37,100.0,4.0,23.154,121.266
74DA38F208E2,2026-02-18,12:09:46,15.5,100.0,32.0,24.688,121.766
74DA38F20C26,2026-02-18,12:09:47,21.87,70.0,24.0,22.676,120.342
74DA38F20D1A,2026-02-18,12:09:48,15.37,85.0,0.0,25.078,121.541
74DA38F20BE4,2026-02-18,12:09:49,13.75,100.0,40.0,24.791,120.957
74DA38F7C600,2026-02-18,12:09:52,20.75,58.0,11.0,25.07,121.586
74DA38F20A78,2026-02-18,12:10:04,16.25,100.0,5.0,22.904,121.124
74DA38F20D2A,2026-02-18,12:10:04,16.0,72.0,1.0,25.048,121.573
74DA38F209B2,2026-02-18,12:10:05,21.5,100.0,0.0,22.363,120.599
74DA38F210E4,2026-02-18,12:10:14,18.25,100.0,17.0,23.24,120.696
74DA38F207DE,2026-02-18,12:10:16,21.87,100.0,32.0,22.603,120.34
74DA38F7C47E,2026-02-18,12:10:27,15.37,100.0,34.0,25.053963,121.427681
74DA38F20B88,2026-02-18,12:10:32,19.62,100.0,0.0,22.75,120.316
74DA38F7C39A,2026-02-18,12:10:34,15.37,100.0,0.0,25.002,121.414
74DA38F7C338,2026-02-18,12:10:41,17.87,95.0,22.0,25.011,121.458
74DA38F20D70,2026-02-18,12:10:42,16.62,100.0,2.0,23.05,121.164
74DA38F20BCA,2026-02-18,12:10:51,15.12,100.0,0.0,25.079,121.58
74DA38F21136,2026-02-18,12:10:51,15.25,100.0,17.0,25.119,121.505
74DA38ED05B6,2026-02-18,12:11:05,16.5,100.0,20.0,23.43,121.348
74DA38F7C514,2026-02-18,12:11:11,15.75,100.0,27.0,25.051,121.518
74DA38F209F8,2026-02-18,12:11:14,16.37,100.0,0.0,23.157,121.4
74DA38ED059C,2026-02-18,12:11:19,15.75,100.0,12.0,23.706,121.412
74DA38F7C37C,2026-02-18,12:11:19,12.62,100.0,0.0,25.111,121.856
74DA38F7C63C,2026-02-18,12:11:19,85.25,100.0,18.0,24.998,121.425
74DA38F7C3D6,2026-02-18,12:11:24,15.87,100.0,0.0,25.045,121.541
74DA38ED06E0,2026-02-18,12:11:25,19.12,94.0,0.0,23.601,121.521
74DA38F7C5BE,2026-02-18,12:11:25,15.87,80.0,28.0,25.092,121.523
74DA38F21054,2026-02-18,12:11:26,24.5,61.0,20.0,22.898,120.627
74DA38F20AE6,2026-02-18,12:11:34,25.12,100.0,12.0,22.63,120.348
74DA38F7C570,2026-02-18,12:11:42,14.62,100.0,1.0,25.239,121.63
74DA38F20C22,2026-02-18,12:11:50,20.62,100.0,1.0,22.729,120.357
74DA38F20E34,2026-02-18,12:11:50,21.5,75.0,22.0,22.586,120.313
74DA38F7C524,2026-02-18,12:12:14,13.62,100.0,62.0,25.002,121.552
74DA38F20F0A,2026-02-18,12:12:18,21.12,100.0,29.0,22.995,120.635
74DA38F20DC0,2026-02-18,12:12:19,20.12,100.0,0.0,22.711,120.295
74DA38F20D2E,2026-02-18,12:12:20,15.62,100.0,0.0,25.06,121.545
74DA38F2118E,2026-02-18,12:12:20,12.62,100.0,44.0,26.148,119.935
74DA38F209EE,2026-02-18,12:12:25,19.62,100.0,0.0,23.026,121.33
74DA38F7C366,2026-02-18,12:12:26,15.25,100.0,14.0,25.002,121.516
74DA38F21204,2026-02-18,12:12:28,21.0,100.0,8.0,25.062,121.451
74DA38F20B26,2026-02-18,12:12:40,21.0,100.0,22.0,22.783,120.247
74DA38F20A30,2026-02-18,12:12:43,15.0,89.0,0.0,24.948,121.372
74DA38F209A4,2026-02-18,12:12:46,22.12,100.0,1.0,22.702,120.572
74DA38F7C260,2026-02-18,12:12:46,15.37,100.0,0.0,25.065,121.425
74DA38F7C562,2026-02-18,12:12:47,14.62,100.0,28.0,25.021,121.418
74DA38F7C3BA,2026-02-18,12:12:57,118.87,46.0,128.0,25.174,121.441
74DA38ED0454,2026-02-18,12:12:58,18.5,100.0,16.0,24.053,121.599
74DA38F20D16,2026-02-18,12:13:00,16.0,100.0,30.0,25.062,121.526
74DA38F20B82,2026-02-18,12:13:09,-4.0,0.0,2.0,22.847,120.465
74DA38F2104E,2026-02-18,12:13:09,21.0,100.0,32.0,23.108,120.7
74DA38F20D1E,2026-02-18,12:13:15,15.87,100.0,33.0,25.048,121.573
74DA38F20DE0,2026-02-18,12:13:17,22.37,100.0,0.0,22.589,120.328
74DA38F210A2,2026-02-18,12:13:22,15.37,100.0,7.0,25.12,121.466
74DA38F20976,2026-02-18,12:13:24,15.62,87.0,31.0,25.127,121.746
74DA38F7C41E,2026-02-18,12:13:25,16.5,76.0,25.0,25.054,121.517
74DA38F7C53C,2026-02-18,12:13:26,14.0,100.0,0.0,25.11,121.804
74DA38F7C616,2026-02-18,12:13:30,15.37,100.0,0.0,25.031,121.563
74DA38F20B80,2026-02-18,12:13:31,20.87,100.0,0.0,22.599,120.35
74DA38F20EB2,2026-02-18,12:13:32,9.0,100.0,32.0,24.324,120.835
74DA38F2113E,2026-02-18,12:13:37,-4.0,0.0,5.0,22.728,120.313
74DA38F7C5A0,2026-02-18,12:13:44,15.37,91.0,0.0,25.107,121.518
74DA38F7C5CE,2026-02-18,12:13:44,14.87,89.0,0.0,25.066,121.656
74DA38F21048,2026-02-18,12:13:45,21.87,100.0,26.0,22.595,120.341
74DA38F7C31C,2026-02-18,12:13:46,14.75,100.0,1.0,24.93,121.372
74DA38F7C3DC,2026-02-18,12:13:47,14.5,100.0,30.0,25.003,121.539
74DA38F20E9E,2026-02-18,12:13:51,14.87,100.0,26.0,24.648,121.151
74DA38F7C464,2026-02-18,12:14:03,13.87,33.0,1.0,25.006,121.413
74DA38F209DE,2026-02-18,12:14:11,15.0,100.0,6.0,24.861,120.964
74DA38F20DD0,2026-02-18,12:14:16,20.12,100.0,1.0,22.6080258,120.3229833
74DA38F7C4CC,2026-02-18,12:14:29,15.12,100.0,18.0,25.062,121.451
74DA38F7C610,2026-02-18,12:14:30,17.12,80.0,25.0,25.063,121.564
74DA38F7C3B2,2026-02-18,12:14:34,18.87,67.0,14.0,24.929,121.378
74DA38ED04F2,2026-02-18,12:14:36,17.37,100.0,11.0,23.468,121.496
74DA38F7C40C,2026-02-18,12:14:41,14.87,100.0,0.0,24.995,121.52
74DA38F21088,2026-02-18,12:14:44,15.5,100.0,0.0,25.068,121.588
74DA38ED05EA,2026-02-18,12:14:50,17.12,100.0,22.0,23.394,121.357
74DA38F20E6E,2026-02-18,12:14:51,12.5,90.0,0.0,24.41,120.902
74DA38F20AAA,2026-02-18,12:14:54,14.37,100.0,13.0,24.6,120.999
74DA38F7C29C,2026-02-18,12:15:04,15.87,100.0,26.0,25.02,121.416
74DA38F20D4C,2026-02-18,12:15:06,19.0,100.0,0.0,22.971,121.303
74DA38F7C4DE,2026-02-18,12:15:07,15.12,100.0,0.0,25.09,121.462
74DA38F7C47C,2026-02-18,12:15:09,15.75,98.0,0.0,25.055,121.455
74DA38F210F6,2026-02-18,12:15:19,20.5,100.0,13.0,22.757426,121.158891
74DA38ED0630,2026-02-18,12:15:20,18.25,100.0,0.0,23.994,121.594
74DA38F7C560,2026-02-18,12:15:24,15.25,100.0,0.0,25.079,121.671
74DA38F21024,2026-02-18,12:15:29,15.5,100.0,0.0,24.93,121.036
74DA38F7C566,2026-02-18,12:15:32,16.62,100.0,0.0,25.051,121.448
74DA38F7C59C,2026-02-18,12:15:34,15.25,77.0,31.0,25.103,121.487
74DA38F7C3DE,2026-02-18,12:15:35,15.87,100.0,297.0,24.972,121.537
74DA38F20902,2026-02-18,12:15:42,20.5,99.0,1.0,22.204,120.7
74DA38F20AA4,2026-02-18,12:15:43,24.62,83.0,24.0,22.685,120.492
74DA38F7C5E6,2026-02-18,12:15:53,15.87,100.0,16.0,25.107,121.843
74DA38ED0640,2026-02-18,12:15:54,15.37,100.0,5.0,23.154,121.266
74DA38F7C30C,2026-02-18,12:15:54,15.37,96.0,0.0,24.975,121.532
74DA38F208E2,2026-02-18,12:15:58,15.5,100.0,32.0,24.688,121.766
74DA38F20C26,2026-02-18,12:15:58,21.75,70.0,24.0,22.676,120.342
74DA38F7C600,2026-02-18,12:15:59,20.62,58.0,11.0,25.07,121.586
74DA38F20BE4,2026-02-18,12:16:03,13.75,100.0,41.0,24.791,120.957
74DA38F20A78,2026-02-18,12:16:11,16.25,100.0,5.0,22.904,121.124
74DA38F20B5C,2026-02-18,12:16:11,-4.0,0.0,47.0,22.798,120.293
74DA38F20BD0,2026-02-18,12:16:17,-4.0,0.0,24.0,22.688,120.408
74DA38F20D1A,2026-02-18,12:16:19,15.37,85.0,1.0,25.078,121.541
74DA38F210E4,2026-02-18,12:16:27,18.12,100.0,22.0,23.24,120.696
74DA38F207DE,2026-02-18,12:16:30,21.62,100.0,33.0,22.603,120.34
74DA38F209B2,2026-02-18,12:16:34,21.62,100.0,0.0,22.363,120.599
74DA38F20D2A,2026-02-18,12:16:36,16.0,72.0,0.0,25.048,121.573
74DA38F7C47E,2026-02-18,12:16:42,15.5,100.0,33.0,25.053963,121.427681
74DA38F20D70,2026-02-18,12:16:49,16.62,100.0,1.0,23.05,121.164
74DA38F21136,2026-02-18,12:17:01,15.25,100.0,18.0,25.119,121.505
74DA38F20B88,2026-02-18,12:17:02,19.5,100.0,0.0,22.75,120.316
74DA38F7C39A,2026-02-18,12:17:03,15.37,100.0,0.0,25.002,121.414
74DA38ED05B6,2026-02-18,12:17:13,16.37,100.0,19.0,23.43,121.348
74DA38F7C514,2026-02-18,12:17:21,15.62,100.0,27.0,25.051,121.518
74DA38F20BCA,2026-02-18,12:17:22,14.87,99.0,1.0,25.079,121.58
74DA38F7C63C,2026-02-18,12:17:28,85.25,100.0,17.0,24.998,121.425
74DA38ED059C,2026-02-18,12:17:30,15.75,100.0,13.0,23.706,121.412
74DA38F21054,2026-02-18,12:17:33,24.5,61.0,19.0,22.898,120.627
74DA38ED06E0,2026-02-18,12:17:34,19.12,94.0,0.0,23.601,121.521
74DA38F7C5BE,2026-02-18,12:17:39,15.62,80.0,28.0,25.092,121.523
74DA38F20AE6,2026-02-18,12:17:41,25.12,100.0,12.0,22.63,120.348
74DA38F209F8,2026-02-18,12:17:45,16.5,100.0,6.0,23.157,121.4
74DA38F7C37C,2026-02-18,12:17:48,12.62,100.0,0.0,25.111,121.856
74DA38F7C3D6,2026-02-18,12:17:53,15.87,100.0,0.0,25.045,121.541
74DA38F20D6C,2026-02-18,12:17:59,21.62,76.0,0.0,22.661,120.301
74DA38F20E34,2026-02-18,12:18:00,21.5,74.0,21.0,22.586,120.313
74DA38F7C570,2026-02-18,12:18:12,14.62,100.0,0.0,25.239,121.63
74DA38F20C22,2026-02-18,12:18:19,20.75,100.0,1.0,22.729,120.357
74DA38F20F0A,2026-02-18,12:18:28,21.0,100.0,27.0,22.995,120.635
74DA38F209EE,2026-02-18,12:18:32,19.62,100.0,0.0,23.026,121.33
74DA38F7C366,2026-02-18,12:18:36,15.12,100.0,15.0,25.002,121.516
74DA38F21204,2026-02-18,12:18:42,20.87,100.0,22.0,25.062,121.451
74DA38F20DC0,2026-02-18,12:18:48,20.0,100.0,0.0,22.711,120.295
74DA38F20D2E,2026-02-18,12:18:50,15.62,100.0,0.0,25.06,121.545
74DA38F7C524,2026-02-18,12:18:50,13.62,100.0,62.0,25.002,121.552
74DA38F209A8,2026-02-18,12:18:53,-4.0,0.0,0.0,22.401,120.577
74DA38F20B26,2026-02-18,12:18:54,21.0,100.0,22.0,22.783,120.247
74DA38F2118E,2026-02-18,12:18:55,12.62,100.0,45.0,26.148,119.935
74DA38F7C3BA,2026-02-18,12:18:59,118.87,46.0,129.0,25.174,121.441
74DA38F7C562,2026-02-18,12:18:59,14.37,100.0,29.0,25.021,121.418
74DA38F20D16,2026-02-18,12:19:13,16.0,100.0,30.0,25.062,121.526
74DA38F7C30E,2026-02-18,12:19:13,14.75,100.0,21.0,24.949,121.382
74DA38F209A4,2026-02-18,12:19:18,22.12,100.0,1.0,22.702,120.572
74DA38F20A30,2026-02-18,12:19:22,15.0,89.0,0.0,24.948,121.372
74DA38F7C260,2026-02-18,12:19:22,15.37,100.0,0.0,25.065,121.425
74DA38ED0454,2026-02-18,12:19:29,18.37,100.0,22.0,24.053,121.599
74DA38F210A2,2026-02-18,12:19:31,15.5,100.0,6.0,25.12,121.466
74DA38F20D1E,2026-02-18,12:19:33,15.87,100.0,34.0,25.048,121.573
74DA38F7C41E,2026-02-18,12:19:37,16.5,76.0,24.0,25.054,121.517
74DA38F20976,2026-02-18,12:19:39,15.62,86.0,33.0,25.127,121.746
74DA38F20DE0,2026-02-18,12:19:45,22.37,100.0,0.0,22.589,120.328
74DA38F20EB2,2026-02-18,12:19:46,9.0,100.0,32.0,24.324,120.835
74DA38F7C53C,2026-02-18,12:19:56,14.0,100.0,0.0,25.11,121.804
74DA38F7C3DC,2026-02-18,12:19:58,14.5,100.0,30.0,25.003,121.539
74DA38F20B80,2026-02-18,12:19:59,20.87,100.0,0.0,22.599,120.35
74DA38F20E9E,2026-02-18,12:20:05,14.75,100.0,25.0,24.648,121.151
74DA38F7C5CE,2026-02-18,12:20:13,14.87,88.0,1.0,25.066,121.656
74DA38F7C5A0,2026-02-18,12:20:14,15.37,91.0,1.0,25.107,121.518
74DA38F7C31C,2026-02-18,12:20:15,14.62,100.0,3.0,24.93,121.372
74DA38F21048,2026-02-18,12:20:17,21.75,100.0,27.0,22.595,120.341
74DA38F7C464,2026-02-18,12:20:33,14.0,34.0,1.0,25.006,121.413
74DA38F7C4CC,2026-02-18,12:20:40,15.25,100.0,20.0,25.062,121.451
74DA38F7C3B2,2026-02-18,12:20:42,19.0,67.0,13.0,24.929,121.378
74DA38F7C610,2026-02-18,12:20:43,17.12,80.0,25.0,25.063,121.564
74DA38F209DE,2026-02-18,12:20:44,15.12,100.0,9.0,24.861,120.964
74DA38F20DD0,2026-02-18,12:20:46,20.0,100.0,0.0,22.6080258,120.3229833
74DA38F7C40C,2026-02-18,12:20:52,14.75,100.0,0.0,24.995,121.52
74DA38F20E6E,2026-02-18,12:20:55,12.5,90.0,0.0,24.41,120.902
74DA38ED04F2,2026-02-18,12:21:02,17.25,100.0,8.0,23.468,121.496
74DA38ED05EA,2026-02-18,12:21:03,17.12,100.0,24.0,23.394,121.357
74DA38F20AAA,2026-02-18,12:21:04,14.5,100.0,13.0,24.6,120.999
74DA38F21088,2026-02-18,12:21:14,15.37,100.0,0.0,25.068,121.588
74DA38F7C29C,2026-02-18,12:21:17,15.87,100.0,26.0,25.02,121.416
74DA38F7C47C,2026-02-18,12:21:20,15.87,98.0,0.0,25.055,121.455
74DA38F210F6,2026-02-18,12:21:27,20.5,100.0,8.0,22.757426,121.158891
74DA38F7C3DE,2026-02-18,12:21:31,15.87,100.0,299.0,24.972,121.537
74DA38F7C4DE,2026-02-18,12:21:32,15.12,100.0,0.0,25.09,121.462
74DA38F20D4C,2026-02-18,12:21:35,18.87,100.0,0.0,22.971,121.303
74DA38F7C59C,2026-02-18,12:21:44,15.12,77.0,32.0,25.103,121.487
74DA38F20902,2026-02-18,12:21:48,20.5,99.0,1.0,22.204,120.7
74DA38F20AA4,2026-02-18,12:21:51,24.62,84.0,25.0,22.685,120.492
74DA38F7C560,2026-02-18,12:21:52,15.25,100.0,0.0,25.079,121.671
74DA38F21024,2026-02-18,12:21:59,15.62,100.0,0.0,24.93,121.036
74DA38F7C566,2026-02-18,12:22:00,16.5,100.0,0.0,25.051,121.448
74DA38ED0640,2026-02-18,12:22:04,15.25,100.0,5.0,23.154,121.266
74DA38F7C5E6,2026-02-18,12:22:04,15.87,100.0,16.0,25.107,121.843
74DA38ED0630,2026-02-18,12:22:06,18.12,99.0,0.0,23.994,121.594
74DA38F7C30C,2026-02-18,12:22:06,15.37,96.0,0.0,24.975,121.532
74DA38F7C600,2026-02-18,12:22:06,20.62,58.0,11.0,25.07,121.586
74DA38F20C26,2026-02-18,12:22:08,21.62,70.0,26.0,22.676,120.342
74DA38F208E2,2026-02-18,12:22:10,15.37,100.0,32.0,24.688,121.766
74DA38F20BE4,2026-02-18,12:22:17,13.75,100.0,41.0,24.791,120.957
74DA38F20A78,2026-02-18,12:22:20,16.37,100.0,4.0,22.904,121.124
74DA38F207DE,2026-02-18,12:22:41,21.5,100.0,33.0,22.603,120.34
74DA38F210E4,2026-02-18,12:22:42,18.12,100.0,21.0,23.24,120.696
74DA38F20B82,2026-02-18,12:22:43,-4.0,0.0,2.0,22.847,120.465
74DA38F20D1A,2026-02-18,12:22:49,15.37,85.0,0.0,25.078,121.541
74DA38F7C47E,2026-02-18,12:22:55,15.75,100.0,34.0,25.053963,121.427681
74DA38F20D70,2026-02-18,12:23:00,16.5,100.0,1.0,23.05,121.164
74DA38F209B2,2026-02-18,12:23:04,21.5,100.0,0.0,22.363,120.599
74DA38F20D2A,2026-02-18,12:23:07,16.0,72.0,0.0,25.048,121.573
74DA38F21136,2026-02-18,12:23:11,15.12,100.0,17.0,25.119,121.505
74DA38ED05B6,2026-02-18,12:23:24,16.25,100.0,33.0,23.43,121.348
74DA38F20B88,2026-02-18,12:23:31,19.5,100.0,0.0,22.75,120.316
74DA38F7C39A,2026-02-18,12:23:32,15.37,100.0,0.0,25.002,121.414
74DA38F7C63C,2026-02-18,12:23:37,85.25,100.0,17.0,24.998,121.425
74DA38F7C338,2026-02-18,12:23:38,17.87,95.0,24.0,25.011,121.458
74DA38F7C514,2026-02-18,12:23:39,15.75,100.0,27.0,25.051,121.518
74DA38ED059C,2026-02-18,12:23:41,15.62,100.0,16.0,23.706,121.412
74DA38F21054,2026-02-18,12:23:42,24.5,61.0,20.0,22.898,120.627
74DA38ED06E0,2026-02-18,12:23:43,19.0,94.0,0.0,23.601,121.521
74DA38F20AE6,2026-02-18,12:23:48,25.12,100.0,12.0,22.63,120.348
74DA38F20BCA,2026-02-18,12:23:52,14.75,99.0,0.0,25.079,121.58
74DA38F7C5BE,2026-02-18,12:23:55,15.62,81.0,28.0,25.092,121.523
74DA38F20E34,2026-02-18,12:24:10,21.5,74.0,21.0,22.586,120.313
74DA38F209F8,2026-02-18,12:24:13,16.37,100.0,22.0,23.157,121.4
74DA38F7C37C,2026-02-18,12:24:19,12.62,100.0,0.0,25.111,121.856
74DA38F7C3D6,2026-02-18,12:24:23,15.87,100.0,0.0,25.045,121.541
74DA38F20F0A,2026-02-18,12:24:39,21.0,100.0,26.0,22.995,120.635
74DA38F7C570,2026-02-18,12:24:42,14.62,100.0,0.0,25.239,121.63
74DA38F209EE,2026-02-18,12:24:43,19.62,100.0,0.0,23.026,121.33
74DA38F7C366,2026-02-18,12:24:46,15.25,100.0,15.0,25.002,121.516
74DA38F20C22,2026-02-18,12:24:49,20.62,100.0,1.0,22.729,120.357
74DA38F21204,2026-02-18,12:24:50,20.87,100.0,10.0,25.062,121.451
74DA38F7C3BA,2026-02-18,12:25:00,118.87,46.0,131.0,25.174,121.441
74DA38F20B26,2026-02-18,12:25:08,21.0,100.0,23.0,22.783,120.247
74DA38F7C562,2026-02-18,12:25:11,14.37,100.0,27.0,25.021,121.418
74DA38F2104E,2026-02-18,12:25:18,21.0,100.0,32.0,23.108,120.7
74DA38F20D2E,2026-02-18,12:25:20,15.62,100.0,0.0,25.06,121.545
74DA38F20D16,2026-02-18,12:25:23,16.0,100.0,30.0,25.062,121.526
74DA38F7C30E,2026-02-18,12:25:24,14.87,100.0,22.0,24.949,121.382
74DA38F20DC0,2026-02-18,12:25:26,20.0,100.0,3.0,22.711,120.295
74DA38F7C524,2026-02-18,12:25:26,13.62,100.0,63.0,25.002,121.552
74DA38F2118E,2026-02-18,12:25:29,12.62,100.0,45.0,26.148,119.935
74DA38F20B5C,2026-02-18,12:25:31,-4.0,0.0,52.0,22.798,120.293
74DA38F210A2,2026-02-18,12:25:39,15.37,100.0,7.0,25.12,121.466
74DA38F209A4,2026-02-18,12:25:48,22.0,100.0,0.0,22.702,120.572
74DA38F20D1E,2026-02-18,12:25:48,15.87,100.0,34.0,25.048,121.573
74DA38F7C260,2026-02-18,12:25:50,15.37,100.0,0.0,25.065,121.425
74DA38F20A30,2026-02-18,12:25:52,15.0,89.0,0.0,24.948,121.372
74DA38F7C41E,2026-02-18,12:25:53,16.5,76.0,24.0,25.054,121.517
74DA38F20976,2026-02-18,12:25:54,15.62,87.0,33.0,25.127,121.746
74DA38F20EB2,2026-02-18,12:26:02,9.0,100.0,33.0,24.324,120.835
74DA38F7C3DC,2026-02-18,12:26:08,14.5,100.0,29.0,25.003,121.539
74DA38F7C616,2026-02-18,12:26:18,15.25,100.0,0.0,25.031,121.563
74DA38F20E9E,2026-02-18,12:26:21,14.75,100.0,27.0,24.648,121.151
74DA38F20B80,2026-02-18,12:26:27,20.75,100.0,0.0,22.599,120.35
74DA38F7C53C,2026-02-18,12:26:27,13.87,100.0,0.0,25.11,121.804
74DA38F20DE0,2026-02-18,12:26:35,22.37,100.0,0.0,22.589,120.328
74DA38F7C5CE,2026-02-18,12:26:41,15.0,88.0,0.0,25.066,121.656
74DA38F20BD0,2026-02-18,12:26:46,-4.0,0.0,24.0,22.688,120.408
74DA38F7C31C,2026-02-18,12:26:46,14.62,100.0,3.0,24.93,121.372
74DA38F7C5A0,2026-02-18,12:26:46,15.37,91.0,0.0,25.107,121.518
74DA38F21048,2026-02-18,12:26:50,21.75,100.0,29.0,22.595,120.341
74DA38F7C3B2,2026-02-18,12:26:50,19.0,67.0,14.0,24.929,121.378
74DA38F7C4CC,2026-02-18,12:26:50,15.25,100.0,18.0,25.062,121.451
74DA38F7C610,2026-02-18,12:26:56,17.25,80.0,24.0,25.063,121.564
74DA38F20E6E,2026-02-18,12:26:58,12.37,90.0,0.0,24.41,120.902
74DA38F7C40C,2026-02-18,12:27:01,14.87,100.0,0.0,24.995,121.52
74DA38F7C464,2026-02-18,12:27:08,14.0,33.0,1.0,25.006,121.413
74DA38F209DE,2026-02-18,12:27:14,15.0,100.0,6.0,24.861,120.964
74DA38F20AAA,2026-02-18,12:27:14,14.5,100.0,13.0,24.6,120.999
74DA38F20DD0,2026-02-18,12:27:16,20.12,100.0,1.0,22.6080258,120.3229833
74DA38ED04F2,2026-02-18,12:27:18,17.25,100.0,20.0,23.468,121.496
74DA38ED05EA,2026-02-18,12:27:19,17.0,100.0,47.0,23.394,121.357
74DA38F7C29C,2026-02-18,12:27:28,16.0,100.0,25.0,25.02,121.416
74DA38F7C47C,2026-02-18,12:27:31,15.75,97.0,0.0,25.055,121.455
74DA38F210F6,2026-02-18,12:27:34,20.37,100.0,4.0,22.757426,121.158891
74DA38F21088,2026-02-18,12:27:43,15.37,100.0,0.0,25.068,121.588
74DA38F7C59C,2026-02-18,12:27:55,15.12,77.0,32.0,25.103,121.487
74DA38F20902,2026-02-18,12:27:56,20.5,99.0,1.0,22.204,120.7
74DA38F20AA4,2026-02-18,12:28:00,24.5,84.0,24.0,22.685,120.492
74DA38F20D4C,2026-02-18,12:28:02,18.75,100.0,0.0,22.971,121.303
74DA38F7C600,2026-02-18,12:28:12,20.62,58.0,11.0,25.07,121.586
74DA38ED0640,2026-02-18,12:28:14,15.37,100.0,4.0,23.154,121.266
74DA38F7C5E6,2026-02-18,12:28:17,15.87,100.0,16.0,25.107,121.843
74DA38F208E2,2026-02-18,12:28:19,15.37,100.0,31.0,24.688,121.766
74DA38F7C30C,2026-02-18,12:28:19,15.25,96.0,0.0,24.975,121.532
74DA38F20C26,2026-02-18,12:28:22,21.37,70.0,27.0,22.676,120.342
74DA38F7C560,2026-02-18,12:28:22,15.25,97.0,1.0,25.079,121.671
74DA38F21024,2026-02-18,12:28:27,15.62,100.0,0.0,24.93,121.036
74DA38F2113E,2026-02-18,12:28:27,-4.0,0.0,11.0,22.728,120.313
74DA38F20A78,2026-02-18,12:28:28,16.37,100.0,5.0,22.904,121.124
74DA38F7C566,2026-02-18,12:28:29,16.5,100.0,0.0,25.051,121.448
74DA38F20BE4,2026-02-18,12:28:33,13.75,100.0,43.0,24.791,120.957
74DA38F209A8,2026-02-18,12:28:34,-4.0,0.0,0.0,22.401,120.577
74DA38ED0630,2026-02-18,12:28:40,18.12,100.0,0.0,23.994,121.594
74DA38F207DE,2026-02-18,12:28:54,21.5,100.0,33.0,22.603,120.34
74DA38F210E4,2026-02-18,12:28:54,18.37,100.0,17.0,23.24,120.696
74DA38F20D70,2026-02-18,12:29:08,16.62,100.0,1.0,23.05,121.164
74DA38F7C47E,2026-02-18,12:29:08,15.5,100.0,32.0,25.053963,121.427681
74DA38F20D1A,2026-02-18,12:29:21,15.37,85.0,1.0,25.078,121.541
74DA38F209B2,2026-02-18,12:29:33,21.37,100.0,3.0,22.363,120.599
74DA38F20D2A,2026-02-18,12:29:36,16.12,72.0,0.0,25.048,121.573
74DA38F7C63C,2026-02-18,12:29:46,85.25,100.0,18.0,24.998,121.425
74DA38ED05B6,2026-02-18,12:29:48,16.12,100.0,26.0,23.43,121.348
74DA38F21054,2026-02-18,12:29:48,24.5,61.0,20.0,22.898,120.627
74DA38ED059C,2026-02-18,12:29:51,15.62,100.0,16.0,23.706,121.412
74DA38ED06E0,2026-02-18,12:29:51,19.12,94.0,0.0,23.601,121.521
74DA38F20AE6,2026-02-18,12:29:55,25.12,100.0,12.0,22.63,120.348
74DA38F7C514,2026-02-18,12:29:56,15.62,100.0,27.0,25.051,121.518
74DA38F20B88,2026-02-18,12:30:01,19.62,100.0,0.0,22.75,120.316
74DA38F7C39A,2026-02-18,12:30:05,15.5,100.0,0.0,25.002,121.414
74DA38F7C5BE,2026-02-18,12:30:11,15.62,80.0,29.0,25.092,121.523
74DA38F20E34,2026-02-18,12:30:23,21.5,74.0,21.0,22.586,120.313
74DA38F20BCA,2026-02-18,12:30:25,14.87,99.0,1.0,25.079,121.58
74DA38F209F8,2026-02-18,12:30:44,16.25,100.0,14.0,23.157,121.4
74DA38F20F0A,2026-02-18,12:30:47,21.0,100.0,31.0,22.995,120.635
74DA38F7C37C,2026-02-18,12:30:49,12.5,100.0,0.0,25.111,121.856
74DA38F209EE,2026-02-18,12:30:50,19.5,100.0,0.0,23.026,121.33
74DA38F7C3D6,2026-02-18,12:30:52,15.87,100.0,0.0,25.045,121.541
74DA38F7C366,2026-02-18,12:30:55,15.25,100.0,15.0,25.002,121.516
74DA38F21204,2026-02-18,12:30:59,20.87,100.0,7.0,25.062,121.451
74DA38F7C3BA,2026-02-18,12:31:02,118.87,46.0,122.0,25.174,121.441
74DA38F7C570,2026-02-18,12:31:11,14.75,100.0,1.0,25.239,121.63
74DA38F20C22,2026-02-18,12:31:19,20.75,100.0,0.0,22.729,120.357
74DA38F7C562,2026-02-18,12:31:23,14.25,100.0,29.0,25.021,121.418
74DA38F2104E,2026-02-18,12:31:30,20.87,100.0,32.0,23.108,120.7
74DA38F7C30E,2026-02-18,12:31:32,14.87,100.0,22.0,24.949,121.382
74DA38F20D16,2026-02-18,12:31:37,16.0,100.0,31.0,25.062,121.526
74DA38F210A2,2026-02-18,12:31:47,15.25,100.0,7.0,25.12,121.466
74DA38F20D2E,2026-02-18,12:31:48,15.5,100.0,0.0,25.06,121.545
74DA38F20DC0,2026-02-18,12:31:59,19.87,100.0,0.0,22.711,120.295
74DA38F20D1E,2026-02-18,12:32:01,15.87,100.0,33.0,25.048,121.573
74DA38F7C524,2026-02-18,12:32:02,13.62,100.0,63.0,25.002,121.552
74DA38F2118E,2026-02-18,12:32:04,12.62,100.0,45.0,26.148,119.935
74DA38F20976,2026-02-18,12:32:07,15.62,86.0,33.0,25.127,121.746
74DA38F20EB2,2026-02-18,12:32:16,9.0,100.0,32.0,24.324,120.835
74DA38F20B82,2026-02-18,12:32:17,-4.0,0.0,2.0,22.847,120.465
74DA38F209A4,2026-02-18,12:32:18,21.87,100.0,0.0,22.702,120.572
74DA38F7C3DC,2026-02-18,12:32:19,14.5,100.0,31.0,25.003,121.539
74DA38F20A30,2026-02-18,12:32:25,15.0,89.0,0.0,24.948,121.372
74DA38F7C260,2026-02-18,12:32:27,15.37,100.0,0.0,25.065,121.425
74DA38F7C41E,2026-02-18,12:32:33,16.5,76.0,24.0,25.054,121.517
74DA38F20E9E,2026-02-18,12:32:37,14.87,100.0,26.0,24.648,121.151
74DA38ED0454,2026-02-18,12:32:46,18.37,100.0,17.0,24.053,121.599
74DA38F20B80,2026-02-18,12:32:57,20.37,100.0,0.0,22.599,120.35
74DA38F7C3B2,2026-02-18,12:32:57,19.0,67.0,13.0,24.929,121.378
74DA38F7C53C,2026-02-18,12:32:58,13.87,100.0,0.0,25.11,121.804
74DA38F20E6E,2026-02-18,12:33:00,12.37,90.0,0.0,24.41,120.902
74DA38F7C4CC,2026-02-18,12:33:00,15.12,100.0,19.0,25.062,121.451
74DA38F20DE0,2026-02-18,12:33:07,22.5,100.0,0.0,22.589,120.328
74DA38F7C610,2026-02-18,12:33:09,17.12,79.0,25.0,25.063,121.564
74DA38F7C40C,2026-02-18,12:33:10,14.75,100.0,0.0,24.995,121.52
74DA38F7C5CE,2026-02-18,12:33:11,15.0,88.0,1.0,25.066,121.656
74DA38F7C31C,2026-02-18,12:33:17,14.62,100.0,2.0,24.93,121.372
74DA38F7C5A0,2026-02-18,12:33:17,15.37,90.0,1.0,25.107,121.518
74DA38F21048,2026-02-18,12:33:21,21.62,100.0,27.0,22.595,120.341
74DA38F20AAA,2026-02-18,12:33:22,14.5,100.0,12.0,24.6,120.999
74DA38F7C3DE,2026-02-18,12:33:25,15.75,100.0,308.0,24.972,121.537
74DA38ED04F2,2026-02-18,12:33:29,17.12,100.0,9.0,23.468,121.496
74DA38ED05EA,2026-02-18,12:33:38,17.0,100.0,51.0,23.394,121.357
74DA38F210F6,2026-02-18,12:33:40,20.12,100.0,4.0,22.757426,121.158891
74DA38F7C464,2026-02-18,12:33:40,14.0,33.0,2.0,25.006,121.413
74DA38F7C47C,2026-02-18,12:33:41,15.62,98.0,0.0,25.055,121.455
74DA38F7C29C,2026-02-18,12:33:42,15.87,100.0,27.0,25.02,121.416
74DA38F209DE,2026-02-18,12:33:47,15.0,100.0,10.0,24.861,120.964
74DA38F20DD0,2026-02-18,12:33:47,20.0,100.0,1.0,22.6080258,120.3229833
74DA38F20902,2026-02-18,12:34:03,20.37,99.0,1.0,22.204,120.7
74DA38F7C59C,2026-02-18,12:34:08,15.12,76.0,33.0,25.103,121.487
74DA38F20AA4,2026-02-18,12:34:11,24.5,84.0,23.0,22.685,120.492
74DA38F21088,2026-02-18,12:34:14,15.25,100.0,1.0,25.068,121.588
74DA38F7C600,2026-02-18,12:34:19,20.62,57.0,12.0,25.07,121.586
74DA38ED0640,2026-02-18,12:34:24,15.37,100.0,5.0,23.154,121.266
74DA38F208E2,2026-02-18,12:34:29,15.5,100.0,33.0,24.688,121.766
74DA38F20D4C,2026-02-18,12:34:33,18.62,100.0,0.0,22.971,121.303
74DA38F7C30C,2026-02-18,12:34:33,15.37,96.0,0.0,24.975,121.532
74DA38F7C5E6,2026-02-18,12:34:33,15.87,100.0,16.0,25.107,121.843
74DA38F20A78,2026-02-18,12:34:36,16.37,100.0,5.0,22.904,121.124
74DA38F20BE4,2026-02-18,12:34:46,13.75,100.0,42.0,24.791,120.957
74DA38F20C26,2026-02-18,12:34:47,21.37,71.0,28.0,22.676,120.342
74DA38F7C560,2026-02-18,12:34:53,15.12,90.0,0.0,25.079,121.671
74DA38F20B5C,2026-02-18,12:34:57,-4.0,0.0,48.0,22.798,120.293
74DA38F21024,2026-02-18,12:34:57,15.62,100.0,1.0,24.93,121.036
74DA38F7C566,2026-02-18,12:35:00,16.62,100.0,0.0,25.051,121.448
74DA38F210E4,2026-02-18,12:35:05,18.25,100.0,30.0,23.24,120.696
74DA38F207DE,2026-02-18,12:35:06,21.5,100.0,34.0,22.603,120.34
74DA38ED0630,2026-02-18,12:35:19,18.0,100.0,0.0,23.994,121.594
74DA38F20D70,2026-02-18,12:35:19,16.62,100.0,3.0,23.05,121.164
74DA38F7C47E,2026-02-18,12:35:20,15.62,100.0,33.0,25.053963,121.427681
74DA38F21136,2026-02-18,12:35:30,15.12,100.0,19.0,25.119,121.505
74DA38F2113E,2026-02-18,12:35:49,-4.0,0.0,10.0,22.728,120.313
74DA38F20D1A,2026-02-18,12:35:51,15.62,85.0,0.0,25.078,121.541
74DA38F21054,2026-02-18,12:35:57,24.5,61.0,21.0,22.898,120.627
74DA38F7C63C,2026-02-18,12:35:58,85.25,100.0,18.0,24.998,121.425
74DA38ED06E0,2026-02-18,12:36:00,19.0,94.0,0.0,23.601,121.521
74DA38F209B2,2026-02-18,12:36:00,21.5,100.0,0.0,22.363,120.599
74DA38ED059C,2026-02-18,12:36:02,15.75,100.0,13.0,23.706,121.412
74DA38ED05B6,2026-02-18,12:36:02,16.12,100.0,40.0,23.43,121.348
74DA38F20AE6,2026-02-18,12:36:02,25.12,100.0,12.0,22.63,120.348
74DA38F20D2A,2026-02-18,12:36:09,16.0,71.0,1.0,25.048,121.573
74DA38F7C514,2026-02-18,12:36:09,15.5,99.0,27.0,25.051,121.518
74DA38F7C5BE,2026-02-18,12:36:24,15.75,80.0,28.0,25.092,121.523
74DA38F20B88,2026-02-18,12:36:32,19.5,100.0,1.0,22.75,120.316
74DA38F20E34,2026-02-18,12:36:33,21.37,74.0,20.0,22.586,120.313
74DA38F7C39A,2026-02-18,12:36:34,15.5,100.0,0.0,25.002,121.414
74DA38F20BCA,2026-02-18,12:36:56,14.87,99.0,0.0,25.079,121.58
74DA38F209EE,2026-02-18,12:36:57,19.5,100.0,0.0,23.026,121.33
74DA38F20F0A,2026-02-18,12:36:58,21.0,100.0,24.0,22.995,120.635
74DA38F7C366,2026-02-18,12:37:04,15.25,100.0,15.0,25.002,121.516
74DA38F21204,2026-02-18,12:37:06,20.75,100.0,5.0,25.062,121.451
74DA38F7C3BA,2026-02-18,12:37:06,118.87,46.0,129.0,25.174,121.441
74DA38F209F8,2026-02-18,12:37:14,16.25,100.0,29.0,23.157,121.4
74DA38F20BD0,2026-02-18,12:37:20,-4.0,0.0,24.0,22.688,120.408
74DA38F7C37C,2026-02-18,12:37:21,12.62,100.0,0.0,25.111,121.856
74DA38F7C3D6,2026-02-18,12:37:22,15.75,100.0,0.0,25.045,121.541
74DA38F7C562,2026-02-18,12:37:35,14.12,100.0,31.0,25.021,121.418
74DA38F7C570,2026-02-18,12:37:41,14.62,100.0,2.0,25.239,121.63
74DA38F7C30E,2026-02-18,12:37:43,14.87,100.0,23.0,24.949,121.382
74DA38F2104E,2026-02-18,12:37:44,20.87,100.0,32.0,23.108,120.7
74DA38F20C22,2026-02-18,12:37:48,20.87,100.0,0.0,22.729,120.357
74DA38F20D16,2026-02-18,12:37:49,15.87,100.0,30.0,25.062,121.526
74DA38F210A2,2026-02-18,12:37:55,15.25,100.0,7.0,25.12,121.466
74DA38F20B26,2026-02-18,12:38:08,20.87,100.0,22.0,22.783,120.247
74DA38F209A8,2026-02-18,12:38:15,-4.0,0.0,0.0,22.401,120.577
74DA38F20D1E,2026-02-18,12:38:17,15.75,100.0,34.0,25.048,121.573
74DA38F20D2E,2026-02-18,12:38:17,15.5,100.0,0.0,25.06,121.545
74DA38F20976,2026-02-18,12:38:20,15.62,86.0,35.0,25.127,121.746
74DA38F7C3DC,2026-02-18,12:38:29,14.5,100.0,30.0,25.003,121.539
74DA38F20DC0,2026-02-18,12:38:30,19.87,100.0,1.0,22.711,120.295
74DA38F20EB2,2026-02-18,12:38:32,8.87,100.0,32.0,24.324,120.835
74DA38F2118E,2026-02-18,12:38:40,12.62,100.0,46.0,26.148,119.935
74DA38F7C524,2026-02-18,12:38:40,13.62,100.0,62.0,25.002,121.552
74DA38F7C41E,2026-02-18,12:38:45,16.5,75.0,24.0,25.054,121.517
74DA38F209A4,2026-02-18,12:38:49,21.87,100.0,0.0,22.702,120.572
74DA38F7C616,2026-02-18,12:38:49,15.25,100.0,0.0,25.031,121.563
74DA38F20E9E,2026-02-18,12:38:57,14.87,100.0,29.0,24.648,121.151
74DA38F7C260,2026-02-18,12:38:58,15.37,100.0,0.0,25.065,121.425
74DA38F20A30,2026-02-18,12:39:00,15.0,88.0,0.0,24.948,121.372
74DA38F20E6E,2026-02-18,12:39:03,12.37,90.0,0.0,24.41,120.902
74DA38F7C3B2,2026-02-18,12:39:07,19.0,67.0,14.0,24.929,121.378
74DA38ED0454,2026-02-18,12:39:10,18.37,100.0,15.0,24.053,121.599
74DA38F7C4CC,2026-02-18,12:39:17,15.12,100.0,19.0,25.062,121.451
74DA38F7C40C,2026-02-18,12:39:19,14.75,100.0,0.0,24.995,121.52
74DA38F7C610,2026-02-18,12:39:20,17.12,79.0,24.0,25.063,121.564
74DA38F7C3DE,2026-02-18,12:39:22,15.75,100.0,302.0,24.972,121.537
74DA38F20B80,2026-02-18,12:39:25,20.25,100.0,0.0,22.599,120.35
74DA38F7C53C,2026-02-18,12:39:27,13.87,100.0,0.0,25.11,121.804
74DA38F20AAA,2026-02-18,12:39:30,14.5,100.0,11.0,24.6,120.999
74DA38F20DE0,2026-02-18,12:39:37,22.37,100.0,0.0,22.589,120.328
74DA38ED04F2,2026-02-18,12:39:39,17.25,100.0,7.0,23.468,121.496
74DA38F7C5CE,2026-02-18,12:39:39,15.0,87.0,0.0,25.066,121.656
74DA38F210F6,2026-02-18,12:39:46,20.25,100.0,5.0,22.757426,121.158891
74DA38F7C5A0,2026-02-18,12:39:47,15.25,90.0,1.0,25.107,121.518
74DA38F7C47C,2026-02-18,12:39:51,15.75,98.0,0.0,25.055,121.455
74DA38F7C29C,2026-02-18,12:39:52,15.87,100.0,27.0,25.02,121.416
74DA38F21048,2026-02-18,12:39:53,21.62,100.0,28.0,22.595,120.341
74DA38F7C31C,2026-02-18,12:39:53,14.62,100.0,2.0,24.93,121.372
74DA38ED05EA,2026-02-18,12:39:56,17.0,100.0,48.0,23.394,121.357
74DA38F20902,2026-02-18,12:40:10,20.37,100.0,1.0,22.204,120.7
74DA38F7C464,2026-02-18,12:40:12,13.87,34.0,3.0,25.006,121.413
74DA38F20DD0,2026-02-18,12:40:16,19.75,100.0,1.0,22.6080258,120.3229833
74DA38F7C59C,2026-02-18,12:40:19,15.12,76.0,32.0,25.103,121.487
74DA38F209DE,2026-02-18,12:40:20,15.12,100.0,8.0,24.861,120.964
74DA38F20AA4,2026-02-18,12:40:20,24.5,84.0,24.0,22.685,120.492
74DA38F7C600,2026-02-18,12:40:26,20.75,57.0,12.0,25.07,121.586
74DA38ED0640,2026-02-18,12:40:33,15.37,100.0,6.0,23.154,121.266
74DA38F208E2,2026-02-18,12:40:43,15.5,100.0,33.0,24.688,121.766
74DA38F20A78,2026-02-18,12:40:44,16.25,100.0,6.0,22.904,121.124
74DA38F21088,2026-02-18,12:40:44,15.37,100.0,0.0,25.068,121.588
74DA38F7C30C,2026-02-18,12:40:44,15.37,95.0,0.0,24.975,121.532
74DA38F7C5E6,2026-02-18,12:40:45,15.87,100.0,15.0,25.107,121.843
74DA38F20BE4,2026-02-18,12:40:57,13.75,100.0,41.0,24.791,120.957
74DA38F20C26,2026-02-18,12:40:59,21.37,71.0,30.0,22.676,120.342
74DA38F20D4C,2026-02-18,12:41:01,18.62,100.0,0.0,22.971,121.303
74DA38F210E4,2026-02-18,12:41:15,18.12,100.0,26.0,23.24,120.696
74DA38F207DE,2026-02-18,12:41:17,21.12,100.0,34.0,22.603,120.34
74DA38F7C560,2026-02-18,12:41:23,15.0,90.0,0.0,25.079,121.671
74DA38F20D70,2026-02-18,12:41:26,16.62,100.0,2.0,23.05,121.164
74DA38F21024,2026-02-18,12:41:29,15.5,100.0,3.0,24.93,121.036
74DA38F7C566,2026-02-18,12:41:29,16.62,100.0,0.0,25.051,121.448
74DA38F7C47E,2026-02-18,12:41:34,15.5,100.0,33.0,25.053963,121.427681
74DA38F7C4DE,2026-02-18,12:41:41,15.25,100.0,0.0,25.09,121.462
74DA38F21136,2026-02-18,12:41:42,15.12,100.0,17.0,25.119,121.505
74DA38F20B82,2026-02-18,12:41:50,-4.0,0.0,2.0,22.847,120.465
74DA38ED0630,2026-02-18,12:41:51,18.0,99.0,0.0,23.994,121.594
74DA38F21054,2026-02-18,12:42:04,24.5,61.0,21.0,22.898,120.627
74DA38F7C63C,2026-02-18,12:42:08,85.25,100.0,17.0,24.998,121.425
74DA38ED06E0,2026-02-18,12:42:09,19.0,94.0,0.0,23.601,121.521
74DA38F20AE6,2026-02-18,12:42:10,25.12,100.0,13.0,22.63,120.348
74DA38ED059C,2026-02-18,12:42:12,15.87,100.0,13.0,23.706,121.412
74DA38ED05B6,2026-02-18,12:42:12,16.0,100.0,25.0,23.43,121.348
74DA38F20D1A,2026-02-18,12:42:20,15.62,85.0,0.0,25.078,121.541
74DA38F7C514,2026-02-18,12:42:21,15.37,99.0,27.0,25.051,121.518
74DA38F209B2,2026-02-18,12:42:30,21.25,100.0,2.0,22.363,120.599
74DA38F7C5BE,2026-02-18,12:42:36,15.75,80.0,30.0,25.092,121.523
74DA38F20D2A,2026-02-18,12:42:40,16.0,71.0,0.0,25.048,121.573
74DA38F20E34,2026-02-18,12:42:43,21.37,74.0,21.0,22.586,120.313
74DA38F20B88,2026-02-18,12:43:01,19.37,100.0,0.0,22.75,120.316
74DA38F209EE,2026-02-18,12:43:04,19.5,100.0,0.0,23.026,121.33
74DA38F7C39A,2026-02-18,12:43:05,15.5,100.0,0.0,25.002,121.414
74DA38F7C3BA,2026-02-18,12:43:07,118.87,46.0,122.0,25.174,121.441
74DA38F20F0A,2026-02-18,12:43:08,21.12,100.0,25.0,22.995,120.635
74DA38F2113E,2026-02-18,12:43:11,-4.0,0.0,12.0,22.728,120.313
74DA38F7C366,2026-02-18,12:43:13,15.25,100.0,15.0,25.002,121.516
74DA38F21204,2026-02-18,12:43:14,20.75,100.0,4.0,25.062,121.451
74DA38F209F8,2026-02-18,12:43:43,16.12,100.0,44.0,23.157,121.4
74DA38F7C3D6,2026-02-18,12:43:50,15.87,100.0,0.0,25.045,121.541
74DA38F7C37C,2026-02-18,12:43:51,12.75,100.0,0.0,25.111,121.856
74DA38F7C562,2026-02-18,12:43:51,14.12,100.0,31.0,25.021,121.418
74DA38F2104E,2026-02-18,12:43:56,20.87,100.0,32.0,23.108,120.7
74DA38F7C30E,2026-02-18,12:43:57,14.87,100.0,23.0,24.949,121.382
74DA38F20D16,2026-02-18,12:44:00,16.0,100.0,30.0,25.062,121.526
74DA38F210A2,2026-02-18,12:44:03,15.25,100.0,7.0,25.12,121.466
74DA38F7C570,2026-02-18,12:44:11,14.75,100.0,1.0,25.239,121.63
74DA38F20B5C,2026-02-18,12:44:22,-4.0,0.0,40.0,22.798,120.293
74DA38F20B26,2026-02-18,12:44:23,20.75,100.0,23.0,22.783,120.247
74DA38F20D1E,2026-02-18,12:44:31,15.62,100.0,34.0,25.048,121.573
74DA38F20C22,2026-02-18,12:44:33,20.75,100.0,0.0,22.729,120.357
74DA38F20976,2026-02-18,12:44:36,15.62,86.0,34.0,25.127,121.746
74DA38F7C3DC,2026-02-18,12:44:42,14.62,100.0,31.0,25.003,121.539
74DA38F20D2E,2026-02-18,12:44:46,15.5,100.0,0.0,25.06,121.545
74DA38F20EB2,2026-02-18,12:44:49,9.0,100.0,34.0,24.324,120.835
74DA38F7C41E,2026-02-18,12:44:57,16.37,75.0,23.0,25.054,121.517
74DA38F7C616,2026-02-18,12:44:58,15.12,100.0,0.0,25.031,121.563
74DA38F20DC0,2026-02-18,12:45:02,19.87,100.0,0.0,22.711,120.295
74DA38F20E6E,2026-02-18,12:45:05,12.37,91.0,0.0,24.41,120.902
74DA38F20E9E,2026-02-18,12:45:12,14.87,100.0,24.0,24.648,121.151
74DA38F2118E,2026-02-18,12:45:12,12.62,100.0,43.0,26.148,119.935
74DA38F7C3B2,2026-02-18,12:45:15,18.87,67.0,14.0,24.929,121.378
74DA38F7C524,2026-02-18,12:45:18,13.62,100.0,62.0,25.002,121.552
74DA38F209A4,2026-02-18,12:45:20,22.0,100.0,0.0,22.702,120.572
74DA38F7C3DE,2026-02-18,12:45:20,15.75,100.0,309.0,24.972,121.537
74DA38F7C4CC,2026-02-18,12:45:26,15.12,100.0,18.0,25.062,121.451
74DA38F7C260,2026-02-18,12:45:27,15.37,100.0,0.0,25.065,121.425
74DA38F7C40C,2026-02-18,12:45:27,14.75,100.0,0.0,24.995,121.52
74DA38F7C610,2026-02-18,12:45:33,17.12,79.0,25.0,25.063,121.564
74DA38F20AAA,2026-02-18,12:45:39,14.5,100.0,15.0,24.6,120.999
74DA38F20A30,2026-02-18,12:45:40,15.0,88.0,0.0,24.948,121.372
74DA38ED04F2,2026-02-18,12:45:49,17.25,100.0,9.0,23.468,121.496
74DA38F210F6,2026-02-18,12:45:53,20.25,100.0,9.0,22.757426,121.158891
74DA38F20B80,2026-02-18,12:45:56,20.12,100.0,0.0,22.599,120.35
74DA38F7C53C,2026-02-18,12:45:56,14.0,100.0,0.0,25.11,121.804
74DA38F7C47C,2026-02-18,12:46:02,15.87,97.0,0.0,25.055,121.455
74DA38F7C29C,2026-02-18,12:46:03,15.75,100.0,27.0,25.02,121.416
74DA38ED05EA,2026-02-18,12:46:09,17.0,100.0,43.0,23.394,121.357
74DA38F20DE0,2026-02-18,12:46:09,22.25,100.0,0.0,22.589,120.328
74DA38F7C5CE,2026-02-18,12:46:09,15.0,87.0,0.0,25.066,121.656
74DA38F20902,2026-02-18,12:46:18,20.25,100.0,1.0,22.204,120.7
74DA38F7C5A0,2026-02-18,12:46:18,15.25,90.0,1.0,25.107,121.518
74DA38F21048,2026-02-18,12:46:25,21.5,100.0,27.0,22.595,120.341
74DA38F7C31C,2026-02-18,12:46:26,14.75,100.0,2.0,24.93,121.372
74DA38F20AA4,2026-02-18,12:46:28,24.5,84.0,23.0,22.685,120.492
74DA38F7C59C,2026-02-18,12:46:32,15.0,76.0,33.0,25.103,121.487
74DA38F7C600,2026-02-18,12:46:34,20.75,56.0,13.0,25.07,121.586
74DA38ED0640,2026-02-18,12:46:43,15.37,100.0,7.0,23.154,121.266
74DA38F7C464,2026-02-18,12:46:45,13.87,34.0,3.0,25.006,121.413
74DA38F20DD0,2026-02-18,12:46:47,19.62,100.0,1.0,22.6080258,120.3229833
74DA38F209DE,2026-02-18,12:46:51,15.0,100.0,7.0,24.861,120.964
74DA38F20A78,2026-02-18,12:46:53,16.25,100.0,6.0,22.904,121.124
74DA38F208E2,2026-02-18,12:46:55,15.37,100.0,33.0,24.688,121.766
74DA38F7C5E6,2026-02-18,12:46:56,15.87,100.0,17.0,25.107,121.843
74DA38F7C30C,2026-02-18,12:47:03,15.25,95.0,0.0,24.975,121.532
74DA38F20BE4,2026-02-18,12:47:12,13.75,100.0,42.0,24.791,120.957
74DA38F21088,2026-02-18,12:47:13,15.37,100.0,0.0,25.068,121.588
74DA38F20C26,2026-02-18,12:47:16,21.25,71.0,31.0,22.676,120.342
74DA38F210E4,2026-02-18,12:47:26,18.37,100.0,23.0,23.24,120.696
74DA38F207DE,2026-02-18,12:47:29,20.87,100.0,34.0,22.603,120.34
74DA38F20D4C,2026-02-18,12:47:29,18.62,100.0,0.0,22.971,121.303
74DA38F20D70,2026-02-18,12:47:35,16.62,100.0,2.0,23.05,121.164
74DA38F7C47E,2026-02-18,12:47:46,15.25,100.0,31.0,25.053963,121.427681
74DA38F20BD0,2026-02-18,12:47:52,-4.0,0.0,24.0,22.688,120.408
74DA38F21136,2026-02-18,12:47:52,15.12,100.0,18.0,25.119,121.505
74DA38F7C560,2026-02-18,12:47:54,14.87,86.0,0.0,25.079,121.671
74DA38F209A8,2026-02-18,12:47:56,-4.0,0.0,0.0,22.401,120.577
74DA38F21024,2026-02-18,12:47:59,15.62,100.0,0.0,24.93,121.036
74DA38F7C4DE,2026-02-18,12:48:01,15.25,100.0,0.0,25.09,121.462
74DA38F7C566,2026-02-18,12:48:01,16.62,100.0,0.0,25.051,121.448
74DA38F21054,2026-02-18,12:48:10,24.5,61.0,21.0,22.898,120.627
74DA38ED06E0,2026-02-18,12:48:18,19.0,94.0,0.0,23.601,121.521
74DA38F20AE6,2026-02-18,12:48:18,25.12,100.0,12.0,22.63,120.348
74DA38F7C63C,2026-02-18,12:48:18,85.25,100.0,17.0,24.998,121.425
74DA38ED059C,2026-02-18,12:48:22,15.87,100.0,12.0,23.706,121.412
74DA38ED05B6,2026-02-18,12:48:22,16.0,100.0,23.0,23.43,121.348
74DA38ED0630,2026-02-18,12:48:28,18.0,99.0,0.0,23.994,121.594
74DA38F7C514,2026-02-18,12:48:35,15.37,99.0,27.0,25.051,121.518
74DA38F7C5BE,2026-02-18,12:48:47,15.75,80.0,30.0,25.092,121.523
74DA38F20D1A,2026-02-18,12:48:50,15.75,85.0,0.0,25.078,121.541
74DA38F20E34,2026-02-18,12:48:54,21.37,74.0,20.0,22.586,120.313
74DA38F209B2,2026-02-18,12:48:58,21.0,100.0,0.0,22.363,120.599
74DA38F7C3BA,2026-02-18,12:49:09,118.87,46.0,125.0,25.174,121.441
74DA38F209EE,2026-02-18,12:49:11,19.25,100.0,0.0,23.026,121.33
74DA38F20D2A,2026-02-18,12:49:11,16.12,71.0,0.0,25.048,121.573
74DA38F20F0A,2026-02-18,12:49:18,21.12,100.0,27.0,22.995,120.635
74DA38F7C366,2026-02-18,12:49:21,15.25,100.0,15.0,25.002,121.516
74DA38F21204,2026-02-18,12:49:24,20.75,100.0,10.0,25.062,121.451
74DA38F20B88,2026-02-18,12:49:30,19.37,100.0,0.0,22.75,120.316
74DA38F7C39A,2026-02-18,12:49:35,15.5,100.0,0.0,25.002,121.414
74DA38F7C30E,2026-02-18,12:50:09,14.87,100.0,23.0,24.949,121.382
74DA38F7C562,2026-02-18,12:50:09,14.0,100.0,27.0,25.021,121.418
74DA38F210A2,2026-02-18,12:50:11,15.25,100.0,6.0,25.12,121.466
74DA38F20BCA,2026-02-18,12:50:13,15.0,98.0,1.0,25.079,121.58
74DA38F20D16,2026-02-18,12:50:13,16.0,100.0,30.0,25.062,121.526
74DA38F209F8,2026-02-18,12:50:14,16.12,100.0,39.0,23.157,121.4
74DA38F7C3D6,2026-02-18,12:50:19,15.87,100.0,0.0,25.045,121.541
74DA38F7C37C,2026-02-18,12:50:21,12.75,100.0,0.0,25.111,121.856
74DA38F20B26,2026-02-18,12:50:32,20.75,100.0,22.0,22.783,120.247
74DA38F2113E,2026-02-18,12:50:34,-4.0,0.0,14.0,22.728,120.313
74DA38F7C570,2026-02-18,12:50:41,14.75,100.0,2.0,25.239,121.63
74DA38F20D1E,2026-02-18,12:50:45,15.62,100.0,34.0,25.048,121.573
74DA38F20976,2026-02-18,12:50:50,15.5,85.0,34.0,25.127,121.746
74DA38F7C3DC,2026-02-18,12:50:53,14.5,100.0,31.0,25.003,121.539
74DA38F20C22,2026-02-18,12:51:03,20.5,100.0,1.0,22.729,120.357
74DA38F7C41E,2026-02-18,12:51:07,16.5,75.0,23.0,25.054,121.517
74DA38F20E6E,2026-02-18,12:51:08,12.5,91.0,0.0,24.41,120.902
74DA38F20EB2,2026-02-18,12:51:10,9.12,100.0,35.0,24.324,120.835
74DA38F7C616,2026-02-18,12:51:12,15.25,100.0,0.0,25.031,121.563
74DA38F20D2E,2026-02-18,12:51:14,15.5,100.0,0.0,25.06,121.545
74DA38F7C3DE,2026-02-18,12:51:17,15.87,100.0,304.0,24.972,121.537
74DA38F20B82,2026-02-18,12:51:24,-4.0,0.0,2.0,22.847,120.465
74DA38F7C3B2,2026-02-18,12:51:24,18.87,67.0,15.0,24.929,121.378
74DA38F20DC0,2026-02-18,12:51:30,19.87,100.0,0.0,22.711,120.295
74DA38F20E9E,2026-02-18,12:51:32,15.12,100.0,33.0,24.648,121.151
74DA38F7C40C,2026-02-18,12:51:35,14.75,100.0,0.0,24.995,121.52
74DA38F7C4CC,2026-02-18,12:51:38,15.25,100.0,20.0,25.062,121.451
74DA38F7C610,2026-02-18,12:51:43,17.12,78.0,24.0,25.063,121.564
74DA38F20AAA,2026-02-18,12:51:48,14.5,100.0,16.0,24.6,120.999
74DA38F2118E,2026-02-18,12:51:48,12.62,100.0,43.0,26.148,119.935
74DA38F209A4,2026-02-18,12:51:52,22.0,100.0,0.0,22.702,120.572
74DA38F7C524,2026-02-18,12:51:57,13.75,100.0,62.0,25.002,121.552
74DA38F7C260,2026-02-18,12:51:58,15.37,100.0,0.0,25.065,121.425
74DA38ED04F2,2026-02-18,12:52:04,17.25,100.0,9.0,23.468,121.496
74DA38ED0454,2026-02-18,12:52:08,18.37,100.0,20.0,24.053,121.599
74DA38F20A30,2026-02-18,12:52:10,14.87,88.0,0.0,24.948,121.372
74DA38F7C47C,2026-02-18,12:52:13,15.87,97.0,0.0,25.055,121.455
74DA38F7C29C,2026-02-18,12:52:16,15.62,100.0,25.0,25.02,121.416
74DA38ED05EA,2026-02-18,12:52:22,17.0,100.0,38.0,23.394,121.357
74DA38F20902,2026-02-18,12:52:26,20.37,100.0,2.0,22.204,120.7
74DA38F7C53C,2026-02-18,12:52:27,14.0,100.0,0.0,25.11,121.804
74DA38F20AA4,2026-02-18,12:52:37,24.5,84.0,24.0,22.685,120.492
74DA38F7C5CE,2026-02-18,12:52:38,14.87,87.0,0.0,25.066,121.656
74DA38F20DE0,2026-02-18,12:52:40,22.25,100.0,0.0,22.589,120.328
74DA38F7C600,2026-02-18,12:52:41,21.0,56.0,13.0,25.07,121.586
74DA38F7C59C,2026-02-18,12:52:44,15.0,76.0,34.0,25.103,121.487
74DA38F20B80,2026-02-18,12:52:47,20.25,100.0,0.0,22.599,120.35
74DA38F7C5A0,2026-02-18,12:52:49,15.12,90.0,2.0,25.107,121.518
74DA38ED0640,2026-02-18,12:52:53,15.5,100.0,7.0,23.154,121.266
74DA38F7C31C,2026-02-18,12:52:57,14.87,100.0,3.0,24.93,121.372
74DA38F21048,2026-02-18,12:52:59,21.5,100.0,26.0,22.595,120.341
74DA38F20A78,2026-02-18,12:53:01,16.25,100.0,5.0,22.904,121.124
74DA38F7C5E6,2026-02-18,12:53:06,15.87,100.0,16.0,25.107,121.843
74DA38F208E2,2026-02-18,12:53:07,15.37,100.0,33.0,24.688,121.766
74DA38F7C464,2026-02-18,12:53:15,13.87,32.0,2.0,25.006,121.413
74DA38F20DD0,2026-02-18,12:53:17,19.75,100.0,0.0,22.6080258,120.3229833
74DA38F7C30C,2026-02-18,12:53:17,15.25,95.0,0.0,24.975,121.532
74DA38F209DE,2026-02-18,12:53:21,15.25,100.0,3.0,24.861,120.964
74DA38F20BE4,2026-02-18,12:53:24,13.62,100.0,40.0,24.791,120.957
74DA38F20C26,2026-02-18,12:53:29,21.12,71.0,27.0,22.676,120.342
74DA38F210E4,2026-02-18,12:53:38,18.37,100.0,21.0,23.24,120.696
74DA38F207DE,2026-02-18,12:53:39,21.0,100.0,33.0,22.603,120.34
74DA38F21088,2026-02-18,12:53:42,15.25,100.0,0.0,25.068,121.588
74DA38F20D70,2026-02-18,12:53:43,16.62,100.0,1.0,23.05,121.164
74DA38F20B5C,2026-02-18,12:53:49,-4.0,0.0,34.0,22.798,120.293
74DA38F20D4C,2026-02-18,12:53:58,18.62,100.0,0.0,22.971,121.303
74DA38F7C47E,2026-02-18,12:53:59,15.37,100.0,33.0,25.053963,121.427681
74DA38F21136,2026-02-18,12:54:02,15.12,100.0,18.0,25.119,121.505
74DA38F21054,2026-02-18,12:54:18,24.5,61.0,20.0,22.898,120.627
74DA38F7C4DE,2026-02-18,12:54:23,15.25,100.0,0.0,25.09,121.462
74DA38F7C560,2026-02-18,12:54:24,14.75,83.0,0.0,25.079,121.671
74DA38F20AE6,2026-02-18,12:54:26,25.12,100.0,12.0,22.63,120.348
74DA38ED06E0,2026-02-18,12:54:27,19.0,94.0,0.0,23.601,121.521
74DA38F7C63C,2026-02-18,12:54:27,85.25,100.0,17.0,24.998,121.425
74DA38F21024,2026-02-18,12:54:29,15.62,100.0,0.0,24.93,121.036
74DA38ED05B6,2026-02-18,12:54:31,16.0,100.0,23.0,23.43,121.348
74DA38ED059C,2026-02-18,12:54:32,15.87,100.0,12.0,23.706,121.412
74DA38F7C566,2026-02-18,12:54:32,16.62,100.0,0.0,25.051,121.448
74DA38F7C514,2026-02-18,12:54:45,15.5,98.0,27.0,25.051,121.518
74DA38F7C5BE,2026-02-18,12:55:01,15.87,80.0,30.0,25.092,121.523
74DA38F20E34,2026-02-18,12:55:05,21.37,74.0,21.0,22.586,120.313
74DA38ED0630,2026-02-18,12:55:06,18.0,99.0,0.0,23.994,121.594
74DA38F7C3BA,2026-02-18,12:55:14,118.87,46.0,136.0,25.174,121.441
74DA38F209EE,2026-02-18,12:55:17,19.37,100.0,0.0,23.026,121.33
74DA38F20D1A,2026-02-18,12:55:20,15.62,84.0,0.0,25.078,121.541
74DA38F209B2,2026-02-18,12:55:28,21.12,100.0,1.0,22.363,120.599
74DA38F20F0A,2026-02-18,12:55:28,21.0,100.0,24.0,22.995,120.635
74DA38F7C366,2026-02-18,12:55:30,15.25,100.0,14.0,25.002,121.516
74DA38F20D2A,2026-02-18,12:55:44,16.0,70.0,0.0,25.048,121.573
74DA38F21204,2026-02-18,12:55:45,20.75,100.0,3.0,25.062,121.451
74DA38F20B88,2026-02-18,12:55:58,19.37,100.0,0.0,22.75,120.316
74DA38F7C39A,2026-02-18,12:56:05,15.5,100.0,0.0,25.002,121.414
74DA38F210A2,2026-02-18,12:56:17,15.12,100.0,7.0,25.12,121.466
74DA38F7C30E,2026-02-18,12:56:20,14.87,100.0,25.0,24.949,121.382
74DA38F7C562,2026-02-18,12:56:20,14.5,100.0,28.0,25.021,121.418
74DA38F20D16,2026-02-18,12:56:25,15.87,100.0,31.0,25.062,121.526
74DA38F209F8,2026-02-18,12:56:41,16.12,100.0,56.0,23.157,121.4
74DA38F20B26,2026-02-18,12:56:41,20.75,100.0,22.0,22.783,120.247
74DA38F20BCA,2026-02-18,12:56:46,15.12,98.0,0.0,25.079,121.58
74DA38F7C3D6,2026-02-18,12:56:46,15.87,100.0,0.0,25.045,121.541
74DA38F7C37C,2026-02-18,12:56:49,12.75,100.0,0.0,25.111,121.856
74DA38F20D1E,2026-02-18,12:57:03,15.62,100.0,35.0,25.048,121.573
74DA38F7C3DC,2026-02-18,12:57:03,14.37,100.0,31.0,25.003,121.539
74DA38F20976,2026-02-18,12:57:05,15.5,86.0,33.0,25.127,121.746
74DA38F20E6E,2026-02-18,12:57:10,12.62,91.0,0.0,24.41,120.902
74DA38F7C3DE,2026-02-18,12:57:13,15.75,100.0,301.0,24.972,121.537
74DA38F7C570,2026-02-18,12:57:13,14.87,100.0,3.0,25.239,121.63
74DA38F7C41E,2026-02-18,12:57:16,16.62,74.0,23.0,25.054,121.517
74DA38F7C616,2026-02-18,12:57:25,15.12,100.0,0.0,25.031,121.563
74DA38F20EB2,2026-02-18,12:57:28,9.0,100.0,37.0,24.324,120.835
74DA38F7C338,2026-02-18,12:57:30,17.75,93.0,22.0,25.011,121.458
74DA38F7C3B2,2026-02-18,12:57:33,18.87,67.0,15.0,24.929,121.378
74DA38F20C22,2026-02-18,12:57:34,20.62,100.0,1.0,22.729,120.357
74DA38F209A8,2026-02-18,12:57:36,-4.0,0.0,0.0,22.401,120.577
74DA38F7C40C,2026-02-18,12:57:42,14.62,100.0,0.0,24.995,121.52
74DA38F20D2E,2026-02-18,12:57:43,15.5,100.0,1.0,25.06,121.545
74DA38F7C4CC,2026-02-18,12:57:46,15.12,100.0,19.0,25.062,121.451
74DA38F20E9E,2026-02-18,12:57:51,15.12,100.0,30.0,24.648,121.151
74DA38F7C610,2026-02-18,12:57:53,17.25,78.0,24.0,25.063,121.564
74DA38F2113E,2026-02-18,12:57:55,-4.0,0.0,13.0,22.728,120.313
74DA38F20AAA,2026-02-18,12:57:57,14.5,100.0,13.0,24.6,120.999
74DA38F20DC0,2026-02-18,12:58:01,19.75,100.0,2.0,22.711,120.295
74DA38F210F6,2026-02-18,12:58:05,20.0,100.0,9.0,22.757426,121.158891
74DA38ED04F2,2026-02-18,12:58:13,17.25,100.0,7.0,23.468,121.496
74DA38F2118E,2026-02-18,12:58:20,12.62,100.0,42.0,26.148,119.935
74DA38F209A4,2026-02-18,12:58:22,21.87,100.0,0.0,22.702,120.572
74DA38F20BD0,2026-02-18,12:58:22,-4.0,0.0,24.0,22.688,120.408
74DA38F7C47C,2026-02-18,12:58:22,15.87,97.0,0.0,25.055,121.455
74DA38ED0454,2026-02-18,12:58:24,18.37,100.0,27.0,24.053,121.599
74DA38F7C260,2026-02-18,12:58:26,15.25,100.0,0.0,25.065,121.425
74DA38F7C29C,2026-02-18,12:58:26,15.75,100.0,24.0,25.02,121.416
74DA38ED05EA,2026-02-18,12:58:30,16.87,100.0,31.0,23.394,121.357
74DA38F7C524,2026-02-18,12:58:33,13.62,100.0,61.0,25.002,121.552
74DA38F20902,2026-02-18,12:58:34,20.25,100.0,2.0,22.204,120.7
74DA38F20AA4,2026-02-18,12:58:44,24.37,84.0,22.0,22.685,120.492
74DA38F7C600,2026-02-18,12:58:48,21.12,56.0,14.0,25.07,121.586
74DA38F7C53C,2026-02-18,12:58:55,14.12,100.0,0.0,25.11,121.804
74DA38F7C59C,2026-02-18,12:58:56,15.0,76.0,33.0,25.103,121.487
74DA38F20A30,2026-02-18,12:59:01,15.0,88.0,0.0,24.948,121.372
74DA38ED0640,2026-02-18,12:59:02,15.37,100.0,6.0,23.154,121.266
74DA38F7C5CE,2026-02-18,12:59:07,14.87,88.0,0.0,25.066,121.656
74DA38F20A78,2026-02-18,12:59:08,16.25,100.0,6.0,22.904,121.124
74DA38F20DE0,2026-02-18,12:59:08,22.5,100.0,1.0,22.589,120.328
74DA38F208E2,2026-02-18,12:59:16,15.5,100.0,33.0,24.688,121.766
74DA38F20B80,2026-02-18,12:59:16,20.25,100.0,0.0,22.599,120.35
74DA38F7C5A0,2026-02-18,12:59:17,15.12,90.0,0.0,25.107,121.518
74DA38F7C5E6,2026-02-18,12:59:19,15.87,100.0,16.0,25.107,121.843
74DA38F7C31C,2026-02-18,12:59:26,14.87,100.0,2.0,24.93,121.372
74DA38F7C30C,2026-02-18,12:59:28,15.25,94.0,0.0,24.975,121.532
74DA38F21048,2026-02-18,12:59:30,21.37,100.0,28.0,22.595,120.341
74DA38F20BE4,2026-02-18,12:59:35,13.62,100.0,39.0,24.791,120.957
74DA38F20C26,2026-02-18,12:59:39,21.37,71.0,29.0,22.676,120.342
74DA38F210E4,2026-02-18,12:59:45,18.12,100.0,31.0,23.24,120.696
74DA38F20DD0,2026-02-18,12:59:47,19.5,100.0,0.0,22.6080258,120.3229833
74DA38F7C464,2026-02-18,12:59:47,13.75,33.0,6.0,25.006,121.413
74DA38F207DE,2026-02-18,12:59:49,21.0,100.0,34.0,22.603,120.34
74DA38F209DE,2026-02-18,12:59:50,15.12,100.0,5.0,24.861,120.964
74DA38F20D70,2026-02-18,12:59:50,16.5,100.0,1.0,23.05,121.164
74DA38F21136,2026-02-18,13:00:10,15.12,100.0,19.0,25.119,121.505
74DA38F21088,2026-02-18,13:00:12,15.25,100.0,0.0,25.068,121.588
74DA38F7C47E,2026-02-18,13:00:12,15.37,100.0,33.0,25.053963,121.427681
74DA38F21054,2026-02-18,13:00:25,24.5,61.0,21.0,22.898,120.627
74DA38F20D4C,2026-02-18,13:00:26,18.62,100.0,0.0,22.971,121.303
74DA38F20AE6,2026-02-18,13:00:32,25.12,100.0,12.0,22.63,120.348
74DA38ED06E0,2026-02-18,13:00:35,19.0,94.0,0.0,23.601,121.521
74DA38F7C63C,2026-02-18,13:00:36,85.25,100.0,19.0,24.998,121.425
74DA38ED059C,2026-02-18,13:00:39,16.0,100.0,11.0,23.706,121.412
74DA38ED05B6,2026-02-18,13:00:40,16.12,100.0,23.0,23.43,121.348
74DA38F7C560,2026-02-18,13:00:54,14.37,77.0,0.0,25.079,121.671
74DA38F20B82,2026-02-18,13:00:55,-4.0,0.0,2.0,22.847,120.465
74DA38F21024,2026-02-18,13:00:57,15.5,100.0,0.0,24.93,121.036
74DA38F7C514,2026-02-18,13:00:57,15.5,98.0,26.0,25.051,121.518
74DA38F7C566,2026-02-18,13:01:01,16.62,100.0,0.0,25.051,121.448
74DA38F2104E,2026-02-18,13:01:06,20.75,100.0,32.0,23.108,120.7
74DA38F7C5BE,2026-02-18,13:01:14,15.87,79.0,30.0,25.092,121.523
74DA38F7C3BA,2026-02-18,13:01:15,118.87,46.0,129.0,25.174,121.441
74DA38F20E34,2026-02-18,13:01:17,21.25,74.0,22.0,22.586,120.313
74DA38F209EE,2026-02-18,13:01:23,19.37,100.0,0.0,23.026,121.33
74DA38F20F0A,2026-02-18,13:01:36,21.0,100.0,28.0,22.995,120.635
74DA38F7C366,2026-02-18,13:01:37,15.25,100.0,15.0,25.002,121.516
74DA38F20D1A,2026-02-18,13:01:50,15.62,84.0,0.0,25.078,121.541
74DA38F21204,2026-02-18,13:01:51,20.75,100.0,2.0,25.062,121.451
74DA38ED0630,2026-02-18,13:01:52,18.0,99.0,0.0,23.994,121.594
74DA38F209B2,2026-02-18,13:01:58,21.12,100.0,1.0,22.363,120.599
74DA38F20D2A,2026-02-18,13:02:12,15.87,71.0,0.0,25.048,121.573
74DA38F210A2,2026-02-18,13:02:24,15.25,100.0,6.0,25.12,121.466
74DA38F7C30E,2026-02-18,13:02:29,14.87,100.0,24.0,24.949,121.382
74DA38F20B88,2026-02-18,13:02:30,19.5,100.0,0.0,22.75,120.316
74DA38F7C39A,2026-02-18,13:02:34,15.5,100.0,0.0,25.002,121.414
74DA38F20D16,2026-02-18,13:02:37,16.0,100.0,30.0,25.062,121.526
74DA38F7C562,2026-02-18,13:02:42,14.12,100.0,25.0,25.021,121.418
74DA38F20B26,2026-02-18,13:02:52,20.62,100.0,23.0,22.783,120.247
74DA38F7C3DE,2026-02-18,13:03:10,15.87,100.0,300.0,24.972,121.537
74DA38F7C3DC,2026-02-18,13:03:11,14.37,100.0,30.0,25.003,121.539
74DA38F20E6E,2026-02-18,13:03:12,12.62,91.0,0.0,24.41,120.902
74DA38F209F8,2026-02-18,13:03:13,16.25,100.0,43.0,23.157,121.4
74DA38F7C3D6,2026-02-18,13:03:13,15.87,100.0,0.0,25.045,121.541
74DA38F20976,2026-02-18,13:03:14,15.5,86.0,33.0,25.127,121.746
74DA38F20B5C,2026-02-18,13:03:15,-4.0,0.0,33.0,22.798,120.293
74DA38F20D1E,2026-02-18,13:03:17,15.5,100.0,35.0,25.048,121.573
74DA38F7C37C,2026-02-18,13:03:17,12.62,100.0,0.0,25.111,121.856
74DA38F20BCA,2026-02-18,13:03:18,15.0,98.0,1.0,25.079,121.58
74DA38F7C41E,2026-02-18,13:03:27,16.5,74.0,25.0,25.054,121.517
74DA38F7C616,2026-02-18,13:03:37,15.25,100.0,0.0,25.031,121.563
74DA38F7C3B2,2026-02-18,13:03:41,18.87,67.0,14.0,24.929,121.378
74DA38F7C570,2026-02-18,13:03:43,14.75,100.0,2.0,25.239,121.63
74DA38F20EB2,2026-02-18,13:03:45,9.25,100.0,35.0,24.324,120.835
74DA38F7C338,2026-02-18,13:03:49,17.87,92.0,22.0,25.011,121.458
74DA38F7C40C,2026-02-18,13:03:49,14.62,100.0,0.0,24.995,121.52
74DA38F7C4CC,2026-02-18,13:03:55,15.25,100.0,19.0,25.062,121.451
74DA38F7C610,2026-02-18,13:04:01,17.12,78.0,24.0,25.063,121.564
74DA38F20C22,2026-02-18,13:04:02,20.5,100.0,1.0,22.729,120.357
74DA38F20AAA,2026-02-18,13:04:05,14.5,100.0,13.0,24.6,120.999
74DA38F20E9E,2026-02-18,13:04:08,15.12,100.0,26.0,24.648,121.151
74DA38F210F6,2026-02-18,13:04:11,19.87,100.0,7.0,22.757426,121.158891
74DA38F20D2E,2026-02-18,13:04:12,15.5,100.0,0.0,25.06,121.545
74DA38ED04F2,2026-02-18,13:04:22,17.12,100.0,7.0,23.468,121.496
74DA38F7C47C,2026-02-18,13:04:31,15.75,96.0,0.0,25.055,121.455
74DA38F20DC0,2026-02-18,13:04:33,19.75,100.0,1.0,22.711,120.295
74DA38F7C29C,2026-02-18,13:04:34,15.75,100.0,24.0,25.02,121.416
74DA38ED05EA,2026-02-18,13:04:40,16.87,100.0,28.0,23.394,121.357
74DA38F20902,2026-02-18,13:04:40,20.25,100.0,1.0,22.204,120.7
74DA38ED0454,2026-02-18,13:04:42,18.5,100.0,35.0,24.053,121.599
74DA38F20AA4,2026-02-18,13:04:51,24.37,84.0,22.0,22.685,120.492
74DA38F209A4,2026-02-18,13:04:52,21.75,100.0,0.0,22.702,120.572
74DA38F2118E,2026-02-18,13:04:53,12.62,100.0,40.0,26.148,119.935
74DA38F7C600,2026-02-18,13:04:53,21.12,56.0,14.0,25.07,121.586
74DA38F7C260,2026-02-18,13:04:57,15.37,100.0,0.0,25.065,121.425
74DA38F7C59C,2026-02-18,13:05:07,15.0,75.0,35.0,25.103,121.487
74DA38F7C524,2026-02-18,13:05:10,13.75,100.0,60.0,25.002,121.552
74DA38ED0640,2026-02-18,13:05:12,15.37,100.0,6.0,23.154,121.266
74DA38F20A78,2026-02-18,13:05:14,16.25,100.0,6.0,22.904,121.124
74DA38F2113E,2026-02-18,13:05:15,-4.0,0.0,13.0,22.728,120.313
74DA38F7C53C,2026-02-18,13:05:24,14.0,100.0,0.0,25.11,121.804
74DA38F208E2,2026-02-18,13:05:25,15.5,100.0,32.0,24.688,121.766
74DA38F7C5E6,2026-02-18,13:05:29,15.87,100.0,16.0,25.107,121.843
74DA38F7C30C,2026-02-18,13:05:36,15.25,94.0,0.0,24.975,121.532
74DA38F7C5CE,2026-02-18,13:05:36,14.75,88.0,1.0,25.066,121.656
74DA38F20DE0,2026-02-18,13:05:37,22.5,100.0,0.0,22.589,120.328
74DA38F20B80,2026-02-18,13:05:44,20.25,100.0,0.0,22.599,120.35
74DA38F7C5A0,2026-02-18,13:05:47,15.12,89.0,1.0,25.107,121.518
74DA38F20BE4,2026-02-18,13:05:49,13.62,100.0,39.0,24.791,120.957
74DA38F20A30,2026-02-18,13:05:50,15.0,88.0,0.0,24.948,121.372
74DA38F20C26,2026-02-18,13:05:53,21.12,71.0,33.0,22.676,120.342
74DA38F210E4,2026-02-18,13:05:54,18.12,100.0,30.0,23.24,120.696
74DA38F7C31C,2026-02-18,13:05:55,14.75,100.0,1.0,24.93,121.372
74DA38F20D70,2026-02-18,13:05:56,16.5,100.0,1.0,23.05,121.164
74DA38F207DE,2026-02-18,13:05:58,20.87,100.0,34.0,22.603,120.34
74DA38F21048,2026-02-18,13:06:03,21.5,100.0,27.0,22.595,120.341
74DA38F7C464,2026-02-18,13:06:17,13.62,33.0,5.0,25.006,121.413
74DA38F20DD0,2026-02-18,13:06:18,19.5,100.0,1.0,22.6080258,120.3229833
74DA38F209DE,2026-02-18,13:06:19,15.12,100.0,5.0,24.861,120.964
74DA38F7C47E,2026-02-18,13:06:28,15.37,100.0,32.0,25.053963,121.427681
74DA38F21054,2026-02-18,13:06:34,24.5,61.0,21.0,22.898,120.627
74DA38F20AE6,2026-02-18,13:06:38,25.12,100.0,12.0,22.63,120.348
74DA38ED06E0,2026-02-18,13:06:41,19.0,94.0,0.0,23.601,121.521
74DA38F21088,2026-02-18,13:06:41,15.25,100.0,1.0,25.068,121.588
74DA38F7C63C,2026-02-18,13:06:45,85.25,100.0,19.0,24.998,121.425
74DA38ED05B6,2026-02-18,13:06:47,16.12,100.0,23.0,23.43,121.348
74DA38ED059C,2026-02-18,13:06:48,16.0,100.0,11.0,23.706,121.412
74DA38F20D4C,2026-02-18,13:06:54,18.62,100.0,0.0,22.971,121.303
74DA38F7C514,2026-02-18,13:07:09,15.25,98.0,28.0,25.051,121.518
74DA38F209A8,2026-02-18,13:07:15,-4.0,0.0,0.0,22.401,120.577
74DA38F7C4DE,2026-02-18,13:07:17,15.12,100.0,0.0,25.09,121.462
74DA38F7C560,2026-02-18,13:07:23,14.25,85.0,0.0,25.079,121.671
74DA38F20E34,2026-02-18,13:07:25,21.37,74.0,21.0,22.586,120.313
74DA38F7C5BE,2026-02-18,13:07:26,15.75,79.0,30.0,25.092,121.523
74DA38F21024,2026-02-18,13:07:28,15.5,100.0,2.0,24.93,121.036
74DA38F209EE,2026-02-18,13:07:29,19.37,100.0,0.0,23.026,121.33
74DA38F7C566,2026-02-18,13:07:31,16.75,100.0,0.0,25.051,121.448
74DA38F20F0A,2026-02-18,13:07:43,21.0,100.0,32.0,22.995,120.635
74DA38F7C366,2026-02-18,13:07:43,15.37,100.0,13.0,25.002,121.516
74DA38F21204,2026-02-18,13:07:57,20.87,100.0,6.0,25.062,121.451
74DA38F20D1A,2026-02-18,13:08:20,15.62,83.0,1.0,25.078,121.541
74DA38F209B2,2026-02-18,13:08:26,21.0,100.0,0.0,22.363,120.599
74DA38ED0630,2026-02-18,13:08:31,18.12,99.0,0.0,23.994,121.594
74DA38F210A2,2026-02-18,13:08:32,15.0,100.0,8.0,25.12,121.466
74DA38F7C30E,2026-02-18,13:08:39,14.75,100.0,22.0,24.949,121.382
74DA38F20D2A,2026-02-18,13:08:45,15.87,70.0,0.0,25.048,121.573
74DA38F20D16,2026-02-18,13:08:49,15.87,100.0,31.0,25.062,121.526
74DA38F20BD0,2026-02-18,13:08:55,-4.0,0.0,24.0,22.688,120.408
74DA38F20B88,2026-02-18,13:08:59,19.37,100.0,0.0,22.75,120.316
74DA38F7C39A,2026-02-18,13:09:03,15.5,100.0,0.0,25.002,121.414
74DA38F7C3DE,2026-02-18,13:09:05,16.0,100.0,304.0,24.972,121.537
74DA38F20E6E,2026-02-18,13:09:13,12.75,91.0,0.0,24.41,120.902
74DA38F7C3DC,2026-02-18,13:09:20,14.37,100.0,31.0,25.003,121.539
74DA38F20976,2026-02-18,13:09:24,15.5,85.0,34.0,25.127,121.746
74DA38F20D1E,2026-02-18,13:09:31,15.5,100.0,34.0,25.048,121.573
74DA38F7C41E,2026-02-18,13:09:39,16.5,74.0,24.0,25.054,121.517
74DA38F209F8,2026-02-18,13:09:42,16.25,100.0,54.0,23.157,121.4
74DA38F7C3D6,2026-02-18,13:09:42,15.75,100.0,0.0,25.045,121.541
74DA38F7C37C,2026-02-18,13:09:45,12.62,100.0,0.0,25.111,121.856
74DA38F20BCA,2026-02-18,13:09:49,15.0,98.0,1.0,25.079,121.58
74DA38F7C3B2,2026-02-18,13:09:50,18.87,67.0,15.0,24.929,121.378
74DA38F7C616,2026-02-18,13:09:50,15.12,100.0,0.0,25.031,121.563
74DA38F7C40C,2026-02-18,13:09:55,14.75,100.0,0.0,24.995,121.52
74DA38F7C4CC,2026-02-18,13:10:02,15.0,100.0,18.0,25.062,121.451
74DA38F20EB2,2026-02-18,13:10:03,9.25,100.0,35.0,24.324,120.835
74DA38F7C338,2026-02-18,13:10:06,17.75,92.0,22.0,25.011,121.458
74DA38F7C610,2026-02-18,13:10:09,17.12,78.0,24.0,25.063,121.564
74DA38F7C570,2026-02-18,13:10:10,14.87,100.0,2.0,25.239,121.63
74DA38F20AAA,2026-02-18,13:10:13,14.37,100.0,13.0,24.6,120.999
74DA38F210F6,2026-02-18,13:10:17,20.0,100.0,6.0,22.757426,121.158891
74DA38F20B82,2026-02-18,13:10:27,-4.0,0.0,2.0,22.847,120.465
74DA38F20E9E,2026-02-18,13:10:27,15.12,100.0,29.0,24.648,121.151
74DA38F20C22,2026-02-18,13:10:31,20.12,100.0,2.0,22.729,120.357
74DA38ED04F2,2026-02-18,13:10:32,17.0,100.0,7.0,23.468,121.496
74DA38F20D2E,2026-02-18,13:10:40,15.5,100.0,0.0,25.06,121.545
74DA38F7C47C,2026-02-18,13:10:40,15.87,96.0,0.0,25.055,121.455
74DA38F7C29C,2026-02-18,13:10:43,15.87,100.0,25.0,25.02,121.416
74DA38F20902,2026-02-18,13:10:46,20.25,100.0,1.0,22.204,120.7
74DA38ED05EA,2026-02-18,13:10:47,16.75,100.0,27.0,23.394,121.357
74DA38ED0454,2026-02-18,13:10:56,18.5,100.0,32.0,24.053,121.599
74DA38F7C600,2026-02-18,13:10:59,21.25,55.0,14.0,25.07,121.586
74DA38F20AA4,2026-02-18,13:11:01,24.25,84.0,22.0,22.685,120.492
74DA38F20DC0,2026-02-18,13:11:03,19.62,100.0,3.0,22.711,120.295
74DA38F7C59C,2026-02-18,13:11:18,15.12,75.0,34.0,25.103,121.487
74DA38F209A4,2026-02-18,13:11:20,21.75,100.0,0.0,22.702,120.572
74DA38ED0640,2026-02-18,13:11:21,15.25,100.0,5.0,23.154,121.266
74DA38F20A78,2026-02-18,13:11:22,16.12,100.0,6.0,22.904,121.124
74DA38F2118E,2026-02-18,13:11:26,12.75,100.0,38.0,26.148,119.935
74DA38F7C260,2026-02-18,13:11:33,15.25,100.0,0.0,25.065,121.425
74DA38F208E2,2026-02-18,13:11:36,15.5,100.0,37.0,24.688,121.766
74DA38F7C30C,2026-02-18,13:11:43,15.37,94.0,0.0,24.975,121.532
74DA38F7C524,2026-02-18,13:11:46,13.62,100.0,61.0,25.002,121.552
74DA38F7C53C,2026-02-18,13:11:52,13.87,100.0,0.0,25.11,121.804
74DA38F20BE4,2026-02-18,13:12:01,13.75,100.0,40.0,24.791,120.957
74DA38F20D70,2026-02-18,13:12:02,16.5,100.0,1.0,23.05,121.164
74DA38F210E4,2026-02-18,13:12:03,18.12,100.0,31.0,23.24,120.696
74DA38F7C5CE,2026-02-18,13:12:03,14.75,88.0,1.0,25.066,121.656
74DA38F20DE0,2026-02-18,13:12:07,22.37,100.0,0.0,22.589,120.328
74DA38F20C26,2026-02-18,13:12:08,21.25,71.0,37.0,22.676,120.342
74DA38F207DE,2026-02-18,13:12:11,20.5,100.0,37.0,22.603,120.34
74DA38F20B80,2026-02-18,13:12:13,19.87,100.0,1.0,22.599,120.35
74DA38F7C5A0,2026-02-18,13:12:16,15.12,89.0,0.0,25.107,121.518
74DA38F20A30,2026-02-18,13:12:21,15.0,87.0,0.0,24.948,121.372
74DA38F7C31C,2026-02-18,13:12:23,14.75,100.0,2.0,24.93,121.372
74DA38F21136,2026-02-18,13:12:26,15.0,100.0,19.0,25.119,121.505
74DA38F2113E,2026-02-18,13:12:35,-4.0,0.0,9.0,22.728,120.313
74DA38F21048,2026-02-18,13:12:38,21.5,100.0,28.0,22.595,120.341
74DA38F21054,2026-02-18,13:12:40,24.5,61.0,20.0,22.898,120.627
74DA38F7C47E,2026-02-18,13:12:40,15.37,100.0,33.0,25.053963,121.427681
74DA38F20B5C,2026-02-18,13:12:41,-4.0,0.0,33.0,22.798,120.293
74DA38F20AE6,2026-02-18,13:12:44,25.12,100.0,12.0,22.63,120.348
74DA38F20DD0,2026-02-18,13:12:46,19.37,100.0,1.0,22.6080258,120.3229833
74DA38ED06E0,2026-02-18,13:12:47,19.12,94.0,0.0,23.601,121.521
74DA38F7C464,2026-02-18,13:12:47,13.62,31.0,7.0,25.006,121.413
74DA38F209DE,2026-02-18,13:12:50,15.12,100.0,4.0,24.861,120.964
74DA38F7C63C,2026-02-18,13:12:55,85.25,100.0,18.0,24.998,121.425
74DA38ED059C,2026-02-18,13:12:56,16.0,100.0,11.0,23.706,121.412
74DA38ED05B6,2026-02-18,13:12:56,16.0,100.0,20.0,23.43,121.348
74DA38F21088,2026-02-18,13:13:11,15.37,100.0,0.0,25.068,121.588
74DA38F7C3BA,2026-02-18,13:13:15,118.87,46.0,130.0,25.174,121.441
74DA38F7C514,2026-02-18,13:13:19,15.25,98.0,27.0,25.051,121.518
74DA38F20D4C,2026-02-18,13:13:21,18.62,100.0,0.0,22.971,121.303
74DA38F209EE,2026-02-18,13:13:35,19.5,100.0,0.0,23.026,121.33
74DA38F20E34,2026-02-18,13:13:35,21.37,74.0,22.0,22.586,120.313
74DA38F7C5BE,2026-02-18,13:13:37,15.87,78.0,30.0,25.092,121.523
74DA38F7C4DE,2026-02-18,13:13:49,15.37,100.0,0.0,25.09,121.462
74DA38F7C366,2026-02-18,13:13:50,15.37,100.0,14.0,25.002,121.516
74DA38F20F0A,2026-02-18,13:13:52,21.0,100.0,31.0,22.995,120.635
74DA38F7C560,2026-02-18,13:13:52,14.5,89.0,0.0,25.079,121.671
74DA38F21024,2026-02-18,13:13:56,15.5,100.0,1.0,24.93,121.036
74DA38F7C566,2026-02-18,13:13:59,16.75,100.0,0.0,25.051,121.448
74DA38F21204,2026-02-18,13:14:05,20.87,100.0,4.0,25.062,121.451
74DA38F210A2,2026-02-18,13:14:39,15.0,100.0,7.0,25.12,121.466
74DA38F20D1A,2026-02-18,13:14:49,15.5,83.0,0.0,25.078,121.541
74DA38F7C30E,2026-02-18,13:14:49,14.75,100.0,23.0,24.949,121.382
74DA38F209B2,2026-02-18,13:14:54,21.12,100.0,0.0,22.363,120.599
74DA38F20D16,2026-02-18,13:15:00,15.87,100.0,31.0,25.062,121.526
74DA38F7C3DE,2026-02-18,13:15:01,15.87,100.0,300.0,24.972,121.537
74DA38ED0630,2026-02-18,13:15:13,18.0,98.0,0.0,23.994,121.594
74DA38F20D2A,2026-02-18,13:15:13,15.75,70.0,0.0,25.048,121.573
74DA38F20E6E,2026-02-18,13:15:16,12.75,91.0,0.0,24.41,120.902
74DA38F20B88,2026-02-18,13:15:28,19.37,100.0,0.0,22.75,120.316
74DA38F7C39A,2026-02-18,13:15:31,15.5,100.0,0.0,25.002,121.414
74DA38F7C3DC,2026-02-18,13:15:31,14.37,100.0,31.0,25.003,121.539
74DA38F20976,2026-02-18,13:15:36,15.62,85.0,34.0,25.127,121.746
74DA38F7C562,2026-02-18,13:15:46,14.25,100.0,30.0,25.021,121.418
74DA38F7C41E,2026-02-18,13:15:48,16.62,74.0,24.0,25.054,121.517
74DA38F2104E,2026-02-18,13:15:51,20.37,100.0,32.0,23.108,120.7
74DA38F20D1E,2026-02-18,13:15:53,15.37,100.0,34.0,25.048,121.573
74DA38F20B26,2026-02-18,13:15:59,20.5,100.0,23.0,22.783,120.247
74DA38F7C3B2,2026-02-18,13:15:59,18.87,67.0,15.0,24.929,121.378
74DA38F7C40C,2026-02-18,13:16:02,14.62,100.0,0.0,24.995,121.52
74DA38F7C616,2026-02-18,13:16:02,15.25,100.0,0.0,25.031,121.563
74DA38F7C4CC,2026-02-18,13:16:09,15.25,100.0,17.0,25.062,121.451
74DA38F209F8,2026-02-18,13:16:12,16.25,100.0,57.0,23.157,121.4
74DA38F7C3D6,2026-02-18,13:16:12,15.62,100.0,0.0,25.045,121.541
74DA38F7C37C,2026-02-18,13:16:14,12.62,100.0,0.0,25.111,121.856
74DA38F20BCA,2026-02-18,13:16:18,14.87,97.0,0.0,25.079,121.58
74DA38F20EB2,2026-02-18,13:16:18,9.25,100.0,35.0,24.324,120.835
74DA38F20AAA,2026-02-18,13:16:20,14.5,100.0,11.0,24.6,120.999
74DA38F210F6,2026-02-18,13:16:22,20.0,100.0,8.0,22.757426,121.158891
74DA38F7C610,2026-02-18,13:16:22,17.12,77.0,26.0,25.063,121.564
74DA38F7C570,2026-02-18,13:16:39,14.87,100.0,1.0,25.239,121.63
74DA38F20E9E,2026-02-18,13:16:44,15.0,100.0,32.0,24.648,121.151
74DA38F7C47C,2026-02-18,13:16:48,15.87,95.0,0.0,25.055,121.455
74DA38F209A8,2026-02-18,13:16:51,-4.0,0.0,1.0,22.401,120.577
74DA38ED04F2,2026-02-18,13:16:52,17.12,100.0,7.0,23.468,121.496
74DA38F20902,2026-02-18,13:16:52,20.12,100.0,1.0,22.204,120.7
74DA38F7C29C,2026-02-18,13:16:53,15.87,100.0,27.0,25.02,121.416
74DA38ED05EA,2026-02-18,13:16:57,16.87,100.0,29.0,23.394,121.357
74DA38F7C600,2026-02-18,13:17:05,21.25,55.0,14.0,25.07,121.586
74DA38F20C22,2026-02-18,13:17:06,20.25,100.0,0.0,22.729,120.357
74DA38F20D2E,2026-02-18,13:17:10,15.5,100.0,0.0,25.06,121.545
74DA38F20AA4,2026-02-18,13:17:11,24.12,84.0,23.0,22.685,120.492
74DA38ED0454,2026-02-18,13:17:16,18.5,100.0,26.0,24.053,121.599
74DA38F20A78,2026-02-18,13:17:28,16.25,100.0,6.0,22.904,121.124
74DA38ED0640,2026-02-18,13:17:31,15.25,100.0,7.0,23.154,121.266
74DA38F20DC0,2026-02-18,13:17:31,19.62,100.0,1.0,22.711,120.295
74DA38F7C59C,2026-02-18,13:17:31,15.12,75.0,34.0,25.103,121.487
74DA38F208E2,2026-02-18,13:17:43,15.37,100.0,12.0,24.688,121.766
74DA38F209A4,2026-02-18,13:17:49,21.75,100.0,0.0,22.702,120.572
74DA38F2118E,2026-02-18,13:18:00,12.87,100.0,38.0,26.148,119.935
74DA38F7C30C,2026-02-18,13:18:01,15.37,94.0,0.0,24.975,121.532
74DA38F20D70,2026-02-18,13:18:08,16.5,100.0,2.0,23.05,121.164
74DA38F210E4,2026-02-18,13:18:12,18.12,100.0,29.0,23.24,120.696
74DA38F20BE4,2026-02-18,13:18:14,13.62,100.0,39.0,24.791,120.957
74DA38F7C260,2026-02-18,13:18:16,15.25,100.0,1.0,25.065,121.425
74DA38F20C26,2026-02-18,13:18:18,21.37,71.0,37.0,22.676,120.342
74DA38F7C53C,2026-02-18,13:18:19,13.87,100.0,0.0,25.11,121.804
74DA38F7C524,2026-02-18,13:18:20,13.62,100.0,60.0,25.002,121.552
74DA38F7C5E6,2026-02-18,13:18:20,15.75,100.0,16.0,25.107,121.843
74DA38F207DE,2026-02-18,13:18:21,20.62,100.0,38.0,22.603,120.34
74DA38F7C5CE,2026-02-18,13:18:33,14.62,87.0,3.0,25.066,121.656
74DA38F21136,2026-02-18,13:18:36,15.12,100.0,19.0,25.119,121.505
74DA38F20DE0,2026-02-18,13:18:37,22.25,100.0,1.0,22.589,120.328
74DA38F20B80,2026-02-18,13:18:40,19.62,100.0,0.0,22.599,120.35
74DA38F7C5A0,2026-02-18,13:18:46,15.12,89.0,2.0,25.107,121.518
74DA38F21054,2026-02-18,13:18:48,24.5,61.0,21.0,22.898,120.627
74DA38F20AE6,2026-02-18,13:18:49,25.12,100.0,12.0,22.63,120.348
74DA38F7C47E,2026-02-18,13:18:51,15.0,100.0,33.0,25.053963,121.427681
74DA38ED06E0,2026-02-18,13:18:53,19.0,94.0,0.0,23.601,121.521
74DA38F7C31C,2026-02-18,13:18:53,14.62,100.0,1.0,24.93,121.372
74DA38F20A30,2026-02-18,13:18:54,14.87,87.0,0.0,24.948,121.372
74DA38ED05B6,2026-02-18,13:19:03,16.12,100.0,21.0,23.43,121.348
74DA38ED059C,2026-02-18,13:19:04,15.75,100.0,13.0,23.706,121.412
74DA38F7C63C,2026-02-18,13:19:06,85.25,100.0,19.0,24.998,121.425
74DA38F21048,2026-02-18,13:19:12,21.37,100.0,31.0,22.595,120.341
74DA38F7C3BA,2026-02-18,13:19:15,118.87,46.0,127.0,25.174,121.441
74DA38F20DD0,2026-02-18,13:19:18,19.25,100.0,3.0,22.6080258,120.3229833
74DA38F209DE,2026-02-18,13:19:20,15.12,100.0,5.0,24.861,120.964
74DA38F7C464,2026-02-18,13:19:20,13.5,33.0,11.0,25.006,121.413
74DA38F20BD0,2026-02-18,13:19:31,-4.0,0.0,26.0,22.688,120.408
74DA38F7C514,2026-02-18,13:19:31,15.5,98.0,27.0,25.051,121.518
74DA38F21088,2026-02-18,13:19:39,15.25,100.0,0.0,25.068,121.588
74DA38F209EE,2026-02-18,13:19:42,19.5,100.0,0.0,23.026,121.33
74DA38F20D4C,2026-02-18,13:19:48,18.62,100.0,0.0,22.971,121.303
74DA38F7C5BE,2026-02-18,13:19:48,16.0,78.0,30.0,25.092,121.523
74DA38F20E34,2026-02-18,13:19:53,21.25,73.0,23.0,22.586,120.313
74DA38F2113E,2026-02-18,13:19:55,-4.0,0.0,7.0,22.728,120.313
74DA38F7C4DE,2026-02-18,13:19:57,15.5,100.0,0.0,25.09,121.462
74DA38F20B82,2026-02-18,13:20:00,-4.0,0.0,2.0,22.847,120.465
74DA38F7C366,2026-02-18,13:20:01,15.37,100.0,14.0,25.002,121.516
74DA38F20F0A,2026-02-18,13:20:03,21.0,100.0,22.0,22.995,120.635
74DA38F21204,2026-02-18,13:20:11,20.87,100.0,5.0,25.062,121.451
74DA38F7C560,2026-02-18,13:20:21,14.62,86.0,0.0,25.079,121.671
74DA38F21024,2026-02-18,13:20:25,15.62,100.0,0.0,24.93,121.036
74DA38F7C566,2026-02-18,13:20:28,16.75,100.0,0.0,25.051,121.448
74DA38F210A2,2026-02-18,13:20:45,15.0,100.0,7.0,25.12,121.466
74DA38F7C3DE,2026-02-18,13:20:56,15.75,100.0,307.0,24.972,121.537
74DA38F7C30E,2026-02-18,13:20:58,14.75,100.0,23.0,24.949,121.382
74DA38F20D16,2026-02-18,13:21:09,16.0,100.0,30.0,25.062,121.526
74DA38F20E6E,2026-02-18,13:21:17,12.75,91.0,0.0,24.41,120.902
74DA38F20D1A,2026-02-18,13:21:18,15.5,83.0,0.0,25.078,121.541
74DA38F209B2,2026-02-18,13:21:23,21.12,100.0,0.0,22.363,120.599
74DA38ED0630,2026-02-18,13:21:41,18.0,99.0,0.0,23.994,121.594
74DA38F7C3DC,2026-02-18,13:21:41,14.5,100.0,31.0,25.003,121.539
74DA38F20D2A,2026-02-18,13:21:45,15.87,71.0,0.0,25.048,121.573
74DA38F20976,2026-02-18,13:21:47,15.62,85.0,36.0,25.127,121.746
74DA38F20B88,2026-02-18,13:21:56,19.37,100.0,0.0,22.75,120.316
74DA38F7C39A,2026-02-18,13:22:01,15.5,100.0,0.0,25.002,121.414
74DA38F7C41E,2026-02-18,13:22:02,16.62,74.0,25.0,25.054,121.517
74DA38F2104E,2026-02-18,13:22:03,20.25,100.0,32.0,23.108,120.7
74DA38F20D1E,2026-02-18,13:22:07,15.37,100.0,34.0,25.048,121.573
74DA38F7C3B2,2026-02-18,13:22:07,18.87,67.0,15.0,24.929,121.378
74DA38F7C40C,2026-02-18,13:22:08,14.75,100.0,0.0,24.995,121.52
74DA38F20B5C,2026-02-18,13:22:10,-4.0,0.0,32.0,22.798,120.293
74DA38F7C562,2026-02-18,13:22:15,14.25,100.0,30.0,25.021,121.418
74DA38F7C4CC,2026-02-18,13:22:16,15.37,100.0,18.0,25.062,121.451
74DA38F20AAA,2026-02-18,13:22:26,14.5,100.0,10.0,24.6,120.999
74DA38F210F6,2026-02-18,13:22:29,20.0,100.0,19.0,22.757426,121.158891
74DA38F7C610,2026-02-18,13:22:32,17.12,78.0,25.0,25.063,121.564
74DA38F20EB2,2026-02-18,13:22:38,9.25,100.0,35.0,24.324,120.835
74DA38F209F8,2026-02-18,13:22:41,16.25,100.0,57.0,23.157,121.4
74DA38F7C37C,2026-02-18,13:22:42,12.62,100.0,0.0,25.111,121.856
74DA38F7C3D6,2026-02-18,13:22:43,15.75,100.0,0.0,25.045,121.541
74DA38F20BCA,2026-02-18,13:22:46,14.75,97.0,0.0,25.079,121.58
74DA38F20E9E,2026-02-18,13:22:57,15.0,100.0,27.0,24.648,121.151
74DA38F20902,2026-02-18,13:22:58,20.12,100.0,1.0,22.204,120.7
74DA38F7C47C,2026-02-18,13:22:58,15.87,95.0,0.0,25.055,121.455
74DA38F7C338,2026-02-18,13:22:59,17.75,92.0,23.0,25.011,121.458
74DA38ED04F2,2026-02-18,13:23:00,17.12,100.0,8.0,23.468,121.496
74DA38F7C29C,2026-02-18,13:23:05,15.75,100.0,28.0,25.02,121.416
74DA38ED05EA,2026-02-18,13:23:06,16.87,100.0,27.0,23.394,121.357
74DA38F7C570,2026-02-18,13:23:08,14.87,100.0,2.0,25.239,121.63
74DA38F7C600,2026-02-18,13:23:11,21.37,55.0,15.0,25.07,121.586
74DA38F20AA4,2026-02-18,13:23:21,24.25,84.0,22.0,22.685,120.492
74DA38F20C22,2026-02-18,13:23:34,20.12,100.0,0.0,22.729,120.357
74DA38F20A78,2026-02-18,13:23:35,16.25,100.0,6.0,22.904,121.124
74DA38ED0640,2026-02-18,13:23:37,15.25,100.0,7.0,23.154,121.266
74DA38F20D2E,2026-02-18,13:23:39,15.5,100.0,0.0,25.06,121.545
74DA38F7C59C,2026-02-18,13:23:41,15.12,75.0,35.0,25.103,121.487
74DA38ED0454,2026-02-18,13:23:42,18.5,100.0,21.0,24.053,121.599
74DA38F208E2,2026-02-18,13:23:55,15.5,100.0,39.0,24.688,121.766
74DA38F20DC0,2026-02-18,13:24:00,19.62,100.0,0.0,22.711,120.295
74DA38F20D70,2026-02-18,13:24:13,16.5,100.0,2.0,23.05,121.164
74DA38F209A4,2026-02-18,13:24:17,21.37,100.0,0.0,22.702,120.572
74DA38F210E4,2026-02-18,13:24:23,18.37,100.0,30.0,23.24,120.696
74DA38F7C30C,2026-02-18,13:24:23,15.37,94.0,0.0,24.975,121.532
74DA38F20BE4,2026-02-18,13:24:26,13.75,100.0,38.0,24.791,120.957
74DA38F7C5E6,2026-02-18,13:24:28,15.75,100.0,16.0,25.107,121.843
74DA38F2118E,2026-02-18,13:24:31,12.87,100.0,35.0,26.148,119.935
74DA38F207DE,2026-02-18,13:24:32,20.5,100.0,39.0,22.603,120.34
74DA38F20C26,2026-02-18,13:24:32,21.62,70.0,37.0,22.676,120.342
74DA38F21136,2026-02-18,13:24:45,15.12,100.0,19.0,25.119,121.505
74DA38F7C260,2026-02-18,13:24:46,15.25,100.0,0.0,25.065,121.425
74DA38F7C53C,2026-02-18,13:24:48,13.75,100.0,0.0,25.11,121.804
74DA38F20AE6,2026-02-18,13:24:55,25.12,100.0,13.0,22.63,120.348
74DA38F21054,2026-02-18,13:24:55,24.5,62.0,20.0,22.898,120.627
74DA38F7C524,2026-02-18,13:24:56,13.62,100.0,60.0,25.002,121.552
74DA38ED06E0,2026-02-18,13:25:00,19.0,94.0,0.0,23.601,121.521
74DA38F7C5CE,2026-02-18,13:25:01,14.5,87.0,1.0,25.066,121.656
74DA38F7C47E,2026-02-18,13:25:04,15.25,100.0,33.0,25.053963,121.427681
74DA38F20DE0,2026-02-18,13:25:06,22.12,100.0,0.0,22.589,120.328
74DA38ED059C,2026-02-18,13:25:11,15.75,100.0,12.0,23.706,121.412
74DA38ED05B6,2026-02-18,13:25:11,16.12,100.0,21.0,23.43,121.348
74DA38F20B80,2026-02-18,13:25:12,19.37,100.0,1.0,22.599,120.35
74DA38F7C63C,2026-02-18,13:25:15,85.25,100.0,18.0,24.998,121.425
74DA38F7C3BA,2026-02-18,13:25:16,118.87,46.0,128.0,25.174,121.441
74DA38F7C5A0,2026-02-18,13:25:16,15.12,89.0,1.0,25.107,121.518
74DA38F7C31C,2026-02-18,13:25:24,14.62,100.0,2.0,24.93,121.372
74DA38F20A30,2026-02-18,13:25:25,15.0,87.0,0.0,24.948,121.372
74DA38F21048,2026-02-18,13:25:43,21.12,100.0,34.0,22.595,120.341
74DA38F7C514,2026-02-18,13:25:43,15.5,98.0,27.0,25.051,121.518
74DA38F209EE,2026-02-18,13:25:47,19.62,100.0,0.0,23.026,121.33
74DA38F209DE,2026-02-18,13:25:48,15.0,100.0,5.0,24.861,120.964
74DA38F20DD0,2026-02-18,13:25:53,19.12,100.0,1.0,22.6080258,120.3229833
74DA38F7C5BE,2026-02-18,13:26:00,16.0,77.0,30.0,25.092,121.523
74DA38F7C464,2026-02-18,13:26:04,13.37,33.0,8.0,25.006,121.413
74DA38F20E34,2026-02-18,13:26:05,21.25,73.0,26.0,22.586,120.313
74DA38F7C4DE,2026-02-18,13:26:08,15.5,100.0,0.0,25.09,121.462
74DA38F21088,2026-02-18,13:26:09,15.25,100.0,0.0,25.068,121.588
74DA38F7C366,2026-02-18,13:26:10,15.25,100.0,15.0,25.002,121.516
74DA38F20F0A,2026-02-18,13:26:13,21.12,100.0,32.0,22.995,120.635
74DA38F20D4C,2026-02-18,13:26:17,18.62,100.0,1.0,22.971,121.303
74DA38F21204,2026-02-18,13:26:18,20.75,100.0,3.0,25.062,121.451
74DA38F209A8,2026-02-18,13:26:29,-4.0,0.0,1.0,22.401,120.577
74DA38F7C560,2026-02-18,13:26:50,14.62,86.0,0.0,25.079,121.671
74DA38F210A2,2026-02-18,13:26:51,15.12,100.0,8.0,25.12,121.466
74DA38F7C3DE,2026-02-18,13:26:52,15.75,100.0,308.0,24.972,121.537
74DA38F21024,2026-02-18,13:26:55,15.62,100.0,0.0,24.93,121.036
74DA38F7C566,2026-02-18,13:26:56,16.75,100.0,0.0,25.051,121.448
74DA38F2113E,2026-02-18,13:27:13,-4.0,0.0,6.0,22.728,120.313
74DA38F7C30E,2026-02-18,13:27:13,14.62,100.0,22.0,24.949,121.382
74DA38F20E6E,2026-02-18,13:27:18,12.75,91.0,0.0,24.41,120.902
74DA38F20D16,2026-02-18,13:27:22,16.0,100.0,30.0,25.062,121.526
74DA38F20D1A,2026-02-18,13:27:48,15.62,83.0,0.0,25.078,121.541
74DA38F209B2,2026-02-18,13:27:49,21.0,100.0,0.0,22.363,120.599
74DA38F7C3DC,2026-02-18,13:27:51,14.5,100.0,30.0,25.003,121.539
74DA38F20976,2026-02-18,13:27:59,15.5,86.0,36.0,25.127,121.746
74DA38ED0630,2026-02-18,13:28:09,18.12,99.0,0.0,23.994,121.594
74DA38F20D2A,2026-02-18,13:28:14,15.87,71.0,0.0,25.048,121.573
74DA38F2104E,2026-02-18,13:28:14,20.0,100.0,33.0,23.108,120.7
74DA38F7C41E,2026-02-18,13:28:14,16.75,73.0,24.0,25.054,121.517
74DA38F7C3B2,2026-02-18,13:28:16,18.87,66.0,15.0,24.929,121.378
74DA38F7C40C,2026-02-18,13:28:16,14.75,100.0,0.0,24.995,121.52
74DA38F20D1E,2026-02-18,13:28:19,15.25,100.0,34.0,25.048,121.573
74DA38F20B88,2026-02-18,13:28:25,19.37,100.0,0.0,22.75,120.316
74DA38F7C4CC,2026-02-18,13:28:27,15.25,100.0,22.0,25.062,121.451
74DA38F7C39A,2026-02-18,13:28:29,15.37,100.0,0.0,25.002,121.414
74DA38F7C562,2026-02-18,13:28:29,14.75,99.0,30.0,25.021,121.418
74DA38F20AAA,2026-02-18,13:28:34,14.5,100.0,11.0,24.6,120.999
74DA38F210F6,2026-02-18,13:28:35,20.12,100.0,14.0,22.757426,121.158891
74DA38F7C610,2026-02-18,13:28:42,17.12,77.0,26.0,25.063,121.564
74DA38F20EB2,2026-02-18,13:28:55,9.37,100.0,33.0,24.324,120.835
74DA38F20B26,2026-02-18,13:29:01,20.5,100.0,24.0,22.783,120.247
74DA38F20902,2026-02-18,13:29:04,20.0,100.0,1.0,22.204,120.7
74DA38F7C616,2026-02-18,13:29:06,15.25,100.0,0.0,25.031,121.563
74DA38F7C47C,2026-02-18,13:29:07,15.87,95.0,0.0,25.055,121.455
74DA38ED04F2,2026-02-18,13:29:10,17.0,100.0,9.0,23.468,121.496
74DA38F209F8,2026-02-18,13:29:10,16.25,100.0,36.0,23.157,121.4
74DA38F7C3D6,2026-02-18,13:29:10,15.75,100.0,0.0,25.045,121.541
74DA38F7C37C,2026-02-18,13:29:13,12.62,100.0,0.0,25.111,121.856
74DA38ED05EA,2026-02-18,13:29:16,16.87,100.0,32.0,23.394,121.357
74DA38F20E9E,2026-02-18,13:29:16,15.0,100.0,31.0,24.648,121.151
74DA38F7C29C,2026-02-18,13:29:18,15.75,100.0,28.0,25.02,121.416
74DA38F7C600,2026-02-18,13:29:18,21.5,55.0,15.0,25.07,121.586
74DA38F7C338,2026-02-18,13:29:27,17.75,92.0,23.0,25.011,121.458
74DA38F20AA4,2026-02-18,13:29:30,24.12,84.0,22.0,22.685,120.492
74DA38F20B82,2026-02-18,13:29:33,-4.0,0.0,2.0,22.847,120.465
74DA38F7C570,2026-02-18,13:29:36,14.87,100.0,1.0,25.239,121.63
74DA38F20A78,2026-02-18,13:29:42,16.12,100.0,6.0,22.904,121.124
74DA38ED0640,2026-02-18,13:29:44,15.12,100.0,6.0,23.154,121.266
74DA38F7C59C,2026-02-18,13:29:49,15.25,74.0,35.0,25.103,121.487
74DA38F208E2,2026-02-18,13:30:02,15.37,100.0,11.0,24.688,121.766
74DA38F20C22,2026-02-18,13:30:03,20.0,100.0,3.0,22.729,120.357
74DA38F20D2E,2026-02-18,13:30:08,15.62,100.0,0.0,25.06,121.545
74DA38F20BD0,2026-02-18,13:30:09,-4.0,0.0,26.0,22.688,120.408
74DA38F20D70,2026-02-18,13:30:20,16.5,100.0,2.0,23.05,121.164
74DA38F20DC0,2026-02-18,13:30:27,19.62,100.0,0.0,22.711,120.295
74DA38F210E4,2026-02-18,13:30:32,18.37,100.0,30.0,23.24,120.696
74DA38F7C30C,2026-02-18,13:30:32,15.37,94.0,0.0,24.975,121.532
74DA38F20BE4,2026-02-18,13:30:38,13.75,100.0,38.0,24.791,120.957
74DA38F7C5E6,2026-02-18,13:30:39,15.75,100.0,16.0,25.107,121.843
74DA38F207DE,2026-02-18,13:30:45,20.37,100.0,40.0,22.603,120.34
74DA38F20C26,2026-02-18,13:30:46,21.37,70.0,37.0,22.676,120.342
74DA38F209A4,2026-02-18,13:30:50,21.0,100.0,0.0,22.702,120.572
74DA38F21136,2026-02-18,13:30:52,15.0,100.0,19.0,25.119,121.505
74DA38F20AE6,2026-02-18,13:31:02,25.0,100.0,13.0,22.63,120.348
74DA38F21054,2026-02-18,13:31:02,24.5,62.0,20.0,22.898,120.627
74DA38F2118E,2026-02-18,13:31:03,12.87,100.0,32.0,26.148,119.935
74DA38ED06E0,2026-02-18,13:31:07,19.0,94.0,0.0,23.601,121.521
74DA38F7C47E,2026-02-18,13:31:17,15.37,100.0,33.0,25.053963,121.427681
74DA38F7C260,2026-02-18,13:31:18,15.37,100.0,1.0,25.065,121.425
74DA38ED05B6,2026-02-18,13:31:19,16.25,100.0,21.0,23.43,121.348
74DA38ED059C,2026-02-18,13:31:20,16.0,100.0,12.0,23.706,121.412
74DA38F7C3BA,2026-02-18,13:31:20,118.87,46.0,124.0,25.174,121.441
74DA38F7C53C,2026-02-18,13:31:23,13.62,100.0,0.0,25.11,121.804
74DA38F7C63C,2026-02-18,13:31:25,85.25,100.0,19.0,24.998,121.425
74DA38F7C5CE,2026-02-18,13:31:29,14.5,87.0,1.0,25.066,121.656
74DA38F7C524,2026-02-18,13:31:32,13.62,100.0,59.0,25.002,121.552
74DA38F20B5C,2026-02-18,13:31:36,-4.0,0.0,33.0,22.798,120.293
74DA38F20DE0,2026-02-18,13:31:36,22.12,100.0,0.0,22.589,120.328
74DA38F20B80,2026-02-18,13:31:40,19.37,100.0,1.0,22.599,120.35
74DA38F7C5A0,2026-02-18,13:31:44,15.12,89.0,1.0,25.107,121.518
74DA38F209EE,2026-02-18,13:31:52,19.5,100.0,0.0,23.026,121.33
74DA38F7C31C,2026-02-18,13:31:53,14.62,100.0,1.0,24.93,121.372
74DA38F7C514,2026-02-18,13:31:53,15.5,97.0,28.0,25.051,121.518
74DA38F20A30,2026-02-18,13:31:57,15.0,86.0,1.0,24.948,121.372
74DA38F7C5BE,2026-02-18,13:32:13,16.0,78.0,31.0,25.092,121.523
74DA38F20E34,2026-02-18,13:32:15,21.12,73.0,28.0,22.586,120.313
74DA38F21048,2026-02-18,13:32:16,21.12,100.0,35.0,22.595,120.341
74DA38F209DE,2026-02-18,13:32:17,15.12,100.0,3.0,24.861,120.964
74DA38F7C366,2026-02-18,13:32:19,15.25,100.0,13.0,25.002,121.516
74DA38F20F0A,2026-02-18,13:32:22,20.87,100.0,27.0,22.995,120.635
74DA38F21204,2026-02-18,13:32:26,20.87,100.0,4.0,25.062,121.451
74DA38F20DD0,2026-02-18,13:32:27,19.12,100.0,4.0,22.6080258,120.3229833
74DA38F7C464,2026-02-18,13:32:38,13.37,31.0,9.0,25.006,121.413
74DA38F21088,2026-02-18,13:32:40,15.25,100.0,0.0,25.068,121.588
74DA38F20D4C,2026-02-18,13:32:44,18.5,100.0,0.0,22.971,121.303
74DA38F7C4DE,2026-02-18,13:32:47,15.37,100.0,0.0,25.09,121.462
74DA38F7C3DE,2026-02-18,13:32:50,15.75,100.0,309.0,24.972,121.537
74DA38F210A2,2026-02-18,13:32:57,15.0,100.0,7.0,25.12,121.466
74DA38F7C560,2026-02-18,13:33:18,14.75,83.0,0.0,25.079,121.671
74DA38F20E6E,2026-02-18,13:33:19,12.87,91.0,0.0,24.41,120.902
74DA38F7C30E,2026-02-18,13:33:21,14.62,100.0,22.0,24.949,121.382
74DA38F21024,2026-02-18,13:33:24,15.5,100.0,0.0,24.93,121.036
74DA38F7C566,2026-02-18,13:33:24,16.62,100.0,0.0,25.051,121.448
74DA38F20D16,2026-02-18,13:33:34,16.0,100.0,31.0,25.062,121.526
74DA38F7C3DC,2026-02-18,13:34:02,14.5,100.0,30.0,25.003,121.539
74DA38F20976,2026-02-18,13:34:12,15.5,86.0,37.0,25.127,121.746
74DA38F209B2,2026-02-18,13:34:17,21.25,100.0,0.0,22.363,120.599
74DA38F20D1A,2026-02-18,13:34:21,15.62,83.0,0.0,25.078,121.541
74DA38F7C3B2,2026-02-18,13:34:24,18.87,66.0,15.0,24.929,121.378
74DA38F7C40C,2026-02-18,13:34:24,14.75,100.0,0.0,24.995,121.52
74DA38F7C41E,2026-02-18,13:34:25,16.5,74.0,25.0,25.054,121.517
74DA38F2104E,2026-02-18,13:34:27,20.25,100.0,34.0,23.108,120.7
74DA38F2113E,2026-02-18,13:34:33,-4.0,0.0,3.0,22.728,120.313
74DA38F20D1E,2026-02-18,13:34:35,15.12,100.0,35.0,25.048,121.573
74DA38F7C4CC,2026-02-18,13:34:35,15.25,100.0,20.0,25.062,121.451
74DA38F210F6,2026-02-18,13:34:40,20.12,100.0,9.0,22.757426,121.158891
74DA38ED0630,2026-02-18,13:34:42,18.12,99.0,0.0,23.994,121.594
74DA38F20AAA,2026-02-18,13:34:42,14.37,100.0,11.0,24.6,120.999
74DA38F20D2A,2026-02-18,13:34:43,15.75,71.0,0.0,25.048,121.573
74DA38F7C562,2026-02-18,13:34:44,14.37,100.0,31.0,25.021,121.418
74DA38F7C610,2026-02-18,13:34:50,17.12,77.0,26.0,25.063,121.564
74DA38F20B88,2026-02-18,13:34:53,19.5,100.0,0.0,22.75,120.316
74DA38F7C39A,2026-02-18,13:34:59,15.37,100.0,0.0,25.002,121.414
74DA38F20902,2026-02-18,13:35:09,20.0,100.0,1.0,22.204,120.7
74DA38F20EB2,2026-02-18,13:35:09,9.37,100.0,33.0,24.324,120.835
74DA38F7C616,2026-02-18,13:35:13,15.25,100.0,0.0,25.031,121.563
74DA38F7C47C,2026-02-18,13:35:15,15.87,94.0,0.0,25.055,121.455
74DA38ED04F2,2026-02-18,13:35:17,17.0,100.0,10.0,23.468,121.496
74DA38F7C600,2026-02-18,13:35:23,21.5,52.0,14.0,25.07,121.586
74DA38ED05EA,2026-02-18,13:35:26,16.87,100.0,36.0,23.394,121.357
74DA38F7C29C,2026-02-18,13:35:27,15.75,100.0,27.0,25.02,121.416
74DA38F20E9E,2026-02-18,13:35:34,15.12,100.0,28.0,24.648,121.151
74DA38F20AA4,2026-02-18,13:35:38,24.12,84.0,22.0,22.685,120.492
74DA38F7C3D6,2026-02-18,13:35:39,15.75,100.0,0.0,25.045,121.541
74DA38F209F8,2026-02-18,13:35:41,16.25,100.0,17.0,23.157,121.4
74DA38F7C37C,2026-02-18,13:35:42,12.62,100.0,0.0,25.111,121.856
74DA38F7C338,2026-02-18,13:35:46,17.75,92.0,23.0,25.011,121.458
74DA38F20A78,2026-02-18,13:35:49,16.25,100.0,7.0,22.904,121.124
74DA38ED0640,2026-02-18,13:35:50,14.87,100.0,7.0,23.154,121.266
74DA38F7C59C,2026-02-18,13:35:59,15.25,74.0,34.0,25.103,121.487
74DA38F20BCA,2026-02-18,13:36:00,14.75,97.0,0.0,25.079,121.58
74DA38F7C570,2026-02-18,13:36:05,14.87,100.0,2.0,25.239,121.63
74DA38F209A8,2026-02-18,13:36:07,-4.0,0.0,0.0,22.401,120.577
74DA38ED0454,2026-02-18,13:36:09,18.37,100.0,24.0,24.053,121.599
74DA38F208E2,2026-02-18,13:36:09,15.37,100.0,13.0,24.688,121.766
74DA38F20D70,2026-02-18,13:36:26,16.37,100.0,1.0,23.05,121.164
74DA38F20C22,2026-02-18,13:36:31,20.25,100.0,0.0,22.729,120.357
74DA38F20D2E,2026-02-18,13:36:37,15.5,100.0,0.0,25.06,121.545
74DA38F210E4,2026-02-18,13:36:46,18.25,100.0,34.0,23.24,120.696
74DA38F7C5E6,2026-02-18,13:36:46,15.87,100.0,17.0,25.107,121.843
74DA38F7C30C,2026-02-18,13:36:47,15.37,94.0,0.0,24.975,121.532
74DA38F20BE4,2026-02-18,13:36:49,13.87,100.0,37.0,24.791,120.957
74DA38F207DE,2026-02-18,13:36:55,20.62,100.0,40.0,22.603,120.34
74DA38F20C26,2026-02-18,13:36:58,21.25,70.0,35.0,22.676,120.342
74DA38F20DC0,2026-02-18,13:36:59,19.62,100.0,1.0,22.711,120.295
74DA38F21136,2026-02-18,13:37:02,14.87,100.0,19.0,25.119,121.505
74DA38F20AE6,2026-02-18,13:37:09,25.12,100.0,13.0,22.63,120.348
74DA38F21054,2026-02-18,13:37:09,24.37,62.0,20.0,22.898,120.627
74DA38ED06E0,2026-02-18,13:37:14,19.0,94.0,0.0,23.601,121.521
74DA38F209A4,2026-02-18,13:37:20,20.5,100.0,1.0,22.702,120.572
74DA38F7C3BA,2026-02-18,13:37:24,118.87,46.0,125.0,25.174,121.441
74DA38ED05B6,2026-02-18,13:37:25,16.5,100.0,20.0,23.43,121.348
74DA38ED059C,2026-02-18,13:37:28,16.0,100.0,11.0,23.706,121.412
74DA38F7C47E,2026-02-18,13:37:29,15.5,100.0,34.0,25.053963,121.427681
74DA38F2118E,2026-02-18,13:37:34,12.75,100.0,29.0,26.148,119.935
74DA38F7C63C,2026-02-18,13:37:35,85.25,100.0,18.0,24.998,121.425
74DA38F7C260,2026-02-18,13:37:47,15.37,100.0,0.0,25.065,121.425
74DA38F7C53C,2026-02-18,13:37:50,13.75,100.0,0.0,25.11,121.804
74DA38F7C5CE,2026-02-18,13:37:57,14.5,87.0,1.0,25.066,121.656
74DA38F209EE,2026-02-18,13:37:58,19.62,100.0,0.0,23.026,121.33
74DA38F7C514,2026-02-18,13:38:05,15.62,97.0,27.0,25.051,121.518
74DA38F7C524,2026-02-18,13:38:05,13.62,100.0,59.0,25.002,121.552
74DA38F20DE0,2026-02-18,13:38:06,22.25,100.0,1.0,22.589,120.328
74DA38F20B80,2026-02-18,13:38:08,19.37,100.0,1.0,22.599,120.35
74DA38F7C5A0,2026-02-18,13:38:13,15.12,89.0,2.0,25.107,121.518
74DA38F7C5BE,2026-02-18,13:38:24,15.87,78.0,31.0,25.092,121.523
74DA38F7C31C,2026-02-18,13:38:26,14.62,100.0,1.0,24.93,121.372
74DA38F20A30,2026-02-18,13:38:28,15.0,86.0,0.0,24.948,121.372
74DA38F7C366,2026-02-18,13:38:28,15.25,100.0,14.0,25.002,121.516
74DA38F20E34,2026-02-18,13:38:29,21.12,73.0,30.0,22.586,120.313
74DA38F20F0A,2026-02-18,13:38:32,20.75,100.0,33.0,22.995,120.635
74DA38F21204,2026-02-18,13:38:32,20.87,100.0,5.0,25.062,121.451
74DA38F7C3DE,2026-02-18,13:38:45,15.75,100.0,303.0,24.972,121.537
74DA38F209DE,2026-02-18,13:38:48,15.25,100.0,3.0,24.861,120.964
74DA38F21048,2026-02-18,13:38:50,21.0,100.0,39.0,22.595,120.341
74DA38F20DD0,2026-02-18,13:38:59,19.12,100.0,4.0,22.6080258,120.3229833
74DA38F210A2,2026-02-18,13:39:03,15.0,100.0,9.0,25.12,121.466
74DA38F20B82,2026-02-18,13:39:05,-4.0,0.0,3.0,22.847,120.465
74DA38F21088,2026-02-18,13:39:10,15.12,100.0,1.0,25.068,121.588
74DA38F7C464,2026-02-18,13:39:10,13.37,32.0,7.0,25.006,121.413
74DA38F20D4C,2026-02-18,13:39:11,18.62,100.0,0.0,22.971,121.303
74DA38F7C4DE,2026-02-18,13:39:15,15.5,100.0,0.0,25.09,121.462
74DA38F20E6E,2026-02-18,13:39:22,12.87,91.0,0.0,24.41,120.902
74DA38F7C30E,2026-02-18,13:39:30,14.75,100.0,22.0,24.949,121.382
74DA38F7C27E,2026-02-18,13:39:41,16.5,88.0,30.0,25.053,121.444
74DA38F20D16,2026-02-18,13:39:45,15.87,100.0,32.0,25.062,121.526
74DA38F7C560,2026-02-18,13:39:47,14.87,80.0,0.0,25.079,121.671
74DA38F21024,2026-02-18,13:39:53,15.62,100.0,0.0,24.93,121.036
74DA38F7C566,2026-02-18,13:39:53,16.62,100.0,0.0,25.051,121.448
74DA38F7C3DC,2026-02-18,13:40:11,14.5,100.0,31.0,25.003,121.539
74DA38F20976,2026-02-18,13:40:26,15.37,87.0,39.0,25.127,121.746
74DA38F7C3B2,2026-02-18,13:40:31,18.87,66.0,15.0,24.929,121.378
74DA38F7C40C,2026-02-18,13:40:31,14.62,100.0,0.0,24.995,121.52
74DA38F7C41E,2026-02-18,13:40:36,16.5,74.0,25.0,25.054,121.517
74DA38F2104E,2026-02-18,13:40:38,20.12,100.0,33.0,23.108,120.7
74DA38F20BD0,2026-02-18,13:40:45,-4.0,0.0,27.0,22.688,120.408
74DA38F210F6,2026-02-18,13:40:45,20.25,100.0,8.0,22.757426,121.158891
74DA38F7C4CC,2026-02-18,13:40:45,15.25,100.0,20.0,25.062,121.451
74DA38F209B2,2026-02-18,13:40:46,21.0,100.0,0.0,22.363,120.599
74DA38F20AAA,2026-02-18,13:40:47,14.5,100.0,11.0,24.6,120.999
74DA38F20D1A,2026-02-18,13:40:50,15.62,83.0,0.0,25.078,121.541
74DA38F20D1E,2026-02-18,13:40:52,15.25,100.0,36.0,25.048,121.573
74DA38F7C610,2026-02-18,13:41:00,17.12,78.0,26.0,25.063,121.564
74DA38F20B5C,2026-02-18,13:41:01,-4.0,0.0,33.0,22.798,120.293
74DA38F20D2A,2026-02-18,13:41:12,15.75,71.0,0.0,25.048,121.573
74DA38F20902,2026-02-18,13:41:15,19.87,100.0,1.0,22.204,120.7
74DA38F20B88,2026-02-18,13:41:21,19.25,100.0,0.0,22.75,120.316
74DA38F20EB2,2026-02-18,13:41:21,9.5,100.0,32.0,24.324,120.835
74DA38ED0630,2026-02-18,13:41:22,18.25,99.0,0.0,23.994,121.594
74DA38F7C47C,2026-02-18,13:41:24,15.87,94.0,0.0,25.055,121.455
74DA38ED04F2,2026-02-18,13:41:28,17.0,100.0,10.0,23.468,121.496
74DA38F7C39A,2026-02-18,13:41:29,15.37,100.0,0.0,25.002,121.414
74DA38F7C600,2026-02-18,13:41:29,21.5,51.0,15.0,25.07,121.586
74DA38F7C616,2026-02-18,13:41:31,15.25,100.0,0.0,25.031,121.563
74DA38ED05EA,2026-02-18,13:41:35,16.87,100.0,34.0,23.394,121.357
74DA38F20B26,2026-02-18,13:41:38,20.62,100.0,39.0,22.783,120.247
74DA38F7C29C,2026-02-18,13:41:39,15.62,100.0,28.0,25.02,121.416
74DA38F20AA4,2026-02-18,13:41:47,24.12,84.0,24.0,22.685,120.492
74DA38F20E9E,2026-02-18,13:41:50,15.0,100.0,28.0,24.648,121.151
74DA38F2113E,2026-02-18,13:41:50,-4.0,0.0,4.0,22.728,120.313
74DA38ED0640,2026-02-18,13:41:56,14.75,100.0,7.0,23.154,121.266
74DA38F20A78,2026-02-18,13:41:56,16.25,100.0,8.0,22.904,121.124
74DA38F7C3D6,2026-02-18,13:42:09,15.62,100.0,0.0,25.045,121.541
74DA38F7C59C,2026-02-18,13:42:10,15.25,74.0,34.0,25.103,121.487
74DA38F7C37C,2026-02-18,13:42:11,12.75,100.0,0.0,25.111,121.856
74DA38F209F8,2026-02-18,13:42:12,16.25,100.0,32.0,23.157,121.4
74DA38F7C338,2026-02-18,13:42:14,17.75,91.0,23.0,25.011,121.458
74DA38F208E2,2026-02-18,13:42:15,15.37,100.0,12.0,24.688,121.766
74DA38ED0454,2026-02-18,13:42:30,18.37,100.0,25.0,24.053,121.599
74DA38F20BCA,2026-02-18,13:42:30,14.75,97.0,0.0,25.079,121.58
74DA38F20D70,2026-02-18,13:42:32,16.37,100.0,1.0,23.05,121.164
74DA38F7C570,2026-02-18,13:42:34,14.87,100.0,0.0,25.239,121.63
74DA38F210E4,2026-02-18,13:42:57,18.25,100.0,28.0,23.24,120.696
74DA38F7C5E6,2026-02-18,13:42:58,15.87,100.0,16.0,25.107,121.843
74DA38F20C22,2026-02-18,13:42:59,20.62,100.0,0.0,22.729,120.357
74DA38F20BE4,2026-02-18,13:43:00,13.87,100.0,37.0,24.791,120.957
74DA38F20D2E,2026-02-18,13:43:06,15.5,100.0,0.0,25.06,121.545
74DA38F207DE,2026-02-18,13:43:10,20.75,100.0,40.0,22.603,120.34
74DA38F20C26,2026-02-18,13:43:10,21.0,71.0,30.0,22.676,120.342
74DA38F21136,2026-02-18,13:43:11,14.87,100.0,20.0,25.119,121.505
74DA38F20AE6,2026-02-18,13:43:15,25.0,100.0,13.0,22.63,120.348
74DA38F21054,2026-02-18,13:43:16,24.37,62.0,21.0,22.898,120.627
74DA38F7C30C,2026-02-18,13:43:20,15.37,94.0,0.0,24.975,121.532
74DA38ED06E0,2026-02-18,13:43:21,19.0,93.0,0.0,23.601,121.521
74DA38F7C3BA,2026-02-18,13:43:27,118.87,46.0,128.0,25.174,121.441
74DA38F20DC0,2026-02-18,13:43:29,19.5,100.0,1.0,22.711,120.295
74DA38ED05B6,2026-02-18,13:43:32,16.5,100.0,21.0,23.43,121.348
74DA38ED059C,2026-02-18,13:43:35,16.0,100.0,10.0,23.706,121.412
74DA38F7C47E,2026-02-18,13:43:43,15.62,100.0,34.0,25.053963,121.427681
74DA38F7C63C,2026-02-18,13:43:45,85.25,100.0,18.0,24.998,121.425
74DA38F209A4,2026-02-18,13:43:47,20.25,100.0,0.0,22.702,120.572
74DA38F209EE,2026-02-18,13:44:04,19.5,100.0,0.0,23.026,121.33
74DA38F2118E,2026-02-18,13:44:04,12.75,100.0,31.0,26.148,119.935
74DA38F7C514,2026-02-18,13:44:15,15.75,97.0,28.0,25.051,121.518
74DA38F7C53C,2026-02-18,13:44:19,13.75,100.0,0.0,25.11,121.804
74DA38F7C260,2026-02-18,13:44:22,15.37,100.0,0.0,25.065,121.425
74DA38F7C5CE,2026-02-18,13:44:26,14.5,87.0,0.0,25.066,121.656
74DA38F20B80,2026-02-18,13:44:35,19.25,100.0,1.0,22.599,120.35
74DA38F20DE0,2026-02-18,13:44:36,22.12,100.0,3.0,22.589,120.328
74DA38F7C366,2026-02-18,13:44:37,15.37,100.0,14.0,25.002,121.516
74DA38F7C5BE,2026-02-18,13:44:37,15.75,78.0,31.0,25.092,121.523
74DA38F21204,2026-02-18,13:44:38,20.87,100.0,6.0,25.062,121.451
74DA38F20E34,2026-02-18,13:44:41,21.25,72.0,31.0,22.586,120.313
74DA38F20F0A,2026-02-18,13:44:41,20.62,100.0,26.0,22.995,120.635
74DA38F7C3DE,2026-02-18,13:44:41,15.75,100.0,288.0,24.972,121.537
74DA38F7C524,2026-02-18,13:44:41,13.62,100.0,59.0,25.002,121.552
74DA38F7C5A0,2026-02-18,13:44:44,15.25,89.0,1.0,25.107,121.518
74DA38F7C31C,2026-02-18,13:44:57,14.5,100.0,3.0,24.93,121.372
74DA38F20A30,2026-02-18,13:45:00,15.0,85.0,1.0,24.948,121.372
74DA38F210A2,2026-02-18,13:45:10,15.0,100.0,7.0,25.12,121.466
74DA38F209DE,2026-02-18,13:45:15,15.25,100.0,2.0,24.861,120.964
74DA38F21048,2026-02-18,13:45:22,20.87,100.0,39.0,22.595,120.341
74DA38F20E6E,2026-02-18,13:45:24,12.87,91.0,0.0,24.41,120.902
74DA38F20DD0,2026-02-18,13:45:28,19.25,100.0,1.0,22.6080258,120.3229833
74DA38F7C4DE,2026-02-18,13:45:30,15.5,100.0,0.0,25.09,121.462
74DA38F20D4C,2026-02-18,13:45:40,18.62,100.0,0.0,22.971,121.303
74DA38F21088,2026-02-18,13:45:40,15.25,100.0,1.0,25.068,121.588
74DA38F7C30E,2026-02-18,13:45:40,14.75,100.0,22.0,24.949,121.382
74DA38F209A8,2026-02-18,13:45:44,-4.0,0.0,0.0,22.401,120.577
74DA38F7C464,2026-02-18,13:45:44,13.5,33.0,2.0,25.006,121.413
74DA38F7C27E,2026-02-18,13:45:52,16.37,89.0,30.0,25.053,121.444
74DA38F20D16,2026-02-18,13:45:57,15.87,100.0,32.0,25.062,121.526
74DA38F7C560,2026-02-18,13:46:16,14.87,75.0,0.0,25.079,121.671
74DA38F21024,2026-02-18,13:46:21,15.62,100.0,0.0,24.93,121.036
74DA38F7C566,2026-02-18,13:46:21,16.62,100.0,0.0,25.051,121.448
74DA38F7C3DC,2026-02-18,13:46:23,14.5,100.0,30.0,25.003,121.539
74DA38F20976,2026-02-18,13:46:37,15.25,87.0,43.0,25.127,121.746
74DA38F7C3B2,2026-02-18,13:46:41,18.87,66.0,16.0,24.929,121.378
74DA38F7C40C,2026-02-18,13:46:42,14.75,100.0,0.0,24.995,121.52
74DA38F7C41E,2026-02-18,13:46:44,16.62,74.0,24.0,25.054,121.517
74DA38F2104E,2026-02-18,13:46:49,20.12,100.0,32.0,23.108,120.7
74DA38F210F6,2026-02-18,13:46:50,20.37,100.0,7.0,22.757426,121.158891
74DA38F20AAA,2026-02-18,13:46:53,14.5,100.0,13.0,24.6,120.999
74DA38F7C4CC,2026-02-18,13:46:53,15.25,100.0,20.0,25.062,121.451
74DA38F20D1E,2026-02-18,13:47:05,15.25,100.0,35.0,25.048,121.573
74DA38F7C610,2026-02-18,13:47:10,17.25,78.0,26.0,25.063,121.564
74DA38F209B2,2026-02-18,13:47:13,21.0,100.0,0.0,22.363,120.599
74DA38F20D1A,2026-02-18,13:47:20,15.75,83.0,0.0,25.078,121.541
74DA38F20902,2026-02-18,13:47:24,20.12,100.0,1.0,22.204,120.7
74DA38F7C562,2026-02-18,13:47:33,14.25,100.0,33.0,25.021,121.418
74DA38F20EB2,2026-02-18,13:47:34,9.37,100.0,33.0,24.324,120.835
74DA38F7C47C,2026-02-18,13:47:34,15.75,95.0,0.0,25.055,121.455
74DA38F7C600,2026-02-18,13:47:35,21.37,50.0,14.0,25.07,121.586
74DA38ED04F2,2026-02-18,13:47:36,16.87,100.0,10.0,23.468,121.496
74DA38F20D2A,2026-02-18,13:47:41,15.75,71.0,0.0,25.048,121.573
74DA38F7C616,2026-02-18,13:47:43,15.25,100.0,0.0,25.031,121.563
74DA38ED05EA,2026-02-18,13:47:45,16.87,100.0,25.0,23.394,121.357
74DA38F20B88,2026-02-18,13:47:48,19.12,100.0,0.0,22.75,120.316
74DA38F7C29C,2026-02-18,13:47:48,15.62,100.0,29.0,25.02,121.416
74DA38ED0630,2026-02-18,13:47:51,18.37,99.0,0.0,23.994,121.594
74DA38F20AA4,2026-02-18,13:47:55,24.12,84.0,25.0,22.685,120.492
74DA38F7C39A,2026-02-18,13:47:57,15.37,100.0,0.0,25.002,121.414
74DA38F20B26,2026-02-18,13:48:02,20.37,100.0,50.0,22.783,120.247
74DA38ED0640,2026-02-18,13:48:04,14.75,100.0,7.0,23.154,121.266
74DA38F20A78,2026-02-18,13:48:04,16.12,100.0,7.0,22.904,121.124
74DA38F20E9E,2026-02-18,13:48:08,14.87,100.0,30.0,24.648,121.151
74DA38F7C59C,2026-02-18,13:48:21,15.25,75.0,35.0,25.103,121.487
74DA38F208E2,2026-02-18,13:48:24,15.37,100.0,16.0,24.688,121.766
74DA38F7C3D6,2026-02-18,13:48:36,15.75,100.0,0.0,25.045,121.541
74DA38F20B82,2026-02-18,13:48:38,-4.0,0.0,2.0,22.847,120.465
74DA38F20D70,2026-02-18,13:48:39,16.37,100.0,6.0,23.05,121.164
74DA38F7C37C,2026-02-18,13:48:39,12.75,100.0,0.0,25.111,121.856
74DA38F209F8,2026-02-18,13:48:40,16.12,100.0,38.0,23.157,121.4
74DA38F20BCA,2026-02-18,13:48:59,14.62,98.0,0.0,25.079,121.58
74DA38F7C570,2026-02-18,13:49:02,14.87,100.0,1.0,25.239,121.63
74DA38F7C5E6,2026-02-18,13:49:08,15.75,100.0,17.0,25.107,121.843
74DA38F210E4,2026-02-18,13:49:09,18.12,100.0,28.0,23.24,120.696
74DA38F2113E,2026-02-18,13:49:09,-4.0,0.0,7.0,22.728,120.313
74DA38F20BE4,2026-02-18,13:49:11,13.75,100.0,37.0,24.791,120.957
74DA38F207DE,2026-02-18,13:49:22,20.87,100.0,42.0,22.603,120.34
74DA38F20AE6,2026-02-18,13:49:22,25.0,100.0,14.0,22.63,120.348
74DA38F20C26,2026-02-18,13:49:22,21.0,71.0,28.0,22.676,120.342
74DA38F21054,2026-02-18,13:49:22,24.37,62.0,20.0,22.898,120.627
74DA38F21136,2026-02-18,13:49:22,14.87,100.0,22.0,25.119,121.505
74DA38ED06E0,2026-02-18,13:49:27,19.0,93.0,0.0,23.601,121.521
74DA38F20C22,2026-02-18,13:49:28,20.75,100.0,0.0,22.729,120.357
74DA38F7C30C,2026-02-18,13:49:29,15.37,94.0,0.0,24.975,121.532
74DA38F7C3BA,2026-02-18,13:49:32,118.87,46.0,130.0,25.174,121.441
74DA38F20D2E,2026-02-18,13:49:35,15.5,100.0,0.0,25.06,121.545
74DA38ED05B6,2026-02-18,13:49:39,16.5,100.0,21.0,23.43,121.348
74DA38ED059C,2026-02-18,13:49:43,16.0,100.0,10.0,23.706,121.412
74DA38F7C47E,2026-02-18,13:49:54,15.37,100.0,34.0,25.053963,121.427681
74DA38F7C63C,2026-02-18,13:49:55,85.25,100.0,19.0,24.998,121.425
74DA38F20DC0,2026-02-18,13:50:01,19.5,100.0,0.0,22.711,120.295
74DA38F209EE,2026-02-18,13:50:10,19.37,100.0,0.0,23.026,121.33
74DA38F209A4,2026-02-18,13:50:18,20.0,100.0,0.0,22.702,120.572
74DA38F20B5C,2026-02-18,13:50:27,-4.0,0.0,35.0,22.798,120.293
74DA38F7C514,2026-02-18,13:50:28,15.87,97.0,27.0,25.051,121.518
74DA38F2118E,2026-02-18,13:50:35,12.75,100.0,30.0,26.148,119.935
74DA38F7C3DE,2026-02-18,13:50:37,15.75,100.0,306.0,24.972,121.537
74DA38F21204,2026-02-18,13:50:44,20.75,100.0,6.0,25.062,121.451
74DA38F7C366,2026-02-18,13:50:47,15.37,100.0,15.0,25.002,121.516
74DA38F7C53C,2026-02-18,13:50:48,13.75,100.0,0.0,25.11,121.804
74DA38F7C5BE,2026-02-18,13:50:49,15.75,79.0,32.0,25.092,121.523
74DA38F20F0A,2026-02-18,13:50:51,20.5,100.0,27.0,22.995,120.635
74DA38F20E34,2026-02-18,13:50:54,21.25,72.0,32.0,22.586,120.313
74DA38F7C5CE,2026-02-18,13:50:54,14.62,87.0,0.0,25.066,121.656
74DA38F20B80,2026-02-18,13:51:04,19.5,100.0,0.0,22.599,120.35
74DA38F20DE0,2026-02-18,13:51:07,22.25,100.0,4.0,22.589,120.328
74DA38F7C5A0,2026-02-18,13:51:12,15.12,89.0,0.0,25.107,121.518
74DA38F20BD0,2026-02-18,13:51:17,-4.0,0.0,27.0,22.688,120.408
74DA38F210A2,2026-02-18,13:51:17,15.12,100.0,8.0,25.12,121.466
74DA38F7C524,2026-02-18,13:51:17,13.62,100.0,60.0,25.002,121.552
74DA38F20E6E,2026-02-18,13:51:25,12.87,91.0,0.0,24.41,120.902
74DA38F7C31C,2026-02-18,13:51:28,14.5,100.0,4.0,24.93,121.372
74DA38F20A30,2026-02-18,13:51:30,14.87,84.0,1.0,24.948,121.372
74DA38F7C4DE,2026-02-18,13:51:43,15.37,100.0,0.0,25.09,121.462
74DA38F209DE,2026-02-18,13:51:46,15.25,100.0,2.0,24.861,120.964
74DA38F7C30E,2026-02-18,13:51:50,14.62,100.0,23.0,24.949,121.382
74DA38F21048,2026-02-18,13:51:54,21.0,100.0,41.0,22.595,120.341
74DA38F20DD0,2026-02-18,13:51:59,19.25,100.0,1.0,22.6080258,120.3229833
74DA38F7C27E,2026-02-18,13:52:04,16.37,89.0,31.0,25.053,121.444
74DA38F20D4C,2026-02-18,13:52:07,18.5,100.0,0.0,22.971,121.303
74DA38F21088,2026-02-18,13:52:08,15.0,100.0,0.0,25.068,121.588
74DA38F20D16,2026-02-18,13:52:10,15.87,100.0,33.0,25.062,121.526
74DA38F7C464,2026-02-18,13:52:15,13.25,35.0,11.0,25.006,121.413
74DA38F7C3DC,2026-02-18,13:52:30,14.5,100.0,28.0,25.003,121.539
74DA38F7C560,2026-02-18,13:52:44,14.87,74.0,0.0,25.079,121.671
74DA38F7C566,2026-02-18,13:52:48,16.62,100.0,0.0,25.051,121.448
74DA38F7C3B2,2026-02-18,13:52:49,18.87,66.0,15.0,24.929,121.378
74DA38F7C40C,2026-02-18,13:52:49,14.87,100.0,0.0,24.995,121.52
74DA38F21024,2026-02-18,13:52:50,15.62,100.0,0.0,24.93,121.036
74DA38F20976,2026-02-18,13:52:53,15.12,87.0,45.0,25.127,121.746
74DA38F7C41E,2026-02-18,13:52:54,16.62,74.0,25.0,25.054,121.517
74DA38F210F6,2026-02-18,13:52:56,20.5,100.0,8.0,22.757426,121.158891
74DA38F2104E,2026-02-18,13:52:58,19.87,100.0,32.0,23.108,120.7
74DA38F20AAA,2026-02-18,13:53:01,14.5,100.0,12.0,24.6,120.999
74DA38F7C4CC,2026-02-18,13:53:02,15.25,100.0,19.0,25.062,121.451
74DA38F20D1E,2026-02-18,13:53:15,15.5,100.0,36.0,25.048,121.573
74DA38F7C610,2026-02-18,13:53:19,17.12,78.0,26.0,25.063,121.564
74DA38F20902,2026-02-18,13:53:30,20.25,100.0,1.0,22.204,120.7
74DA38F209B2,2026-02-18,13:53:40,20.87,100.0,0.0,22.363,120.599
74DA38F7C600,2026-02-18,13:53:42,21.37,51.0,15.0,25.07,121.586
74DA38F7C47C,2026-02-18,13:53:43,15.75,95.0,0.0,25.055,121.455
74DA38ED04F2,2026-02-18,13:53:47,17.0,100.0,10.0,23.468,121.496
74DA38F20D1A,2026-02-18,13:53:48,15.75,83.0,0.0,25.078,121.541
74DA38F20EB2,2026-02-18,13:53:50,9.25,100.0,32.0,24.324,120.835
74DA38ED05EA,2026-02-18,13:53:52,16.75,100.0,23.0,23.394,121.357
74DA38F7C29C,2026-02-18,13:53:57,15.75,100.0,29.0,25.02,121.416
74DA38F7C616,2026-02-18,13:54:04,15.25,100.0,0.0,25.031,121.563
74DA38F20AA4,2026-02-18,13:54:07,24.12,84.0,26.0,22.685,120.492
74DA38F20A78,2026-02-18,13:54:11,16.12,100.0,6.0,22.904,121.124
74DA38F20D2A,2026-02-18,13:54:11,15.75,71.0,0.0,25.048,121.573
74DA38ED0640,2026-02-18,13:54:13,14.75,100.0,7.0,23.154,121.266
74DA38F7C562,2026-02-18,13:54:15,14.37,100.0,33.0,25.021,121.418
74DA38F20B88,2026-02-18,13:54:17,19.0,100.0,0.0,22.75,120.316
74DA38F20B26,2026-02-18,13:54:20,20.25,100.0,48.0,22.783,120.247
74DA38ED0630,2026-02-18,13:54:21,18.25,99.0,0.0,23.994,121.594
74DA38F20E9E,2026-02-18,13:54:23,15.0,100.0,28.0,24.648,121.151
74DA38F7C39A,2026-02-18,13:54:26,15.37,100.0,0.0,25.002,121.414
74DA38F7C59C,2026-02-18,13:54:33,15.37,75.0,35.0,25.103,121.487
74DA38F208E2,2026-02-18,13:54:35,15.25,100.0,36.0,24.688,121.766
74DA38F20D70,2026-02-18,13:54:46,16.37,100.0,2.0,23.05,121.164
74DA38F7C3D6,2026-02-18,13:55:06,15.75,100.0,0.0,25.045,121.541
74DA38F7C37C,2026-02-18,13:55:07,12.75,100.0,0.0,25.111,121.856
74DA38ED0454,2026-02-18,13:55:11,18.25,100.0,24.0,24.053,121.599
74DA38F209F8,2026-02-18,13:55:11,16.12,100.0,42.0,23.157,121.4
74DA38F210E4,2026-02-18,13:55:21,17.87,100.0,27.0,23.24,120.696
74DA38F20BE4,2026-02-18,13:55:22,13.75,100.0,37.0,24.791,120.957
74DA38F7C5E6,2026-02-18,13:55:22,15.75,100.0,17.0,25.107,121.843
74DA38F209A8,2026-02-18,13:55:23,-4.0,0.0,0.0,22.401,120.577
74DA38F20AE6,2026-02-18,13:55:29,25.0,100.0,15.0,22.63,120.348
74DA38F21054,2026-02-18,13:55:29,24.37,62.0,20.0,22.898,120.627
74DA38F7C338,2026-02-18,13:55:30,17.75,91.0,24.0,25.011,121.458
74DA38F7C570,2026-02-18,13:55:30,14.87,100.0,0.0,25.239,121.63
74DA38F20BCA,2026-02-18,13:55:31,14.62,98.0,2.0,25.079,121.58
74DA38F20C26,2026-02-18,13:55:31,21.12,71.0,27.0,22.676,120.342
74DA38F207DE,2026-02-18,13:55:33,20.87,100.0,43.0,22.603,120.34
74DA38F21136,2026-02-18,13:55:34,15.0,99.0,22.0,25.119,121.505
74DA38ED06E0,2026-02-18,13:55:35,19.0,93.0,0.0,23.601,121.521
74DA38F7C30C,2026-02-18,13:55:36,15.37,93.0,0.0,24.975,121.532
74DA38F7C3BA,2026-02-18,13:55:42,118.87,46.0,131.0,25.174,121.441
74DA38ED05B6,2026-02-18,13:55:45,16.5,100.0,21.0,23.43,121.348
74DA38ED059C,2026-02-18,13:55:52,16.0,100.0,18.0,23.706,121.412
74DA38F20C22,2026-02-18,13:56:03,20.5,100.0,0.0,22.729,120.357
74DA38F7C63C,2026-02-18,13:56:03,85.25,100.0,18.0,24.998,121.425
74DA38F20D2E,2026-02-18,13:56:05,15.5,100.0,0.0,25.06,121.545
74DA38F7C47E,2026-02-18,13:56:08,15.12,100.0,34.0,25.053963,121.427681
74DA38F209EE,2026-02-18,13:56:17,19.37,100.0,0.0,23.026,121.33
74DA38F2113E,2026-02-18,13:56:27,-4.0,0.0,4.0,22.728,120.313
74DA38F20DC0,2026-02-18,13:56:31,19.5,100.0,1.0,22.711,120.295
74DA38F7C3DE,2026-02-18,13:56:32,15.75,100.0,309.0,24.972,121.537
74DA38F7C514,2026-02-18,13:56:43,15.75,97.0,28.0,25.051,121.518
74DA38F209A4,2026-02-18,13:56:45,19.87,100.0,0.0,22.702,120.572
74DA38F21204,2026-02-18,13:56:50,20.62,100.0,5.0,25.062,121.451
74DA38F7C366,2026-02-18,13:56:56,15.25,100.0,15.0,25.002,121.516
74DA38F20F0A,2026-02-18,13:56:59,20.62,100.0,20.0,22.995,120.635
74DA38F7C5BE,2026-02-18,13:57:01,15.62,79.0,32.0,25.092,121.523
74DA38F20E34,2026-02-18,13:57:06,21.25,71.0,34.0,22.586,120.313
74DA38F2118E,2026-02-18,13:57:06,12.75,100.0,32.0,26.148,119.935
74DA38F7C53C,2026-02-18,13:57:15,13.37,100.0,0.0,25.11,121.804
74DA38F7C5CE,2026-02-18,13:57:22,14.62,87.0,0.0,25.066,121.656
74DA38F210A2,2026-02-18,13:57:24,15.12,100.0,8.0,25.12,121.466
74DA38F20E6E,2026-02-18,13:57:27,13.0,91.0,0.0,24.41,120.902
74DA38F20B80,2026-02-18,13:57:32,19.5,100.0,0.0,22.599,120.35
74DA38F20DE0,2026-02-18,13:57:38,22.25,100.0,2.0,22.589,120.328
74DA38F7C5A0,2026-02-18,13:57:42,15.25,89.0,0.0,25.107,121.518
74DA38F7C4DE,2026-02-18,13:57:53,15.25,100.0,0.0,25.09,121.462
74DA38F7C524,2026-02-18,13:57:54,13.62,100.0,60.0,25.002,121.552
74DA38F7C260,2026-02-18,13:57:57,15.37,100.0,0.0,25.065,121.425
74DA38F7C30E,2026-02-18,13:57:57,14.75,100.0,21.0,24.949,121.382
74DA38F20A30,2026-02-18,13:57:59,15.0,84.0,0.0,24.948,121.372
74DA38F7C31C,2026-02-18,13:58:02,14.62,100.0,2.0,24.93,121.372
74DA38F20B82,2026-02-18,13:58:11,-4.0,0.0,2.0,22.847,120.465
74DA38F209DE,2026-02-18,13:58:16,15.25,100.0,4.0,24.861,120.964
74DA38F7C27E,2026-02-18,13:58:17,16.25,90.0,31.0,25.053,121.444
74DA38F20D16,2026-02-18,13:58:21,16.0,100.0,32.0,25.062,121.526
74DA38F21048,2026-02-18,13:58:28,21.0,100.0,40.0,22.595,120.341
74DA38F20D4C,2026-02-18,13:58:35,18.5,100.0,0.0,22.971,121.303
74DA38F21088,2026-02-18,13:58:38,14.87,100.0,2.0,25.068,121.588
74DA38F7C3DC,2026-02-18,13:58:38,14.5,100.0,29.0,25.003,121.539
74DA38F20DD0,2026-02-18,13:58:40,19.12,100.0,1.0,22.6080258,120.3229833
74DA38F7C464,2026-02-18,13:58:43,13.37,31.0,5.0,25.006,121.413
74DA38F7C40C,2026-02-18,13:58:56,14.87,100.0,0.0,24.995,121.52
74DA38F7C3B2,2026-02-18,13:58:58,18.87,66.0,15.0,24.929,121.378
74DA38F210F6,2026-02-18,13:59:01,20.5,100.0,9.0,22.757426,121.158891
74DA38F20976,2026-02-18,13:59:07,15.0,88.0,42.0,25.127,121.746
74DA38F20AAA,2026-02-18,13:59:08,14.37,100.0,13.0,24.6,120.999
74DA38F2104E,2026-02-18,13:59:10,19.62,100.0,34.0,23.108,120.7
74DA38F7C4CC,2026-02-18,13:59:10,15.12,100.0,17.0,25.062,121.451
74DA38F7C560,2026-02-18,13:59:13,14.87,72.0,0.0,25.079,121.671
74DA38F7C566,2026-02-18,13:59:17,16.62,100.0,0.0,25.051,121.448
74DA38F21024,2026-02-18,13:59:19,15.5,100.0,1.0,24.93,121.036
74DA38F20D1E,2026-02-18,13:59:27,15.62,100.0,34.0,25.048,121.573
74DA38F7C610,2026-02-18,13:59:33,17.12,78.0,27.0,25.063,121.564
74DA38F20902,2026-02-18,13:59:37,20.12,100.0,1.0,22.204,120.7
74DA38F7C600,2026-02-18,13:59:48,21.0,56.0,15.0,25.07,121.586
74DA38F7C47C,2026-02-18,13:59:52,15.75,95.0,0.0,25.055,121.455
74DA38F20B5C,2026-02-18,13:59:55,-4.0,0.0,36.0,22.798,120.293
74DA38ED04F2,2026-02-18,13:59:57,16.87,100.0,10.0,23.468,121.496
74DA38ED05EA,2026-02-18,14:00:00,16.87,100.0,27.0,23.394,121.357
74DA38F20EB2,2026-02-18,14:00:06,9.25,100.0,32.0,24.324,120.835
74DA38F209B2,2026-02-18,14:00:08,20.62,100.0,0.0,22.363,120.599
74DA38F7C29C,2026-02-18,14:00:08,15.75,100.0,28.0,25.02,121.416
74DA38F20AA4,2026-02-18,14:00:14,24.12,84.0,24.0,22.685,120.492
74DA38F20A78,2026-02-18,14:00:18,16.25,100.0,6.0,22.904,121.124
74DA38F20D1A,2026-02-18,14:00:18,15.75,84.0,0.0,25.078,121.541
74DA38ED0640,2026-02-18,14:00:20,14.75,100.0,5.0,23.154,121.266
74DA38F7C616,2026-02-18,14:00:22,15.25,100.0,0.0,25.031,121.563
74DA38F20B26,2026-02-18,14:00:35,20.12,100.0,47.0,22.783,120.247
74DA38F20E9E,2026-02-18,14:00:39,14.87,100.0,31.0,24.648,121.151
74DA38F208E2,2026-02-18,14:00:42,15.25,100.0,15.0,24.688,121.766
74DA38F20D2A,2026-02-18,14:00:44,15.87,71.0,1.0,25.048,121.573
74DA38F7C59C,2026-02-18,14:00:44,15.37,74.0,35.0,25.103,121.487
74DA38F20B88,2026-02-18,14:00:46,18.87,100.0,0.0,22.75,120.316
74DA38F20D70,2026-02-18,14:00:51,16.37,100.0,1.0,23.05,121.164
74DA38ED0630,2026-02-18,14:00:54,18.25,99.0,0.0,23.994,121.594
74DA38F7C39A,2026-02-18,14:00:57,15.37,100.0,0.0,25.002,121.414
74DA38ED0454,2026-02-18,14:01:18,18.37,100.0,27.0,24.053,121.599
74DA38F7C5E6,2026-02-18,14:01:32,15.75,100.0,17.0,25.107,121.843
74DA38F20BE4,2026-02-18,14:01:34,13.75,100.0,36.0,24.791,120.957
74DA38F210E4,2026-02-18,14:01:34,17.87,100.0,24.0,23.24,120.696
74DA38F7C3D6,2026-02-18,14:01:34,15.75,100.0,0.0,25.045,121.541
74DA38F20AE6,2026-02-18,14:01:35,25.0,100.0,15.0,22.63,120.348
74DA38F7C37C,2026-02-18,14:01:35,12.62,100.0,0.0,25.111,121.856
74DA38F21054,2026-02-18,14:01:37,24.37,62.0,20.0,22.898,120.627
74DA38ED06E0,2026-02-18,14:01:41,19.0,93.0,0.0,23.601,121.521
74DA38F20C26,2026-02-18,14:01:42,20.87,71.0,28.0,22.676,120.342
74DA38F209F8,2026-02-18,14:01:43,16.0,100.0,25.0,23.157,121.4
74DA38F7C3BA,2026-02-18,14:01:43,118.87,46.0,133.0,25.174,121.441
74DA38F207DE,2026-02-18,14:01:45,20.75,100.0,44.0,22.603,120.34
74DA38F21136,2026-02-18,14:01:45,15.12,100.0,22.0,25.119,121.505
74DA38F7C30C,2026-02-18,14:01:47,15.25,93.0,0.0,24.975,121.532
74DA38ED05B6,2026-02-18,14:01:51,16.5,100.0,22.0,23.43,121.348
74DA38F20BD0,2026-02-18,14:01:51,-4.0,0.0,27.0,22.688,120.408
74DA38F7C570,2026-02-18,14:01:59,14.87,100.0,0.0,25.239,121.63
74DA38ED059C,2026-02-18,14:02:00,16.12,100.0,13.0,23.706,121.412
74DA38F20BCA,2026-02-18,14:02:02,14.62,98.0,1.0,25.079,121.58
74DA38F7C338,2026-02-18,14:02:11,17.87,91.0,24.0,25.011,121.458
74DA38F7C63C,2026-02-18,14:02:13,85.25,100.0,18.0,24.998,121.425
74DA38F7C47E,2026-02-18,14:02:21,15.12,100.0,35.0,25.053963,121.427681
74DA38F209EE,2026-02-18,14:02:23,19.25,100.0,0.0,23.026,121.33
74DA38F7C3DE,2026-02-18,14:02:27,15.75,100.0,307.0,24.972,121.537
74DA38F20D2E,2026-02-18,14:02:34,15.5,100.0,0.0,25.06,121.545
74DA38F20C22,2026-02-18,14:02:35,20.75,100.0,0.0,22.729,120.357
74DA38F21204,2026-02-18,14:02:56,20.75,100.0,8.0,25.062,121.451
74DA38F7C514,2026-02-18,14:02:56,15.75,96.0,28.0,25.051,121.518
74DA38F7C366,2026-02-18,14:03:03,15.25,100.0,15.0,25.002,121.516
74DA38F20DC0,2026-02-18,14:03:04,19.25,100.0,1.0,22.711,120.295
74DA38F20F0A,2026-02-18,14:03:10,20.75,100.0,23.0,22.995,120.635
74DA38F209A4,2026-02-18,14:03:14,19.87,100.0,0.0,22.702,120.572
74DA38F7C5BE,2026-02-18,14:03:14,15.75,78.0,32.0,25.092,121.523
74DA38F20E34,2026-02-18,14:03:19,21.0,71.0,37.0,22.586,120.313
74DA38F20E6E,2026-02-18,14:03:29,12.87,91.0,0.0,24.41,120.902
74DA38F210A2,2026-02-18,14:03:31,15.0,100.0,8.0,25.12,121.466
74DA38F2118E,2026-02-18,14:03:39,12.62,100.0,34.0,26.148,119.935
74DA38F7C53C,2026-02-18,14:03:43,13.25,100.0,0.0,25.11,121.804
74DA38F2113E,2026-02-18,14:03:49,-4.0,0.0,7.0,22.728,120.313
74DA38F7C5CE,2026-02-18,14:03:50,14.62,87.0,0.0,25.066,121.656
74DA38F20B80,2026-02-18,14:04:00,19.62,100.0,1.0,22.599,120.35
74DA38F20DE0,2026-02-18,14:04:05,22.25,100.0,0.0,22.589,120.328
74DA38F7C30E,2026-02-18,14:04:07,14.75,100.0,23.0,24.949,121.382
74DA38F20A30,2026-02-18,14:04:27,15.0,84.0,0.0,24.948,121.372
74DA38F7C260,2026-02-18,14:04:27,15.12,100.0,0.0,25.065,121.425
74DA38F7C27E,2026-02-18,14:04:28,16.25,90.0,31.0,25.053,121.444
74DA38F7C524,2026-02-18,14:04:28,13.62,100.0,60.0,25.002,121.552
74DA38F7C31C,2026-02-18,14:04:32,14.75,100.0,3.0,24.93,121.372
74DA38F20D16,2026-02-18,14:04:34,15.87,100.0,33.0,25.062,121.526
74DA38F209DE,2026-02-18,14:04:45,15.37,100.0,2.0,24.861,120.964
74DA38F7C3DC,2026-02-18,14:04:47,14.5,100.0,30.0,25.003,121.539
74DA38F21048,2026-02-18,14:05:02,21.12,100.0,44.0,22.595,120.341
74DA38F20D4C,2026-02-18,14:05:03,18.5,100.0,0.0,22.971,121.303
74DA38F7C3B2,2026-02-18,14:05:05,18.87,66.0,14.0,24.929,121.378
74DA38F7C40C,2026-02-18,14:05:05,14.75,100.0,0.0,24.995,121.52
74DA38F209A8,2026-02-18,14:05:06,-4.0,0.0,0.0,22.401,120.577
74DA38F21088,2026-02-18,14:05:06,14.62,100.0,0.0,25.068,121.588
74DA38F210F6,2026-02-18,14:05:06,20.37,100.0,8.0,22.757426,121.158891
74DA38F20AAA,2026-02-18,14:05:16,14.25,100.0,16.0,24.6,120.999
74DA38F20DD0,2026-02-18,14:05:17,19.0,100.0,2.0,22.6080258,120.3229833
74DA38F7C4CC,2026-02-18,14:05:20,15.0,100.0,17.0,25.062,121.451
74DA38F20976,2026-02-18,14:05:22,15.0,88.0,39.0,25.127,121.746
74DA38F2104E,2026-02-18,14:05:22,19.62,100.0,33.0,23.108,120.7
74DA38F20D1E,2026-02-18,14:05:41,15.37,100.0,35.0,25.048,121.573
74DA38F7C560,2026-02-18,14:05:42,14.87,71.0,0.0,25.079,121.671
74DA38F7C610,2026-02-18,14:05:43,17.12,78.0,27.0,25.063,121.564
74DA38F7C566,2026-02-18,14:05:45,16.62,100.0,0.0,25.051,121.448
74DA38F20902,2026-02-18,14:05:46,20.0,100.0,1.0,22.204,120.7
74DA38F21024,2026-02-18,14:05:48,15.62,100.0,0.0,24.93,121.036
74DA38F7C41E,2026-02-18,14:05:53,16.5,74.0,26.0,25.054,121.517
74DA38F7C600,2026-02-18,14:05:53,20.87,56.0,16.0,25.07,121.586
74DA38F7C47C,2026-02-18,14:06:01,15.87,96.0,0.0,25.055,121.455
74DA38ED05EA,2026-02-18,14:06:06,16.87,100.0,21.0,23.394,121.357
74DA38ED04F2,2026-02-18,14:06:08,16.75,100.0,11.0,23.468,121.496
74DA38F7C29C,2026-02-18,14:06:18,15.62,100.0,26.0,25.02,121.416
74DA38F20EB2,2026-02-18,14:06:19,9.37,100.0,32.0,24.324,120.835
74DA38F20AA4,2026-02-18,14:06:23,24.12,84.0,24.0,22.685,120.492
74DA38F20A78,2026-02-18,14:06:24,16.12,100.0,6.0,22.904,121.124
74DA38ED0640,2026-02-18,14:06:26,14.62,100.0,5.0,23.154,121.266
74DA38F209B2,2026-02-18,14:06:34,20.75,100.0,0.0,22.363,120.599
74DA38F20D1A,2026-02-18,14:06:47,15.87,84.0,0.0,25.078,121.541
74DA38F208E2,2026-02-18,14:06:48,15.25,100.0,13.0,24.688,121.766
74DA38F20B26,2026-02-18,14:06:53,20.0,100.0,42.0,22.783,120.247
74DA38F7C59C,2026-02-18,14:06:54,15.37,75.0,37.0,25.103,121.487
74DA38F20E9E,2026-02-18,14:06:55,15.0,100.0,37.0,24.648,121.151
74DA38F20D70,2026-02-18,14:06:58,16.25,100.0,1.0,23.05,121.164
74DA38F7C616,2026-02-18,14:07:02,15.25,100.0,0.0,25.031,121.563
74DA38F20B88,2026-02-18,14:07:14,18.87,100.0,0.0,22.75,120.316
74DA38F20D2A,2026-02-18,14:07:14,15.75,70.0,0.0,25.048,121.573
74DA38ED0630,2026-02-18,14:07:23,18.37,99.0,0.0,23.994,121.594
74DA38F7C39A,2026-02-18,14:07:25,15.37,100.0,0.0,25.002,121.414
74DA38ED0454,2026-02-18,14:07:36,18.37,100.0,23.0,24.053,121.599
74DA38F7C3BA,2026-02-18,14:07:41,118.87,46.0,129.0,25.174,121.441
74DA38F20AE6,2026-02-18,14:07:42,25.0,100.0,15.0,22.63,120.348
74DA38F210E4,2026-02-18,14:07:42,18.0,100.0,25.0,23.24,120.696
74DA38F20B82,2026-02-18,14:07:44,-4.0,0.0,2.0,22.847,120.465
74DA38F20BE4,2026-02-18,14:07:44,13.75,100.0,36.0,24.791,120.957
74DA38F21054,2026-02-18,14:07:44,24.37,62.0,22.0,22.898,120.627
74DA38F7C5E6,2026-02-18,14:07:44,15.75,100.0,18.0,25.107,121.843
74DA38ED06E0,2026-02-18,14:07:49,19.0,93.0,0.0,23.601,121.521
74DA38F20C26,2026-02-18,14:07:54,20.75,71.0,28.0,22.676,120.342
74DA38F21136,2026-02-18,14:07:54,15.12,99.0,21.0,25.119,121.505
74DA38ED05B6,2026-02-18,14:07:59,16.37,100.0,22.0,23.43,121.348
74DA38F7C30C,2026-02-18,14:07:59,15.25,93.0,0.0,24.975,121.532
74DA38F207DE,2026-02-18,14:08:02,20.62,100.0,46.0,22.603,120.34
74DA38F7C3D6,2026-02-18,14:08:04,15.75,100.0,0.0,25.045,121.541
74DA38F7C37C,2026-02-18,14:08:05,12.62,100.0,0.0,25.111,121.856
74DA38ED059C,2026-02-18,14:08:09,16.0,100.0,19.0,23.706,121.412
74DA38F209F8,2026-02-18,14:08:14,16.0,100.0,8.0,23.157,121.4
74DA38F7C338,2026-02-18,14:08:23,17.75,91.0,22.0,25.011,121.458
74DA38F7C63C,2026-02-18,14:08:23,85.25,100.0,18.0,24.998,121.425
74DA38F7C570,2026-02-18,14:08:27,14.62,100.0,0.0,25.239,121.63
74DA38F209EE,2026-02-18,14:08:30,19.12,100.0,0.0,23.026,121.33
74DA38F20BCA,2026-02-18,14:08:32,14.62,98.0,0.0,25.079,121.58
74DA38F7C47E,2026-02-18,14:08:35,15.0,100.0,35.0,25.053963,121.427681
74DA38F20D2E,2026-02-18,14:09:03,15.5,100.0,0.0,25.06,121.545
74DA38F20C22,2026-02-18,14:09:05,20.87,100.0,0.0,22.729,120.357
74DA38F21204,2026-02-18,14:09:06,20.62,100.0,7.0,25.062,121.451
74DA38F7C514,2026-02-18,14:09:07,15.5,97.0,28.0,25.051,121.518
74DA38F7C366,2026-02-18,14:09:11,15.12,100.0,15.0,25.002,121.516
74DA38F20B5C,2026-02-18,14:09:20,-4.0,0.0,37.0,22.798,120.293
74DA38F20F0A,2026-02-18,14:09:24,20.62,100.0,29.0,22.995,120.635
74DA38F7C5BE,2026-02-18,14:09:31,15.62,78.0,33.0,25.092,121.523
74DA38F20E6E,2026-02-18,14:09:32,12.87,91.0,0.0,24.41,120.902
74DA38F20E34,2026-02-18,14:09:33,21.0,71.0,36.0,22.586,120.313
74DA38F20DC0,2026-02-18,14:09:34,19.12,100.0,1.0,22.711,120.295
74DA38F210A2,2026-02-18,14:09:37,15.0,100.0,8.0,25.12,121.466
74DA38F209A4,2026-02-18,14:09:45,19.62,100.0,1.0,22.702,120.572
74DA38F7C53C,2026-02-18,14:10:11,13.25,100.0,0.0,25.11,121.804
74DA38F2118E,2026-02-18,14:10:12,12.75,100.0,40.0,26.148,119.935
74DA38F7C30E,2026-02-18,14:10:15,14.75,100.0,22.0,24.949,121.382
74DA38F7C5CE,2026-02-18,14:10:17,14.62,87.0,0.0,25.066,121.656
74DA38F20B80,2026-02-18,14:10:27,19.37,100.0,1.0,22.599,120.35
74DA38F20DE0,2026-02-18,14:10:36,22.37,99.0,2.0,22.589,120.328
74DA38F7C4DE,2026-02-18,14:10:37,15.12,100.0,0.0,25.09,121.462
74DA38F7C27E,2026-02-18,14:10:41,16.12,90.0,31.0,25.053,121.444
74DA38F20D16,2026-02-18,14:10:47,15.87,100.0,33.0,25.062,121.526
74DA38F7C3DC,2026-02-18,14:10:54,14.5,100.0,29.0,25.003,121.539
74DA38F20A30,2026-02-18,14:10:57,15.0,84.0,0.0,24.948,121.372
74DA38F7C260,2026-02-18,14:10:57,15.0,100.0,0.0,25.065,121.425
74DA38F7C31C,2026-02-18,14:11:02,14.87,100.0,2.0,24.93,121.372
74DA38F7C524,2026-02-18,14:11:03,13.62,100.0,61.0,25.002,121.552
74DA38F2113E,2026-02-18,14:11:09,-4.0,0.0,6.0,22.728,120.313
74DA38F210F6,2026-02-18,14:11:11,20.5,100.0,8.0,22.757426,121.158891
74DA38F7C40C,2026-02-18,14:11:12,14.62,100.0,0.0,24.995,121.52
74DA38F7C3B2,2026-02-18,14:11:13,18.87,66.0,15.0,24.929,121.378
74DA38F209DE,2026-02-18,14:11:15,15.25,100.0,2.0,24.861,120.964
74DA38F20AAA,2026-02-18,14:11:26,14.25,100.0,20.0,24.6,120.999
74DA38F7C4CC,2026-02-18,14:11:28,15.12,100.0,16.0,25.062,121.451
74DA38F20976,2026-02-18,14:11:33,14.87,88.0,37.0,25.127,121.746
74DA38F20D4C,2026-02-18,14:11:33,18.5,100.0,3.0,22.971,121.303
74DA38F2104E,2026-02-18,14:11:33,19.62,100.0,37.0,23.108,120.7
74DA38F21048,2026-02-18,14:11:35,21.12,100.0,45.0,22.595,120.341
74DA38F21088,2026-02-18,14:11:35,14.75,100.0,1.0,25.068,121.588
74DA38F20DD0,2026-02-18,14:11:52,18.87,100.0,4.0,22.6080258,120.3229833
74DA38F20902,2026-02-18,14:11:53,20.0,100.0,2.0,22.204,120.7
74DA38F7C610,2026-02-18,14:11:55,17.12,78.0,28.0,25.063,121.564
74DA38F7C600,2026-02-18,14:11:59,20.62,56.0,16.0,25.07,121.586
74DA38F20D1E,2026-02-18,14:12:00,15.25,100.0,34.0,25.048,121.573
74DA38F7C464,2026-02-18,14:12:00,13.37,32.0,6.0,25.006,121.413
74DA38F7C41E,2026-02-18,14:12:07,16.5,74.0,27.0,25.054,121.517
74DA38F7C47C,2026-02-18,14:12:10,15.87,96.0,0.0,25.055,121.455
74DA38F7C560,2026-02-18,14:12:10,14.87,70.0,0.0,25.079,121.671
74DA38ED05EA,2026-02-18,14:12:13,16.87,100.0,19.0,23.394,121.357
74DA38F21024,2026-02-18,14:12:15,15.5,100.0,0.0,24.93,121.036
74DA38F7C566,2026-02-18,14:12:15,16.62,100.0,0.0,25.051,121.448
74DA38ED04F2,2026-02-18,14:12:18,16.75,100.0,12.0,23.468,121.496
74DA38F20BD0,2026-02-18,14:12:24,-4.0,0.0,27.0,22.688,120.408
74DA38F7C29C,2026-02-18,14:12:27,15.62,100.0,28.0,25.02,121.416
74DA38F20EB2,2026-02-18,14:12:30,9.5,100.0,31.0,24.324,120.835
74DA38F20AA4,2026-02-18,14:12:31,24.12,84.0,23.0,22.685,120.492
74DA38F20A78,2026-02-18,14:12:32,16.12,100.0,7.0,22.904,121.124
74DA38ED0640,2026-02-18,14:12:34,14.62,100.0,5.0,23.154,121.266
74DA38F208E2,2026-02-18,14:12:55,15.25,100.0,14.0,24.688,121.766
74DA38F209B2,2026-02-18,14:13:03,21.0,100.0,0.0,22.363,120.599
74DA38F20D70,2026-02-18,14:13:04,16.37,100.0,1.0,23.05,121.164
74DA38F7C59C,2026-02-18,14:13:04,15.37,75.0,36.0,25.103,121.487
74DA38F20B26,2026-02-18,14:13:10,20.0,100.0,41.0,22.783,120.247
74DA38F20E9E,2026-02-18,14:13:13,15.0,100.0,34.0,24.648,121.151
74DA38F7C616,2026-02-18,14:13:13,15.5,100.0,0.0,25.031,121.563
74DA38F20D1A,2026-02-18,14:13:16,15.75,84.0,0.0,25.078,121.541
74DA38F20B88,2026-02-18,14:13:43,19.0,100.0,0.0,22.75,120.316
74DA38F20D2A,2026-02-18,14:13:43,15.75,70.0,0.0,25.048,121.573
74DA38F7C3BA,2026-02-18,14:13:45,118.87,46.0,127.0,25.174,121.441
74DA38F20AE6,2026-02-18,14:13:48,25.0,100.0,14.0,22.63,120.348
74DA38ED0454,2026-02-18,14:13:51,18.37,100.0,18.0,24.053,121.599
74DA38ED0630,2026-02-18,14:13:51,18.5,100.0,0.0,23.994,121.594
74DA38F21054,2026-02-18,14:13:52,24.5,62.0,21.0,22.898,120.627
74DA38F7C5E6,2026-02-18,14:13:53,15.75,100.0,17.0,25.107,121.843
74DA38F210E4,2026-02-18,14:13:54,17.87,100.0,25.0,23.24,120.696
74DA38F7C39A,2026-02-18,14:13:55,15.37,100.0,1.0,25.002,121.414
74DA38ED06E0,2026-02-18,14:13:56,18.87,92.0,0.0,23.601,121.521
74DA38F20BE4,2026-02-18,14:13:58,13.75,100.0,37.0,24.791,120.957
74DA38F21136,2026-02-18,14:14:02,15.12,99.0,21.0,25.119,121.505
74DA38F7C562,2026-02-18,14:14:02,14.5,100.0,28.0,25.021,121.418
74DA38ED05B6,2026-02-18,14:14:05,16.37,100.0,23.0,23.43,121.348
74DA38F20C26,2026-02-18,14:14:07,20.62,72.0,29.0,22.676,120.342
74DA38F207DE,2026-02-18,14:14:13,20.5,100.0,46.0,22.603,120.34
74DA38F7C30C,2026-02-18,14:14:16,15.25,93.0,0.0,24.975,121.532
74DA38ED059C,2026-02-18,14:14:18,15.75,100.0,22.0,23.706,121.412
74DA38F7C3DE,2026-02-18,14:14:20,15.87,100.0,295.0,24.972,121.537
74DA38F7C37C,2026-02-18,14:14:33,12.5,100.0,0.0,25.111,121.856
74DA38F7C3D6,2026-02-18,14:14:33,15.62,100.0,0.0,25.045,121.541
74DA38F7C63C,2026-02-18,14:14:34,85.25,100.0,19.0,24.998,121.425
74DA38F7C338,2026-02-18,14:14:35,17.87,91.0,23.0,25.011,121.458
74DA38F209EE,2026-02-18,14:14:36,19.12,100.0,0.0,23.026,121.33
74DA38F209A8,2026-02-18,14:14:44,-4.0,0.0,1.0,22.401,120.577
74DA38F7C47E,2026-02-18,14:14:47,15.12,100.0,35.0,25.053963,121.427681
74DA38F209F8,2026-02-18,14:14:48,16.0,100.0,13.0,23.157,121.4
74DA38F7C570,2026-02-18,14:14:55,14.87,100.0,0.0,25.239,121.63
74DA38F20BCA,2026-02-18,14:15:10,14.5,98.0,1.0,25.079,121.58
74DA38F21204,2026-02-18,14:15:18,20.62,100.0,4.0,25.062,121.451
74DA38F7C514,2026-02-18,14:15:19,15.5,97.0,28.0,25.051,121.518
74DA38F7C366,2026-02-18,14:15:20,15.0,100.0,15.0,25.002,121.516
74DA38F20D2E,2026-02-18,14:15:32,15.5,100.0,0.0,25.06,121.545
74DA38F20E6E,2026-02-18,14:15:33,12.87,91.0,0.0,24.41,120.902
74DA38F20F0A,2026-02-18,14:15:37,20.75,100.0,28.0,22.995,120.635
74DA38F20C22,2026-02-18,14:15:42,20.87,100.0,0.0,22.729,120.357
74DA38F7C5BE,2026-02-18,14:15:42,15.62,79.0,33.0,25.092,121.523
74DA38F210A2,2026-02-18,14:15:44,15.12,100.0,7.0,25.12,121.466
74DA38F20E34,2026-02-18,14:15:45,21.12,71.0,33.0,22.586,120.313
74DA38F20DC0,2026-02-18,14:16:01,19.0,100.0,1.0,22.711,120.295
74DA38F209A4,2026-02-18,14:16:14,19.37,100.0,1.0,22.702,120.572
74DA38F7C30E,2026-02-18,14:16:27,14.87,100.0,22.0,24.949,121.382
74DA38F7C53C,2026-02-18,14:16:39,13.25,100.0,0.0,25.11,121.804
74DA38F7C5CE,2026-02-18,14:16:46,14.62,87.0,0.0,25.066,121.656
74DA38F2118E,2026-02-18,14:16:48,12.87,100.0,43.0,26.148,119.935
74DA38F7C27E,2026-02-18,14:16:52,16.12,90.0,31.0,25.053,121.444
74DA38F7C4DE,2026-02-18,14:16:55,15.12,100.0,0.0,25.09,121.462
74DA38F20B80,2026-02-18,14:16:58,19.0,100.0,3.0,22.599,120.35
74DA38F20D16,2026-02-18,14:16:59,15.87,100.0,34.0,25.062,121.526
74DA38F20DE0,2026-02-18,14:17:05,22.25,99.0,0.0,22.589,120.328
74DA38F7C3DC,2026-02-18,14:17:07,14.5,100.0,31.0,25.003,121.539
74DA38F20B82,2026-02-18,14:17:16,-4.0,0.0,3.0,22.847,120.465
74DA38F210F6,2026-02-18,14:17:17,20.25,100.0,10.0,22.757426,121.158891
74DA38F7C3B2,2026-02-18,14:17:20,18.87,66.0,14.0,24.929,121.378
74DA38F7C40C,2026-02-18,14:17:20,14.5,100.0,0.0,24.995,121.52
74DA38F20A30,2026-02-18,14:17:28,15.0,84.0,0.0,24.948,121.372
74DA38F7C260,2026-02-18,14:17:30,15.0,100.0,1.0,25.065,121.425
74DA38F7C31C,2026-02-18,14:17:36,14.75,100.0,3.0,24.93,121.372
74DA38F20AAA,2026-02-18,14:17:38,14.37,100.0,20.0,24.6,120.999
74DA38F7C4CC,2026-02-18,14:17:38,15.25,100.0,16.0,25.062,121.451
74DA38F7C524,2026-02-18,14:17:39,13.5,100.0,61.0,25.002,121.552
74DA38F20976,2026-02-18,14:17:43,14.87,88.0,35.0,25.127,121.746
74DA38F2104E,2026-02-18,14:17:44,19.75,100.0,34.0,23.108,120.7
74DA38F209DE,2026-02-18,14:17:47,15.37,100.0,4.0,24.861,120.964
74DA38F20902,2026-02-18,14:18:00,19.87,100.0,1.0,22.204,120.7
74DA38F20D4C,2026-02-18,14:18:03,18.62,100.0,1.0,22.971,121.303
74DA38F21088,2026-02-18,14:18:04,14.75,100.0,0.0,25.068,121.588
74DA38F7C600,2026-02-18,14:18:06,20.62,56.0,16.0,25.07,121.586
74DA38F7C610,2026-02-18,14:18:06,17.12,78.0,27.0,25.063,121.564
74DA38F21048,2026-02-18,14:18:09,21.12,100.0,45.0,22.595,120.341
74DA38F20D1E,2026-02-18,14:18:15,15.25,100.0,36.0,25.048,121.573
74DA38F7C41E,2026-02-18,14:18:18,16.62,74.0,25.0,25.054,121.517
74DA38F7C47C,2026-02-18,14:18:18,15.87,96.0,0.0,25.055,121.455
74DA38ED05EA,2026-02-18,14:18:21,16.87,100.0,20.0,23.394,121.357
74DA38F20DD0,2026-02-18,14:18:22,19.0,100.0,2.0,22.6080258,120.3229833
74DA38ED04F2,2026-02-18,14:18:28,16.87,100.0,11.0,23.468,121.496
74DA38F2113E,2026-02-18,14:18:28,-4.0,0.0,5.0,22.728,120.313
74DA38F7C464,2026-02-18,14:18:30,13.5,33.0,6.0,25.006,121.413
74DA38F7C29C,2026-02-18,14:18:36,15.62,100.0,27.0,25.02,121.416
74DA38F20AA4,2026-02-18,14:18:39,24.12,84.0,24.0,22.685,120.492
74DA38F7C560,2026-02-18,14:18:39,14.75,69.0,0.0,25.079,121.671
74DA38F20A78,2026-02-18,14:18:40,16.0,100.0,6.0,22.904,121.124
74DA38ED0640,2026-02-18,14:18:41,14.62,100.0,5.0,23.154,121.266
74DA38F20EB2,2026-02-18,14:18:43,9.5,100.0,31.0,24.324,120.835
74DA38F21024,2026-02-18,14:18:43,15.62,100.0,0.0,24.93,121.036
74DA38F20B5C,2026-02-18,14:18:44,-4.0,0.0,37.0,22.798,120.293
74DA38F7C566,2026-02-18,14:18:44,16.62,100.0,0.0,25.051,121.448
74DA38F208E2,2026-02-18,14:19:03,15.25,100.0,15.0,24.688,121.766
74DA38F20D70,2026-02-18,14:19:13,16.25,100.0,1.0,23.05,121.164
74DA38F7C59C,2026-02-18,14:19:14,15.25,74.0,37.0,25.103,121.487
74DA38F20B26,2026-02-18,14:19:25,20.0,100.0,38.0,22.783,120.247
74DA38F20E9E,2026-02-18,14:19:30,15.0,100.0,39.0,24.648,121.151
74DA38F209B2,2026-02-18,14:19:32,20.37,100.0,1.0,22.363,120.599
74DA38F7C616,2026-02-18,14:19:40,15.37,100.0,0.0,25.031,121.563
74DA38F20D1A,2026-02-18,14:19:46,15.75,83.0,0.0,25.078,121.541
74DA38F7C3BA,2026-02-18,14:19:52,118.87,46.0,133.0,25.174,121.441
74DA38F20AE6,2026-02-18,14:19:55,25.0,100.0,14.0,22.63,120.348
74DA38ED0454,2026-02-18,14:19:59,18.5,100.0,17.0,24.053,121.599
74DA38F21054,2026-02-18,14:19:59,24.5,62.0,22.0,22.898,120.627
74DA38ED06E0,2026-02-18,14:20:04,19.0,92.0,0.0,23.601,121.521
74DA38F7C5E6,2026-02-18,14:20:05,15.75,100.0,17.0,25.107,121.843
74DA38F210E4,2026-02-18,14:20:06,17.87,100.0,21.0,23.24,120.696
74DA38F20BE4,2026-02-18,14:20:09,13.75,100.0,37.0,24.791,120.957
74DA38F21136,2026-02-18,14:20:13,14.87,99.0,23.0,25.119,121.505
74DA38ED05B6,2026-02-18,14:20:15,16.37,100.0,23.0,23.43,121.348
74DA38F20B88,2026-02-18,14:20:15,18.87,100.0,0.0,22.75,120.316
74DA38F20D2A,2026-02-18,14:20:15,15.87,70.0,0.0,25.048,121.573
74DA38F7C3DE,2026-02-18,14:20:16,15.87,100.0,295.0,24.972,121.537
74DA38ED0630,2026-02-18,14:20:21,18.5,99.0,0.0,23.994,121.594
74DA38F20C26,2026-02-18,14:20:23,20.5,72.0,29.0,22.676,120.342
74DA38F7C39A,2026-02-18,14:20:24,15.37,100.0,0.0,25.002,121.414
74DA38F7C30C,2026-02-18,14:20:26,15.37,92.0,0.0,24.975,121.532
74DA38F207DE,2026-02-18,14:20:27,20.62,100.0,46.0,22.603,120.34
74DA38ED059C,2026-02-18,14:20:29,15.87,100.0,22.0,23.706,121.412
74DA38F7C562,2026-02-18,14:20:35,14.25,99.0,29.0,25.021,121.418
74DA38F209EE,2026-02-18,14:20:43,19.0,100.0,0.0,23.026,121.33
74DA38F7C63C,2026-02-18,14:20:44,85.25,100.0,19.0,24.998,121.425
74DA38F7C47E,2026-02-18,14:21:00,15.12,100.0,35.0,25.053963,121.427681
74DA38F7C3D6,2026-02-18,14:21:01,15.75,100.0,0.0,25.045,121.541
74DA38F7C37C,2026-02-18,14:21:02,12.62,100.0,1.0,25.111,121.856
74DA38F209F8,2026-02-18,14:21:22,16.0,100.0,8.0,23.157,121.4
74DA38F7C570,2026-02-18,14:21:24,14.75,100.0,0.0,25.239,121.63
74DA38F21204,2026-02-18,14:21:26,20.5,100.0,6.0,25.062,121.451
74DA38F7C514,2026-02-18,14:21:29,15.5,97.0,27.0,25.051,121.518
74DA38F7C366,2026-02-18,14:21:30,15.0,100.0,14.0,25.002,121.516
74DA38F20E6E,2026-02-18,14:21:36,13.0,91.0,0.0,24.41,120.902
74DA38F20BCA,2026-02-18,14:21:40,14.5,98.0,0.0,25.079,121.58
74DA38F20F0A,2026-02-18,14:21:52,20.62,100.0,29.0,22.995,120.635
74DA38F210A2,2026-02-18,14:21:54,15.25,100.0,8.0,25.12,121.466
74DA38F7C5BE,2026-02-18,14:21:56,15.87,78.0,32.0,25.092,121.523
74DA38F20E34,2026-02-18,14:21:59,21.12,71.0,32.0,22.586,120.313
74DA38F20D2E,2026-02-18,14:22:03,15.5,100.0,1.0,25.06,121.545
74DA38F20C22,2026-02-18,14:22:11,20.75,100.0,0.0,22.729,120.357
74DA38F20DC0,2026-02-18,14:22:31,19.0,100.0,0.0,22.711,120.295
74DA38F7C30E,2026-02-18,14:22:41,14.87,100.0,22.0,24.949,121.382
74DA38F209A4,2026-02-18,14:22:44,19.37,100.0,0.0,22.702,120.572
74DA38F20BD0,2026-02-18,14:22:56,-4.0,0.0,26.0,22.688,120.408
74DA38F7C27E,2026-02-18,14:23:03,16.0,90.0,32.0,25.053,121.444
74DA38F7C4DE,2026-02-18,14:23:06,15.12,100.0,0.0,25.09,121.462
74DA38F20D6C,2026-02-18,14:23:08,20.75,75.0,1.0,22.661,120.301
74DA38F7C53C,2026-02-18,14:23:08,13.25,100.0,0.0,25.11,121.804
74DA38F20D16,2026-02-18,14:23:11,15.87,100.0,33.0,25.062,121.526
74DA38F7C5CE,2026-02-18,14:23:15,14.75,87.0,0.0,25.066,121.656
74DA38F7C3DC,2026-02-18,14:23:16,14.5,100.0,31.0,25.003,121.539
74DA38F2118E,2026-02-18,14:23:21,12.75,100.0,45.0,26.148,119.935
74DA38F210F6,2026-02-18,14:23:22,20.25,100.0,10.0,22.757426,121.158891
74DA38F7C3B2,2026-02-18,14:23:28,18.87,66.0,15.0,24.929,121.378
74DA38F20B80,2026-02-18,14:23:29,18.87,100.0,1.0,22.599,120.35
74DA38F7C40C,2026-02-18,14:23:29,14.62,100.0,0.0,24.995,121.52
74DA38F20DE0,2026-02-18,14:23:35,22.12,99.0,1.0,22.589,120.328
74DA38F7C4CC,2026-02-18,14:23:48,15.12,100.0,16.0,25.062,121.451
74DA38F20AAA,2026-02-18,14:23:49,14.37,100.0,25.0,24.6,120.999
74DA38F20976,2026-02-18,14:23:54,14.75,88.0,34.0,25.127,121.746
74DA38F2104E,2026-02-18,14:23:56,19.62,100.0,34.0,23.108,120.7
74DA38F20A30,2026-02-18,14:23:57,14.87,83.0,1.0,24.948,121.372
74DA38F7C260,2026-02-18,14:24:01,15.0,100.0,0.0,25.065,121.425
74DA38F20902,2026-02-18,14:24:07,19.75,100.0,1.0,22.204,120.7
74DA38F7C31C,2026-02-18,14:24:07,14.62,100.0,2.0,24.93,121.372
74DA38F7C600,2026-02-18,14:24:13,20.62,56.0,17.0,25.07,121.586
74DA38F209DE,2026-02-18,14:24:15,15.5,100.0,1.0,24.861,120.964
74DA38F7C524,2026-02-18,14:24:17,13.62,100.0,61.0,25.002,121.552
74DA38F7C610,2026-02-18,14:24:19,17.12,78.0,28.0,25.063,121.564
74DA38F209A8,2026-02-18,14:24:22,-4.0,0.0,0.0,22.401,120.577
74DA38F7C47C,2026-02-18,14:24:27,15.87,95.0,0.0,25.055,121.455
74DA38F20D1E,2026-02-18,14:24:29,15.37,100.0,35.0,25.048,121.573
74DA38ED05EA,2026-02-18,14:24:30,16.87,100.0,22.0,23.394,121.357
74DA38F7C41E,2026-02-18,14:24:31,16.62,73.0,26.0,25.054,121.517
74DA38F20D4C,2026-02-18,14:24:32,18.5,100.0,0.0,22.971,121.303
74DA38F21088,2026-02-18,14:24:36,14.62,100.0,1.0,25.068,121.588
74DA38ED04F2,2026-02-18,14:24:43,17.0,100.0,11.0,23.468,121.496
74DA38F21048,2026-02-18,14:24:43,21.12,100.0,44.0,22.595,120.341
74DA38F7C29C,2026-02-18,14:24:47,15.5,100.0,26.0,25.02,121.416
74DA38F20A78,2026-02-18,14:24:48,16.0,100.0,6.0,22.904,121.124
74DA38F20AA4,2026-02-18,14:24:48,24.12,84.0,23.0,22.685,120.492
74DA38ED0640,2026-02-18,14:24:50,14.5,100.0,6.0,23.154,121.266
74DA38F20DD0,2026-02-18,14:24:52,18.87,100.0,1.0,22.6080258,120.3229833
74DA38F20EB2,2026-02-18,14:24:57,9.5,100.0,32.0,24.324,120.835
74DA38F7C464,2026-02-18,14:25:01,13.5,36.0,3.0,25.006,121.413
74DA38F7C560,2026-02-18,14:25:09,14.75,72.0,0.0,25.079,121.671
74DA38F208E2,2026-02-18,14:25:10,15.25,100.0,7.0,24.688,121.766
74DA38F7C566,2026-02-18,14:25:13,16.62,100.0,0.0,25.051,121.448
74DA38F21024,2026-02-18,14:25:14,15.5,100.0,0.0,24.93,121.036
74DA38F20D70,2026-02-18,14:25:20,16.25,100.0,1.0,23.05,121.164
74DA38F7C59C,2026-02-18,14:25:26,15.25,75.0,36.0,25.103,121.487
74DA38F7C5A0,2026-02-18,14:25:27,15.37,89.0,0.0,25.107,121.518
74DA38F20B26,2026-02-18,14:25:45,20.0,100.0,35.0,22.783,120.247
74DA38F20E9E,2026-02-18,14:25:50,15.0,100.0,33.0,24.648,121.151
74DA38F7C3BA,2026-02-18,14:25:54,118.87,46.0,136.0,25.174,121.441
74DA38F2113E,2026-02-18,14:25:56,-4.0,0.0,5.0,22.728,120.313
74DA38F209B2,2026-02-18,14:26:00,20.62,100.0,0.0,22.363,120.599
74DA38F20AE6,2026-02-18,14:26:03,25.0,100.0,14.0,22.63,120.348
74DA38F21054,2026-02-18,14:26:06,24.37,62.0,21.0,22.898,120.627
74DA38ED06E0,2026-02-18,14:26:12,19.0,92.0,0.0,23.601,121.521
74DA38F7C3DE,2026-02-18,14:26:13,15.75,100.0,307.0,24.972,121.537
74DA38F7C5E6,2026-02-18,14:26:14,15.62,100.0,17.0,25.107,121.843
74DA38F20D1A,2026-02-18,14:26:15,15.75,84.0,0.0,25.078,121.541
74DA38F210E4,2026-02-18,14:26:16,17.87,100.0,21.0,23.24,120.696
74DA38F20BE4,2026-02-18,14:26:20,13.75,100.0,36.0,24.791,120.957
74DA38F7C616,2026-02-18,14:26:22,15.37,100.0,0.0,25.031,121.563
74DA38F21136,2026-02-18,14:26:23,14.87,99.0,21.0,25.119,121.505
74DA38ED0454,2026-02-18,14:26:24,18.5,100.0,16.0,24.053,121.599
74DA38ED05B6,2026-02-18,14:26:28,16.37,100.0,24.0,23.43,121.348
74DA38F7C30C,2026-02-18,14:26:35,15.37,92.0,0.0,24.975,121.532
74DA38F20C26,2026-02-18,14:26:36,20.37,72.0,29.0,22.676,120.342
74DA38ED059C,2026-02-18,14:26:39,15.75,100.0,17.0,23.706,121.412
74DA38F207DE,2026-02-18,14:26:41,20.62,100.0,44.0,22.603,120.34
74DA38F20B88,2026-02-18,14:26:45,18.87,100.0,0.0,22.75,120.316
74DA38F20D2A,2026-02-18,14:26:46,15.87,70.0,1.0,25.048,121.573
74DA38F209EE,2026-02-18,14:26:50,19.25,100.0,0.0,23.026,121.33
74DA38F20B82,2026-02-18,14:26:50,-4.0,0.0,3.0,22.847,120.465
74DA38F7C39A,2026-02-18,14:26:53,15.5,100.0,0.0,25.002,121.414
74DA38ED0630,2026-02-18,14:26:54,18.37,99.0,0.0,23.994,121.594
74DA38F7C63C,2026-02-18,14:26:54,85.25,100.0,18.0,24.998,121.425
74DA38F7C47E,2026-02-18,14:27:12,15.37,100.0,37.0,25.053963,121.427681
74DA38F7C562,2026-02-18,14:27:16,14.0,100.0,26.0,25.021,121.418
74DA38F7C37C,2026-02-18,14:27:30,12.5,100.0,0.0,25.111,121.856
74DA38F7C3D6,2026-02-18,14:27:30,15.87,100.0,0.0,25.045,121.541
74DA38F21204,2026-02-18,14:27:34,20.37,100.0,12.0,25.062,121.451
74DA38F20E6E,2026-02-18,14:27:39,13.0,91.0,0.0,24.41,120.902
74DA38F7C366,2026-02-18,14:27:40,15.0,100.0,15.0,25.002,121.516
74DA38F7C514,2026-02-18,14:27:43,15.62,97.0,27.0,25.051,121.518
74DA38F209F8,2026-02-18,14:27:54,16.0,100.0,8.0,23.157,121.4
74DA38F7C570,2026-02-18,14:27:54,14.75,100.0,0.0,25.239,121.63
74DA38F210A2,2026-02-18,14:28:02,15.25,100.0,8.0,25.12,121.466
74DA38F20F0A,2026-02-18,14:28:05,20.75,100.0,29.0,22.995,120.635
74DA38F20BCA,2026-02-18,14:28:10,14.5,98.0,1.0,25.079,121.58
74DA38F7C5BE,2026-02-18,14:28:10,15.75,78.0,32.0,25.092,121.523
74DA38F20B5C,2026-02-18,14:28:13,-4.0,0.0,36.0,22.798,120.293
74DA38F20E34,2026-02-18,14:28:13,21.0,71.0,30.0,22.586,120.313
74DA38F20D2E,2026-02-18,14:28:31,15.5,100.0,0.0,25.06,121.545
74DA38F20C22,2026-02-18,14:28:39,20.62,100.0,0.0,22.729,120.357
74DA38F7C30E,2026-02-18,14:28:52,15.0,100.0,22.0,24.949,121.382
74DA38F20DC0,2026-02-18,14:29:01,18.87,100.0,3.0,22.711,120.295
74DA38F209A4,2026-02-18,14:29:15,19.37,100.0,0.0,22.702,120.572
74DA38F7C27E,2026-02-18,14:29:15,16.0,90.0,32.0,25.053,121.444
74DA38F7C4DE,2026-02-18,14:29:15,15.37,100.0,0.0,25.09,121.462
74DA38F7C3DC,2026-02-18,14:29:23,14.5,100.0,30.0,25.003,121.539
74DA38F20D16,2026-02-18,14:29:27,15.75,100.0,34.0,25.062,121.526
74DA38F210F6,2026-02-18,14:29:29,20.12,100.0,9.0,22.757426,121.158891
74DA38F7C40C,2026-02-18,14:29:36,14.62,100.0,0.0,24.995,121.52
74DA38F7C53C,2026-02-18,14:29:36,13.5,100.0,0.0,25.11,121.804
74DA38F7C3B2,2026-02-18,14:29:37,18.87,66.0,15.0,24.929,121.378
74DA38F7C5CE,2026-02-18,14:29:42,14.75,87.0,0.0,25.066,121.656
74DA38F7C4CC,2026-02-18,14:29:56,15.12,100.0,17.0,25.062,121.451
74DA38F20AAA,2026-02-18,14:29:57,14.37,100.0,16.0,24.6,120.999
74DA38F2118E,2026-02-18,14:29:57,12.62,100.0,49.0,26.148,119.935
74DA38F20976,2026-02-18,14:30:04,14.87,88.0,34.0,25.127,121.746
74DA38F20B80,2026-02-18,14:30:05,18.87,100.0,0.0,22.599,120.35
74DA38F20DE0,2026-02-18,14:30:05,22.12,99.0,1.0,22.589,120.328
74DA38F2104E,2026-02-18,14:30:08,19.75,100.0,33.0,23.108,120.7
74DA38F20902,2026-02-18,14:30:14,19.62,100.0,1.0,22.204,120.7
74DA38F7C600,2026-02-18,14:30:20,20.62,56.0,16.0,25.07,121.586
74DA38F7C610,2026-02-18,14:30:33,17.0,78.0,28.0,25.063,121.564
74DA38F7C260,2026-02-18,14:30:36,15.0,100.0,0.0,25.065,121.425
74DA38F7C47C,2026-02-18,14:30:36,15.87,95.0,0.0,25.055,121.455
74DA38ED05EA,2026-02-18,14:30:37,16.87,100.0,22.0,23.394,121.357
74DA38F7C31C,2026-02-18,14:30:39,14.5,100.0,2.0,24.93,121.372
74DA38F20D1E,2026-02-18,14:30:41,15.37,100.0,35.0,25.048,121.573
74DA38F20A30,2026-02-18,14:30:43,14.87,83.0,1.0,24.948,121.372
74DA38F7C41E,2026-02-18,14:30:44,16.62,73.0,26.0,25.054,121.517
74DA38F209DE,2026-02-18,14:30:45,15.5,100.0,4.0,24.861,120.964
74DA38F7C524,2026-02-18,14:30:52,13.5,100.0,63.0,25.002,121.552
74DA38F20A78,2026-02-18,14:30:54,16.0,100.0,5.0,22.904,121.124
74DA38F7C29C,2026-02-18,14:30:56,15.5,100.0,25.0,25.02,121.416
74DA38F20AA4,2026-02-18,14:30:57,24.12,84.0,23.0,22.685,120.492
74DA38ED04F2,2026-02-18,14:30:58,16.87,100.0,11.0,23.468,121.496
74DA38ED0640,2026-02-18,14:30:58,14.5,100.0,7.0,23.154,121.266
74DA38F20D4C,2026-02-18,14:30:59,18.5,100.0,0.0,22.971,121.303
74DA38F21088,2026-02-18,14:31:06,14.5,100.0,2.0,25.068,121.588
74DA38F20EB2,2026-02-18,14:31:08,9.5,100.0,31.0,24.324,120.835
74DA38F21048,2026-02-18,14:31:16,20.87,100.0,42.0,22.595,120.341
74DA38F208E2,2026-02-18,14:31:17,15.0,100.0,11.0,24.688,121.766
74DA38F20DD0,2026-02-18,14:31:20,19.0,100.0,0.0,22.6080258,120.3229833
74DA38F20D70,2026-02-18,14:31:26,16.37,100.0,1.0,23.05,121.164
74DA38F7C464,2026-02-18,14:31:33,13.62,34.0,2.0,25.006,121.413
74DA38F7C560,2026-02-18,14:31:36,14.62,72.0,0.0,25.079,121.671
74DA38F7C59C,2026-02-18,14:31:36,15.25,74.0,36.0,25.103,121.487
74DA38F7C566,2026-02-18,14:31:40,16.62,100.0,0.0,25.051,121.448
74DA38F21024,2026-02-18,14:31:41,15.5,100.0,0.0,24.93,121.036
74DA38F7C3BA,2026-02-18,14:31:58,118.87,46.0,139.0,25.174,121.441
74DA38F7C5A0,2026-02-18,14:31:59,15.25,89.0,3.0,25.107,121.518
74DA38F20E9E,2026-02-18,14:32:05,15.0,100.0,31.0,24.648,121.151
74DA38F20B26,2026-02-18,14:32:06,20.0,100.0,33.0,22.783,120.247
74DA38F20AE6,2026-02-18,14:32:09,25.0,100.0,14.0,22.63,120.348
74DA38F7C3DE,2026-02-18,14:32:09,15.75,100.0,305.0,24.972,121.537
74DA38F21054,2026-02-18,14:32:13,24.37,62.0,21.0,22.898,120.627
74DA38ED06E0,2026-02-18,14:32:19,18.87,92.0,0.0,23.601,121.521
74DA38F210E4,2026-02-18,14:32:25,17.87,100.0,20.0,23.24,120.696
74DA38F7C5E6,2026-02-18,14:32:27,15.62,100.0,17.0,25.107,121.843
74DA38F209B2,2026-02-18,14:32:29,20.87,100.0,1.0,22.363,120.599
74DA38F20BE4,2026-02-18,14:32:32,13.75,100.0,36.0,24.791,120.957
74DA38F21136,2026-02-18,14:32:32,15.0,99.0,22.0,25.119,121.505
74DA38ED05B6,2026-02-18,14:32:35,16.37,100.0,26.0,23.43,121.348
74DA38F20D1A,2026-02-18,14:32:44,15.62,84.0,0.0,25.078,121.541
74DA38ED059C,2026-02-18,14:32:46,15.87,100.0,14.0,23.706,121.412
74DA38F207DE,2026-02-18,14:32:51,20.62,100.0,43.0,22.603,120.34
74DA38F20C26,2026-02-18,14:32:53,20.25,72.0,29.0,22.676,120.342
74DA38F7C30C,2026-02-18,14:32:54,15.37,92.0,0.0,24.975,121.532
74DA38F209EE,2026-02-18,14:32:56,19.37,100.0,0.0,23.026,121.33
74DA38F7C63C,2026-02-18,14:33:03,85.25,100.0,18.0,24.998,121.425
74DA38F2113E,2026-02-18,14:33:14,-4.0,0.0,7.0,22.728,120.313
74DA38F20B88,2026-02-18,14:33:16,18.75,100.0,0.0,22.75,120.316
74DA38F7C39A,2026-02-18,14:33:21,15.37,100.0,0.0,25.002,121.414
74DA38ED0630,2026-02-18,14:33:23,18.37,99.0,0.0,23.994,121.594
74DA38F7C47E,2026-02-18,14:33:27,15.5,100.0,36.0,25.053963,121.427681
74DA38F7C562,2026-02-18,14:33:30,14.25,83.0,29.0,25.021,121.418
74DA38F20BD0,2026-02-18,14:33:33,-4.0,0.0,28.0,22.688,120.408
74DA38F20D2A,2026-02-18,14:33:40,15.87,70.0,0.0,25.048,121.573
74DA38F20E6E,2026-02-18,14:33:40,12.87,91.0,0.0,24.41,120.902
74DA38F21204,2026-02-18,14:33:42,20.37,100.0,5.0,25.062,121.451
74DA38F7C366,2026-02-18,14:33:48,15.12,100.0,15.0,25.002,121.516
74DA38F7C514,2026-02-18,14:33:54,15.37,96.0,28.0,25.051,121.518
74DA38F7C3D6,2026-02-18,14:33:58,15.75,100.0,1.0,25.045,121.541
74DA38F7C37C,2026-02-18,14:33:59,12.5,100.0,0.0,25.111,121.856
74DA38F209A8,2026-02-18,14:34:00,-4.0,0.0,1.0,22.401,120.577
74DA38F210A2,2026-02-18,14:34:09,14.87,100.0,8.0,25.12,121.466
74DA38F20F0A,2026-02-18,14:34:18,20.75,100.0,28.0,22.995,120.635
74DA38F7C338,2026-02-18,14:34:20,17.87,90.0,23.0,25.011,121.458
74DA38F7C5BE,2026-02-18,14:34:22,15.75,78.0,32.0,25.092,121.523
74DA38F209F8,2026-02-18,14:34:25,16.12,100.0,10.0,23.157,121.4
74DA38F7C570,2026-02-18,14:34:25,14.87,100.0,1.0,25.239,121.63
74DA38F20E34,2026-02-18,14:34:27,21.0,71.0,29.0,22.586,120.313
74DA38F20D2E,2026-02-18,14:35:00,15.37,100.0,0.0,25.06,121.545
74DA38F7C30E,2026-02-18,14:35:04,15.12,100.0,22.0,24.949,121.382
74DA38F20C22,2026-02-18,14:35:08,20.87,100.0,0.0,22.729,120.357
74DA38F7C4DE,2026-02-18,14:35:23,15.5,100.0,0.0,25.09,121.462
74DA38F7C27E,2026-02-18,14:35:24,16.0,90.0,31.0,25.053,121.444
74DA38F20DC0,2026-02-18,14:35:29,18.87,100.0,1.0,22.711,120.295
74DA38F7C3DC,2026-02-18,14:35:31,14.5,100.0,31.0,25.003,121.539
74DA38F210F6,2026-02-18,14:35:34,20.0,100.0,9.0,22.757426,121.158891
74DA38F20D16,2026-02-18,14:35:40,15.75,100.0,34.0,25.062,121.526
74DA38F7C40C,2026-02-18,14:35:44,14.62,100.0,0.0,24.995,121.52
74DA38F209A4,2026-02-18,14:35:45,19.37,100.0,1.0,22.702,120.572
74DA38F7C3B2,2026-02-18,14:35:45,18.87,66.0,15.0,24.929,121.378
74DA38F20AAA,2026-02-18,14:36:05,14.37,100.0,13.0,24.6,120.999
74DA38F7C53C,2026-02-18,14:36:05,13.75,100.0,0.0,25.11,121.804
74DA38F7C4CC,2026-02-18,14:36:07,15.25,100.0,19.0,25.062,121.451
74DA38F7C5CE,2026-02-18,14:36:10,14.62,87.0,0.0,25.066,121.656
74DA38F20976,2026-02-18,14:36:13,14.87,88.0,33.0,25.127,121.746
74DA38F20902,2026-02-18,14:36:20,19.75,100.0,1.0,22.204,120.7
74DA38F2104E,2026-02-18,14:36:20,19.87,100.0,34.0,23.108,120.7
74DA38F20B82,2026-02-18,14:36:23,-4.0,0.0,3.0,22.847,120.465
74DA38F7C600,2026-02-18,14:36:26,20.75,56.0,17.0,25.07,121.586
74DA38F2118E,2026-02-18,14:36:33,12.62,100.0,50.0,26.148,119.935
74DA38F20B80,2026-02-18,14:36:34,18.75,100.0,2.0,22.599,120.35
74DA38F20DE0,2026-02-18,14:36:35,22.0,99.0,2.0,22.589,120.328
74DA38F7C610,2026-02-18,14:36:43,17.12,78.0,27.0,25.063,121.564
74DA38F7C47C,2026-02-18,14:36:45,15.75,96.0,0.0,25.055,121.455
74DA38ED05EA,2026-02-18,14:36:46,16.87,100.0,21.0,23.394,121.357
74DA38F7C41E,2026-02-18,14:36:53,16.62,73.0,25.0,25.054,121.517
74DA38F20D1E,2026-02-18,14:36:54,15.37,100.0,35.0,25.048,121.573
74DA38F20A78,2026-02-18,14:37:01,16.0,100.0,5.0,22.904,121.124
74DA38ED0640,2026-02-18,14:37:05,14.37,100.0,8.0,23.154,121.266
74DA38F20AA4,2026-02-18,14:37:05,24.12,84.0,24.0,22.685,120.492
74DA38F7C260,2026-02-18,14:37:06,15.0,100.0,1.0,25.065,121.425
74DA38F7C29C,2026-02-18,14:37:07,15.62,100.0,25.0,25.02,121.416
74DA38ED04F2,2026-02-18,14:37:12,16.87,100.0,10.0,23.468,121.496
74DA38F209DE,2026-02-18,14:37:13,15.12,100.0,3.0,24.861,120.964
74DA38F20A30,2026-02-18,14:37:13,14.87,83.0,1.0,24.948,121.372
74DA38F7C31C,2026-02-18,14:37:13,14.37,100.0,4.0,24.93,121.372
74DA38F208E2,2026-02-18,14:37:23,15.0,100.0,8.0,24.688,121.766
74DA38F20EB2,2026-02-18,14:37:23,9.5,100.0,31.0,24.324,120.835
74DA38F20D4C,2026-02-18,14:37:28,18.37,100.0,1.0,22.971,121.303
74DA38F7C524,2026-02-18,14:37:28,13.37,100.0,60.0,25.002,121.552
74DA38F20D70,2026-02-18,14:37:33,16.37,100.0,1.0,23.05,121.164
74DA38F21088,2026-02-18,14:37:35,14.62,100.0,0.0,25.068,121.588
74DA38F20B5C,2026-02-18,14:37:36,-4.0,0.0,40.0,22.798,120.293
74DA38F21048,2026-02-18,14:37:48,21.0,100.0,39.0,22.595,120.341
74DA38F7C59C,2026-02-18,14:37:48,15.12,74.0,36.0,25.103,121.487
74DA38F20DD0,2026-02-18,14:37:54,19.0,100.0,0.0,22.6080258,120.3229833
74DA38F7C3BA,2026-02-18,14:37:58,118.87,46.0,133.0,25.174,121.441
74DA38F7C464,2026-02-18,14:38:04,13.5,33.0,4.0,25.006,121.413
74DA38F7C3DE,2026-02-18,14:38:05,15.75,100.0,301.0,24.972,121.537
74DA38F7C560,2026-02-18,14:38:05,14.62,76.0,0.0,25.079,121.671
74DA38F21024,2026-02-18,14:38:09,15.37,100.0,0.0,24.93,121.036
74DA38F7C566,2026-02-18,14:38:09,16.62,100.0,0.0,25.051,121.448
74DA38F20AE6,2026-02-18,14:38:16,25.0,100.0,15.0,22.63,120.348
74DA38F20B26,2026-02-18,14:38:19,20.12,100.0,32.0,22.783,120.247
74DA38F21054,2026-02-18,14:38:19,24.37,62.0,22.0,22.898,120.627
74DA38F20E9E,2026-02-18,14:38:22,15.12,100.0,30.0,24.648,121.151
74DA38ED06E0,2026-02-18,14:38:26,18.87,91.0,0.0,23.601,121.521
74DA38F210E4,2026-02-18,14:38:34,17.75,100.0,20.0,23.24,120.696
74DA38F7C5E6,2026-02-18,14:38:38,15.62,100.0,18.0,25.107,121.843
74DA38F21136,2026-02-18,14:38:40,14.75,98.0,23.0,25.119,121.505
74DA38ED05B6,2026-02-18,14:38:42,16.25,100.0,27.0,23.43,121.348
74DA38F20BE4,2026-02-18,14:38:43,13.75,100.0,37.0,24.791,120.957
74DA38ED059C,2026-02-18,14:38:54,15.62,100.0,13.0,23.706,121.412
74DA38F209B2,2026-02-18,14:38:56,20.87,100.0,0.0,22.363,120.599
74DA38F209EE,2026-02-18,14:39:01,19.37,100.0,0.0,23.026,121.33
74DA38F207DE,2026-02-18,14:39:02,20.5,100.0,42.0,22.603,120.34
74DA38F7C616,2026-02-18,14:39:04,15.25,100.0,0.0,25.031,121.563
74DA38F20C26,2026-02-18,14:39:06,20.25,73.0,29.0,22.676,120.342
74DA38F7C63C,2026-02-18,14:39:13,85.25,100.0,18.0,24.998,121.425
74DA38F20D1A,2026-02-18,14:39:15,15.62,84.0,0.0,25.078,121.541
74DA38F7C30C,2026-02-18,14:39:16,15.37,92.0,0.0,24.975,121.532
74DA38ED0454,2026-02-18,14:39:25,18.37,100.0,28.0,24.053,121.599
74DA38F7C47E,2026-02-18,14:39:41,15.25,100.0,36.0,25.053963,121.427681
74DA38F20E6E,2026-02-18,14:39:42,13.0,91.0,0.0,24.41,120.902
74DA38F20B88,2026-02-18,14:39:44,18.62,100.0,0.0,22.75,120.316
74DA38F7C562,2026-02-18,14:39:45,14.25,91.0,28.0,25.021,121.418
74DA38F7C39A,2026-02-18,14:39:50,15.25,100.0,0.0,25.002,121.414
74DA38ED0630,2026-02-18,14:39:54,18.5,99.0,0.0,23.994,121.594
74DA38F7C366,2026-02-18,14:39:58,15.12,100.0,15.0,25.002,121.516
74DA38F7C514,2026-02-18,14:40:05,15.25,97.0,28.0,25.051,121.518
74DA38F21204,2026-02-18,14:40:10,20.37,100.0,3.0,25.062,121.451
74DA38F20D2A,2026-02-18,14:40:11,16.12,70.0,0.0,25.048,121.573
74DA38F210A2,2026-02-18,14:40:15,14.87,100.0,8.0,25.12,121.466
74DA38F7C3D6,2026-02-18,14:40:26,15.75,100.0,0.0,25.045,121.541
74DA38F7C37C,2026-02-18,14:40:28,12.62,100.0,0.0,25.111,121.856
74DA38F20F0A,2026-02-18,14:40:31,20.75,100.0,30.0,22.995,120.635
74DA38F2113E,2026-02-18,14:40:34,-4.0,0.0,9.0,22.728,120.313
74DA38F7C338,2026-02-18,14:40:36,17.87,90.0,22.0,25.011,121.458
74DA38F20E34,2026-02-18,14:40:40,21.12,71.0,28.0,22.586,120.313
74DA38F7C570,2026-02-18,14:40:52,14.87,100.0,1.0,25.239,121.63
74DA38F209F8,2026-02-18,14:40:57,16.12,100.0,15.0,23.157,121.4
74DA38F7C30E,2026-02-18,14:41:15,15.12,100.0,23.0,24.949,121.382
74DA38F20BCA,2026-02-18,14:41:20,14.5,98.0,0.0,25.079,121.58
74DA38F20D2E,2026-02-18,14:41:30,15.37,100.0,1.0,25.06,121.545
74DA38F7C27E,2026-02-18,14:41:35,16.0,90.0,32.0,25.053,121.444
74DA38F210F6,2026-02-18,14:41:40,19.75,100.0,8.0,22.757426,121.158891
74DA38F20C22,2026-02-18,14:41:41,20.5,100.0,2.0,22.729,120.357
74DA38F7C3DC,2026-02-18,14:41:41,14.37,100.0,31.0,25.003,121.539
74DA38F7C40C,2026-02-18,14:41:51,14.62,100.0,0.0,24.995,121.52
74DA38F20D16,2026-02-18,14:41:53,15.75,100.0,34.0,25.062,121.526
74DA38F7C3B2,2026-02-18,14:41:54,18.75,66.0,15.0,24.929,121.378
74DA38F20DC0,2026-02-18,14:41:59,18.62,100.0,3.0,22.711,120.295
74DA38F20AAA,2026-02-18,14:42:13,14.37,100.0,15.0,24.6,120.999
74DA38F209A4,2026-02-18,14:42:14,19.0,100.0,0.0,22.702,120.572
74DA38F7C4CC,2026-02-18,14:42:16,15.25,100.0,18.0,25.062,121.451
74DA38F20976,2026-02-18,14:42:21,14.87,88.0,33.0,25.127,121.746
74DA38F20902,2026-02-18,14:42:27,19.75,100.0,2.0,22.204,120.7
74DA38F7C53C,2026-02-18,14:42:33,13.75,100.0,0.0,25.11,121.804
74DA38F7C600,2026-02-18,14:42:33,20.75,55.0,16.0,25.07,121.586
74DA38F2104E,2026-02-18,14:42:34,19.87,100.0,36.0,23.108,120.7
74DA38F7C5CE,2026-02-18,14:42:39,14.5,87.0,0.0,25.066,121.656
74DA38ED05EA,2026-02-18,14:42:52,16.87,100.0,22.0,23.394,121.357
74DA38F7C47C,2026-02-18,14:42:53,15.62,96.0,0.0,25.055,121.455
74DA38F7C610,2026-02-18,14:42:55,17.0,78.0,28.0,25.063,121.564
74DA38F20B80,2026-02-18,14:43:02,18.62,100.0,1.0,22.599,120.35
74DA38F20DE0,2026-02-18,14:43:03,22.0,99.0,0.0,22.589,120.328
74DA38F7C41E,2026-02-18,14:43:03,16.5,73.0,25.0,25.054,121.517
74DA38F20D1E,2026-02-18,14:43:06,15.5,100.0,35.0,25.048,121.573
74DA38F2118E,2026-02-18,14:43:07,12.5,100.0,53.0,26.148,119.935
74DA38F20A78,2026-02-18,14:43:08,16.0,100.0,6.0,22.904,121.124
74DA38ED0640,2026-02-18,14:43:11,14.37,100.0,8.0,23.154,121.266
74DA38F20AA4,2026-02-18,14:43:13,24.12,84.0,24.0,22.685,120.492
74DA38F7C29C,2026-02-18,14:43:18,15.62,100.0,25.0,25.02,121.416
74DA38ED04F2,2026-02-18,14:43:22,16.87,100.0,10.0,23.468,121.496
74DA38F208E2,2026-02-18,14:43:32,15.0,100.0,31.0,24.688,121.766
74DA38F20EB2,2026-02-18,14:43:34,9.5,100.0,31.0,24.324,120.835
74DA38F7C260,2026-02-18,14:43:34,15.12,100.0,0.0,25.065,121.425
74DA38F20D70,2026-02-18,14:43:38,16.37,100.0,1.0,23.05,121.164
74DA38F209A8,2026-02-18,14:43:40,-4.0,0.0,0.0,22.401,120.577
74DA38F209DE,2026-02-18,14:43:41,15.12,100.0,1.0,24.861,120.964
74DA38F20A30,2026-02-18,14:43:43,14.87,83.0,0.0,24.948,121.372
74DA38F7C31C,2026-02-18,14:43:51,14.5,100.0,3.0,24.93,121.372
74DA38F20D4C,2026-02-18,14:43:55,18.37,100.0,0.0,22.971,121.303
74DA38F7C59C,2026-02-18,14:43:59,15.12,74.0,37.0,25.103,121.487
74DA38F7C3BA,2026-02-18,14:44:00,118.87,46.0,138.0,25.174,121.441
74DA38F7C3DE,2026-02-18,14:44:01,15.75,100.0,295.0,24.972,121.537
74DA38F7C524,2026-02-18,14:44:02,13.37,100.0,60.0,25.002,121.552
74DA38F20BD0,2026-02-18,14:44:05,-4.0,0.0,29.0,22.688,120.408
74DA38F21088,2026-02-18,14:44:06,14.62,100.0,1.0,25.068,121.588
74DA38F7C5BE,2026-02-18,14:44:10,15.62,78.0,32.0,25.092,121.523
74DA38F21048,2026-02-18,14:44:18,21.0,100.0,35.0,22.595,120.341
74DA38F20AE6,2026-02-18,14:44:23,25.0,100.0,15.0,22.63,120.348
74DA38F20DD0,2026-02-18,14:44:24,19.25,100.0,1.0,22.6080258,120.3229833
74DA38F21054,2026-02-18,14:44:26,24.37,62.0,21.0,22.898,120.627
74DA38ED06E0,2026-02-18,14:44:32,18.87,91.0,0.0,23.601,121.521
74DA38F7C464,2026-02-18,14:44:34,13.5,33.0,4.0,25.006,121.413
74DA38F7C560,2026-02-18,14:44:34,14.5,74.0,0.0,25.079,121.671
74DA38F20E9E,2026-02-18,14:44:36,15.0,100.0,34.0,24.648,121.151
74DA38F7C566,2026-02-18,14:44:37,16.62,100.0,0.0,25.051,121.448
74DA38F21024,2026-02-18,14:44:38,15.37,100.0,0.0,24.93,121.036
74DA38F20B26,2026-02-18,14:44:41,20.12,100.0,32.0,22.783,120.247
74DA38F210E4,2026-02-18,14:44:45,17.62,100.0,20.0,23.24,120.696
74DA38ED05B6,2026-02-18,14:44:50,16.12,100.0,27.0,23.43,121.348
74DA38F21136,2026-02-18,14:44:50,14.87,98.0,21.0,25.119,121.505
74DA38F7C5E6,2026-02-18,14:44:51,15.62,100.0,18.0,25.107,121.843
74DA38F20BE4,2026-02-18,14:44:53,13.75,100.0,37.0,24.791,120.957
74DA38ED059C,2026-02-18,14:45:01,15.37,100.0,13.0,23.706,121.412
74DA38F209EE,2026-02-18,14:45:06,19.37,100.0,0.0,23.026,121.33
74DA38F7C616,2026-02-18,14:45:11,15.25,100.0,0.0,25.031,121.563
74DA38F207DE,2026-02-18,14:45:14,20.62,100.0,40.0,22.603,120.34
74DA38F20C26,2026-02-18,14:45:18,20.5,72.0,28.0,22.676,120.342
74DA38F7C63C,2026-02-18,14:45:22,85.25,100.0,17.0,24.998,121.425
74DA38F209B2,2026-02-18,14:45:23,20.87,100.0,0.0,22.363,120.599
74DA38ED0454,2026-02-18,14:45:35,18.37,100.0,17.0,24.053,121.599
74DA38F20E6E,2026-02-18,14:45:43,13.0,91.0,0.0,24.41,120.902
74DA38F20D1A,2026-02-18,14:45:44,15.5,84.0,0.0,25.078,121.541
74DA38F20B82,2026-02-18,14:45:54,-4.0,0.0,3.0,22.847,120.465
74DA38F7C47E,2026-02-18,14:45:55,15.25,100.0,36.0,25.053963,121.427681
74DA38F7C562,2026-02-18,14:45:58,14.37,82.0,28.0,25.021,121.418
74DA38F7C30C,2026-02-18,14:45:59,15.37,92.0,0.0,24.975,121.532
74DA38F7C5A0,2026-02-18,14:45:59,15.5,88.0,1.0,25.107,121.518
74DA38F7C366,2026-02-18,14:46:07,15.12,100.0,14.0,25.002,121.516
74DA38F20B88,2026-02-18,14:46:14,18.62,100.0,0.0,22.75,120.316
74DA38F7C514,2026-02-18,14:46:17,15.37,97.0,28.0,25.051,121.518
74DA38F21204,2026-02-18,14:46:18,20.37,100.0,3.0,25.062,121.451
74DA38F7C39A,2026-02-18,14:46:18,15.25,100.0,0.0,25.002,121.414
74DA38F210A2,2026-02-18,14:46:20,15.0,100.0,8.0,25.12,121.466
74DA38ED0630,2026-02-18,14:46:23,18.5,99.0,0.0,23.994,121.594
74DA38F20D2A,2026-02-18,14:46:39,16.25,70.0,1.0,25.048,121.573
74DA38F20F0A,2026-02-18,14:46:44,20.75,100.0,30.0,22.995,120.635
74DA38F20E34,2026-02-18,14:46:53,21.25,71.0,26.0,22.586,120.313
74DA38F7C3D6,2026-02-18,14:46:55,15.75,100.0,0.0,25.045,121.541
74DA38F7C37C,2026-02-18,14:46:58,12.75,100.0,0.0,25.111,121.856
74DA38F20B5C,2026-02-18,14:46:59,-4.0,0.0,42.0,22.798,120.293
74DA38F7C338,2026-02-18,14:47:01,17.87,90.0,23.0,25.011,121.458
74DA38F7C570,2026-02-18,14:47:20,15.0,100.0,0.0,25.239,121.63
74DA38F209F8,2026-02-18,14:47:27,16.25,100.0,17.0,23.157,121.4
74DA38F7C30E,2026-02-18,14:47:28,15.25,100.0,22.0,24.949,121.382
74DA38F210F6,2026-02-18,14:47:45,19.62,100.0,8.0,22.757426,121.158891
74DA38F7C27E,2026-02-18,14:47:45,16.12,90.0,32.0,25.053,121.444
74DA38F7C3DC,2026-02-18,14:47:49,14.37,100.0,31.0,25.003,121.539
74DA38F20BCA,2026-02-18,14:47:50,14.37,98.0,0.0,25.079,121.58
74DA38F2113E,2026-02-18,14:47:51,-4.0,0.0,7.0,22.728,120.313
74DA38F20D2E,2026-02-18,14:47:59,15.5,100.0,0.0,25.06,121.545
74DA38F7C40C,2026-02-18,14:47:59,14.5,100.0,0.0,24.995,121.52
74DA38F7C3B2,2026-02-18,14:48:02,18.87,66.0,14.0,24.929,121.378
74DA38F20D16,2026-02-18,14:48:07,15.75,100.0,34.0,25.062,121.526
74DA38F20C22,2026-02-18,14:48:15,20.0,100.0,1.0,22.729,120.357
74DA38F20AAA,2026-02-18,14:48:20,14.37,100.0,13.0,24.6,120.999
74DA38F7C4DE,2026-02-18,14:48:22,15.37,100.0,0.0,25.09,121.462
74DA38F7C4CC,2026-02-18,14:48:25,15.0,100.0,18.0,25.062,121.451
74DA38F20DC0,2026-02-18,14:48:26,18.62,100.0,1.0,22.711,120.295
74DA38F20976,2026-02-18,14:48:31,14.87,88.0,33.0,25.127,121.746
74DA38F20902,2026-02-18,14:48:33,19.75,100.0,1.0,22.204,120.7
74DA38F7C600,2026-02-18,14:48:38,21.0,55.0,17.0,25.07,121.586
74DA38F209A4,2026-02-18,14:48:42,18.87,100.0,0.0,22.702,120.572
74DA38F2104E,2026-02-18,14:48:46,19.75,100.0,36.0,23.108,120.7
74DA38ED05EA,2026-02-18,14:49:01,17.0,100.0,22.0,23.394,121.357
74DA38F7C53C,2026-02-18,14:49:01,13.87,100.0,0.0,25.11,121.804
74DA38F7C47C,2026-02-18,14:49:02,15.62,95.0,0.0,25.055,121.455
74DA38F7C610,2026-02-18,14:49:05,17.0,78.0,27.0,25.063,121.564
74DA38F7C5CE,2026-02-18,14:49:06,14.62,87.0,0.0,25.066,121.656
74DA38F7C41E,2026-02-18,14:49:12,16.5,73.0,25.0,25.054,121.517
74DA38F20A78,2026-02-18,14:49:14,16.0,100.0,6.0,22.904,121.124
74DA38ED0640,2026-02-18,14:49:18,14.37,100.0,8.0,23.154,121.266
74DA38F20AA4,2026-02-18,14:49:20,24.0,84.0,23.0,22.685,120.492
74DA38F20D1E,2026-02-18,14:49:20,15.37,100.0,36.0,25.048,121.573
74DA38F7C29C,2026-02-18,14:49:28,15.75,100.0,25.0,25.02,121.416
74DA38F20B80,2026-02-18,14:49:29,18.62,100.0,1.0,22.599,120.35
74DA38ED04F2,2026-02-18,14:49:31,16.87,100.0,13.0,23.468,121.496
74DA38F20DE0,2026-02-18,14:49:35,21.87,99.0,1.0,22.589,120.328
74DA38F208E2,2026-02-18,14:49:41,14.75,100.0,21.0,24.688,121.766
74DA38F2118E,2026-02-18,14:49:42,12.37,100.0,54.0,26.148,119.935
74DA38F20D70,2026-02-18,14:49:44,16.25,100.0,1.0,23.05,121.164
74DA38F20EB2,2026-02-18,14:49:44,9.62,100.0,30.0,24.324,120.835
74DA38F7C3DE,2026-02-18,14:49:57,15.75,100.0,301.0,24.972,121.537
74DA38F7C3BA,2026-02-18,14:50:01,118.87,46.0,134.0,25.174,121.441
74DA38F7C260,2026-02-18,14:50:02,15.12,100.0,1.0,25.065,121.425
74DA38F7C59C,2026-02-18,14:50:08,15.12,74.0,35.0,25.103,121.487
74DA38F209DE,2026-02-18,14:50:11,15.25,100.0,4.0,24.861,120.964
74DA38F20A30,2026-02-18,14:50:13,14.87,83.0,1.0,24.948,121.372
74DA38F7C31C,2026-02-18,14:50:22,14.37,100.0,4.0,24.93,121.372
74DA38F20D4C,2026-02-18,14:50:23,18.37,100.0,0.0,22.971,121.303
74DA38F7C5BE,2026-02-18,14:50:24,15.62,77.0,32.0,25.092,121.523
74DA38F20AE6,2026-02-18,14:50:29,25.0,100.0,15.0,22.63,120.348
74DA38F21054,2026-02-18,14:50:32,24.37,62.0,22.0,22.898,120.627
74DA38F21088,2026-02-18,14:50:36,14.75,100.0,1.0,25.068,121.588
74DA38F7C524,2026-02-18,14:50:36,13.37,100.0,60.0,25.002,121.552
74DA38ED06E0,2026-02-18,14:50:38,18.75,91.0,0.0,23.601,121.521
74DA38F20E9E,2026-02-18,14:50:45,15.0,100.0,32.0,24.648,121.151
74DA38F21048,2026-02-18,14:50:52,21.12,100.0,34.0,22.595,120.341
74DA38F20DD0,2026-02-18,14:50:54,19.37,100.0,1.0,22.6080258,120.3229833
74DA38F210E4,2026-02-18,14:50:55,17.5,100.0,20.0,23.24,120.696
74DA38F20B26,2026-02-18,14:50:56,20.12,100.0,33.0,22.783,120.247
74DA38F21136,2026-02-18,14:50:58,14.87,98.0,21.0,25.119,121.505
74DA38F7C560,2026-02-18,14:51:02,14.37,76.0,0.0,25.079,121.671
74DA38F7C5E6,2026-02-18,14:51:02,15.62,100.0,19.0,25.107,121.843
74DA38F20BE4,2026-02-18,14:51:04,13.75,100.0,36.0,24.791,120.957
74DA38F7C566,2026-02-18,14:51:05,16.5,100.0,0.0,25.051,121.448
74DA38F21024,2026-02-18,14:51:06,15.25,100.0,0.0,24.93,121.036
74DA38F7C464,2026-02-18,14:51:06,13.5,32.0,7.0,25.006,121.413
74DA38ED059C,2026-02-18,14:51:08,15.37,100.0,13.0,23.706,121.412
74DA38F209EE,2026-02-18,14:51:12,19.37,100.0,0.0,23.026,121.33
74DA38ED05B6,2026-02-18,14:51:16,16.25,100.0,28.0,23.43,121.348
74DA38F7C616,2026-02-18,14:51:20,15.25,100.0,0.0,25.031,121.563
74DA38F207DE,2026-02-18,14:51:26,20.5,100.0,39.0,22.603,120.34
74DA38F7C63C,2026-02-18,14:51:30,85.25,100.0,18.0,24.998,121.425
74DA38F20C26,2026-02-18,14:51:33,20.37,72.0,31.0,22.676,120.342
74DA38ED0454,2026-02-18,14:51:41,18.37,100.0,13.0,24.053,121.599
74DA38F20E6E,2026-02-18,14:51:46,13.0,92.0,0.0,24.41,120.902
74DA38F209B2,2026-02-18,14:51:51,21.0,100.0,0.0,22.363,120.599
74DA38F7C47E,2026-02-18,14:52:08,15.25,100.0,35.0,25.053963,121.427681
74DA38F7C562,2026-02-18,14:52:08,14.5,69.0,28.0,25.021,121.418
74DA38F20D1A,2026-02-18,14:52:12,15.5,84.0,0.0,25.078,121.541
74DA38F7C30C,2026-02-18,14:52:15,15.37,92.0,0.0,24.975,121.532
74DA38F7C366,2026-02-18,14:52:15,15.12,100.0,15.0,25.002,121.516
74DA38F21204,2026-02-18,14:52:24,20.25,100.0,2.0,25.062,121.451
74DA38F210A2,2026-02-18,14:52:26,15.12,100.0,7.0,25.12,121.466
74DA38F7C514,2026-02-18,14:52:30,15.12,97.0,28.0,25.051,121.518
74DA38F20B88,2026-02-18,14:52:43,18.75,100.0,0.0,22.75,120.316
74DA38F7C39A,2026-02-18,14:52:48,15.25,100.0,1.0,25.002,121.414
74DA38ED0630,2026-02-18,14:52:53,18.37,99.0,0.0,23.994,121.594
74DA38F20F0A,2026-02-18,14:52:58,20.75,100.0,30.0,22.995,120.635
74DA38F20E34,2026-02-18,14:53:07,21.12,70.0,26.0,22.586,120.313
74DA38F20D2A,2026-02-18,14:53:11,16.25,70.0,0.0,25.048,121.573
74DA38F7C5A0,2026-02-18,14:53:11,15.37,88.0,0.0,25.107,121.518
74DA38F209A8,2026-02-18,14:53:20,-4.0,0.0,0.0,22.401,120.577
74DA38F7C3D6,2026-02-18,14:53:24,15.75,100.0,0.0,25.045,121.541
74DA38F7C37C,2026-02-18,14:53:27,12.75,100.0,0.0,25.111,121.856
74DA38F7C30E,2026-02-18,14:53:37,15.25,100.0,23.0,24.949,121.382
74DA38F7C570,2026-02-18,14:53:49,15.0,100.0,1.0,25.239,121.63
74DA38F210F6,2026-02-18,14:53:50,19.5,100.0,9.0,22.757426,121.158891
74DA38F7C27E,2026-02-18,14:53:56,16.0,90.0,32.0,25.053,121.444
74DA38F209F8,2026-02-18,14:53:57,16.25,100.0,19.0,23.157,121.4
74DA38F7C3DC,2026-02-18,14:53:57,14.37,100.0,32.0,25.003,121.539
74DA38F7C338,2026-02-18,14:54:05,17.87,89.0,23.0,25.011,121.458
74DA38F7C40C,2026-02-18,14:54:05,14.5,100.0,0.0,24.995,121.52
74DA38F7C3B2,2026-02-18,14:54:09,18.87,66.0,14.0,24.929,121.378
74DA38F20D16,2026-02-18,14:54:19,15.75,100.0,33.0,25.062,121.526
74DA38F20D2E,2026-02-18,14:54:27,15.5,100.0,0.0,25.06,121.545
74DA38F20AAA,2026-02-18,14:54:29,14.37,100.0,14.0,24.6,120.999
74DA38F7C4CC,2026-02-18,14:54:34,15.12,100.0,17.0,25.062,121.451
74DA38F20BD0,2026-02-18,14:54:37,-4.0,0.0,27.0,22.688,120.408
74DA38F20902,2026-02-18,14:54:39,19.75,100.0,2.0,22.204,120.7
74DA38F20976,2026-02-18,14:54:41,15.0,88.0,33.0,25.127,121.746
74DA38F7C600,2026-02-18,14:54:44,21.0,55.0,16.0,25.07,121.586
74DA38F20DC0,2026-02-18,14:54:57,18.62,100.0,4.0,22.711,120.295
74DA38F7C4DE,2026-02-18,14:54:57,15.25,100.0,0.0,25.09,121.462
74DA38F2113E,2026-02-18,14:55:09,-4.0,0.0,5.0,22.728,120.313
74DA38ED05EA,2026-02-18,14:55:10,16.87,100.0,25.0,23.394,121.357
74DA38F7C47C,2026-02-18,14:55:10,15.75,95.0,0.0,25.055,121.455
74DA38F209A4,2026-02-18,14:55:11,18.87,100.0,0.0,22.702,120.572
74DA38F7C610,2026-02-18,14:55:14,17.0,78.0,27.0,25.063,121.564
74DA38F20A78,2026-02-18,14:55:22,16.12,100.0,5.0,22.904,121.124
74DA38F7C41E,2026-02-18,14:55:23,16.5,73.0,25.0,25.054,121.517
74DA38ED0640,2026-02-18,14:55:24,14.37,100.0,9.0,23.154,121.266
74DA38F20B82,2026-02-18,14:55:27,-4.0,0.0,3.0,22.847,120.465
74DA38F20AA4,2026-02-18,14:55:29,23.87,85.0,23.0,22.685,120.492
74DA38F7C53C,2026-02-18,14:55:30,13.87,100.0,1.0,25.11,121.804
74DA38F7C5CE,2026-02-18,14:55:35,14.75,87.0,0.0,25.066,121.656
74DA38F7C29C,2026-02-18,14:55:36,15.87,100.0,25.0,25.02,121.416
74DA38ED04F2,2026-02-18,14:55:38,16.87,100.0,11.0,23.468,121.496
74DA38F20D1E,2026-02-18,14:55:38,15.37,100.0,36.0,25.048,121.573
74DA38F208E2,2026-02-18,14:55:48,14.87,100.0,24.0,24.688,121.766
74DA38F20D70,2026-02-18,14:55:49,16.12,100.0,1.0,23.05,121.164
74DA38F7C3DE,2026-02-18,14:55:54,15.75,100.0,315.0,24.972,121.537
74DA38F20B80,2026-02-18,14:55:56,18.62,100.0,1.0,22.599,120.35
74DA38F20EB2,2026-02-18,14:55:57,9.62,100.0,31.0,24.324,120.835
74DA38F20DE0,2026-02-18,14:56:03,21.87,100.0,1.0,22.589,120.328
74DA38F7C3BA,2026-02-18,14:56:04,118.87,46.0,133.0,25.174,121.441
74DA38F2118E,2026-02-18,14:56:19,12.37,100.0,55.0,26.148,119.935
74DA38F7C59C,2026-02-18,14:56:19,15.25,74.0,36.0,25.103,121.487
74DA38F20B5C,2026-02-18,14:56:23,-4.0,0.0,41.0,22.798,120.293
74DA38F7C260,2026-02-18,14:56:32,15.0,100.0,0.0,25.065,121.425
74DA38F7C5BE,2026-02-18,14:56:36,15.62,77.0,32.0,25.092,121.523
74DA38F20AE6,2026-02-18,14:56:37,25.0,100.0,15.0,22.63,120.348
74DA38F21054,2026-02-18,14:56:39,24.37,62.0,21.0,22.898,120.627
74DA38F209DE,2026-02-18,14:56:40,15.5,100.0,1.0,24.861,120.964
74DA38F20A30,2026-02-18,14:56:41,14.87,83.0,0.0,24.948,121.372
74DA38ED06E0,2026-02-18,14:56:45,18.87,90.0,0.0,23.601,121.521
74DA38F20D4C,2026-02-18,14:56:54,18.37,100.0,0.0,22.971,121.303
74DA38F7C31C,2026-02-18,14:56:54,14.37,100.0,4.0,24.93,121.372
74DA38F20E9E,2026-02-18,14:56:57,15.0,100.0,31.0,24.648,121.151
74DA38F210E4,2026-02-18,14:57:02,17.75,100.0,20.0,23.24,120.696
74DA38F21088,2026-02-18,14:57:05,14.75,100.0,2.0,25.068,121.588
74DA38F21136,2026-02-18,14:57:06,15.0,97.0,20.0,25.119,121.505
74DA38F7C524,2026-02-18,14:57:11,13.37,100.0,61.0,25.002,121.552
74DA38F7C5E6,2026-02-18,14:57:11,15.75,100.0,19.0,25.107,121.843
74DA38F20BE4,2026-02-18,14:57:14,13.75,100.0,36.0,24.791,120.957
74DA38ED059C,2026-02-18,14:57:15,15.5,100.0,12.0,23.706,121.412
74DA38F209EE,2026-02-18,14:57:19,19.5,100.0,0.0,23.026,121.33
74DA38F20B26,2026-02-18,14:57:19,20.12,100.0,33.0,22.783,120.247
74DA38F20DD0,2026-02-18,14:57:22,19.5,100.0,0.0,22.6080258,120.3229833
74DA38ED05B6,2026-02-18,14:57:23,16.37,100.0,28.0,23.43,121.348
74DA38F21048,2026-02-18,14:57:26,21.12,100.0,32.0,22.595,120.341
74DA38F7C616,2026-02-18,14:57:30,15.12,100.0,0.0,25.031,121.563
74DA38F7C560,2026-02-18,14:57:31,14.25,79.0,0.0,25.079,121.671
74DA38F21024,2026-02-18,14:57:34,15.37,100.0,0.0,24.93,121.036
74DA38F7C566,2026-02-18,14:57:34,16.5,100.0,0.0,25.051,121.448
74DA38F207DE,2026-02-18,14:57:36,20.37,100.0,38.0,22.603,120.34
74DA38F7C464,2026-02-18,14:57:37,13.37,32.0,6.0,25.006,121.413
74DA38F7C63C,2026-02-18,14:57:39,85.25,100.0,18.0,24.998,121.425
74DA38F20C26,2026-02-18,14:57:46,20.5,72.0,31.0,22.676,120.342
74DA38F20E6E,2026-02-18,14:57:47,13.25,91.0,0.0,24.41,120.902
74DA38ED0454,2026-02-18,14:57:58,18.25,100.0,17.0,24.053,121.599
74DA38F209B2,2026-02-18,14:58:18,20.87,100.0,0.0,22.363,120.599
74DA38F7C562,2026-02-18,14:58:20,14.37,67.0,28.0,25.021,121.418
74DA38F7C47E,2026-02-18,14:58:23,14.75,100.0,36.0,25.053963,121.427681
74DA38F7C366,2026-02-18,14:58:24,14.87,100.0,14.0,25.002,121.516
74DA38F7C30C,2026-02-18,14:58:29,15.37,92.0,0.0,24.975,121.532
74DA38F210A2,2026-02-18,14:58:33,15.12,100.0,8.0,25.12,121.466
74DA38F20D1A,2026-02-18,14:58:41,15.5,84.0,0.0,25.078,121.541
74DA38F7C514,2026-02-18,14:58:42,15.37,97.0,28.0,25.051,121.518
74DA38F21204,2026-02-18,14:58:45,20.37,100.0,4.0,25.062,121.451
74DA38F20F0A,2026-02-18,14:59:11,20.62,100.0,31.0,22.995,120.635
74DA38F20B88,2026-02-18,14:59:12,18.75,100.0,0.0,22.75,120.316
74DA38F7C39A,2026-02-18,14:59:17,15.37,100.0,0.0,25.002,121.414
74DA38ED0630,2026-02-18,14:59:23,18.37,99.0,0.0,23.994,121.594
74DA38F20E34,2026-02-18,14:59:23,21.12,70.0,26.0,22.586,120.313
74DA38F20D2A,2026-02-18,14:59:51,16.12,69.0,0.0,25.048,121.573
74DA38F7C3D6,2026-02-18,14:59:52,15.62,100.0,0.0,25.045,121.541
74DA38F7C37C,2026-02-18,14:59:54,12.75,100.0,0.0,25.111,121.856
74DA38F210F6,2026-02-18,14:59:56,19.5,100.0,8.0,22.757426,121.158891
74DA38F7C30E,2026-02-18,14:59:56,15.12,100.0,23.0,24.949,121.382
74DA38F7C3DC,2026-02-18,15:00:09,14.5,100.0,33.0,25.003,121.539
74DA38F7C27E,2026-02-18,15:00:10,16.0,89.0,32.0,25.053,121.444
74DA38F7C40C,2026-02-18,15:00:13,14.37,100.0,0.0,24.995,121.52
74DA38F7C3B2,2026-02-18,15:00:17,18.75,66.0,14.0,24.929,121.378
74DA38F7C570,2026-02-18,15:00:17,15.12,100.0,1.0,25.239,121.63
74DA38F209F8,2026-02-18,15:00:27,16.25,100.0,9.0,23.157,121.4
74DA38F20D16,2026-02-18,15:00:31,15.75,100.0,33.0,25.062,121.526
74DA38F7C338,2026-02-18,15:00:36,18.0,89.0,23.0,25.011,121.458
74DA38F20AAA,2026-02-18,15:00:37,14.25,100.0,15.0,24.6,120.999
74DA38F7C4CC,2026-02-18,15:00:42,14.75,100.0,16.0,25.062,121.451
74DA38F20902,2026-02-18,15:00:45,19.75,100.0,1.0,22.204,120.7
74DA38F7C600,2026-02-18,15:00:51,21.12,55.0,17.0,25.07,121.586
74DA38F20976,2026-02-18,15:00:53,15.0,88.0,36.0,25.127,121.746
74DA38F20D2E,2026-02-18,15:00:56,15.5,100.0,0.0,25.06,121.545
74DA38ED05EA,2026-02-18,15:01:17,16.75,100.0,24.0,23.394,121.357
74DA38F7C47C,2026-02-18,15:01:18,15.62,95.0,0.0,25.055,121.455
74DA38F20BCA,2026-02-18,15:01:20,14.5,98.0,0.0,25.079,121.58
74DA38F7C4DE,2026-02-18,15:01:21,15.37,100.0,0.0,25.09,121.462
74DA38F7C610,2026-02-18,15:01:24,17.0,78.0,27.0,25.063,121.564
74DA38F20DC0,2026-02-18,15:01:26,18.5,100.0,6.0,22.711,120.295
74DA38F20A78,2026-02-18,15:01:29,16.0,100.0,6.0,22.904,121.124
74DA38ED0640,2026-02-18,15:01:30,14.37,100.0,8.0,23.154,121.266
74DA38F7C41E,2026-02-18,15:01:33,16.5,73.0,26.0,25.054,121.517
74DA38F20C22,2026-02-18,15:01:35,19.87,100.0,1.0,22.729,120.357
74DA38F20AA4,2026-02-18,15:01:36,24.0,85.0,24.0,22.685,120.492
74DA38F209A4,2026-02-18,15:01:39,18.87,100.0,0.0,22.702,120.572
74DA38ED04F2,2026-02-18,15:01:46,16.87,100.0,10.0,23.468,121.496
74DA38F7C29C,2026-02-18,15:01:46,15.87,100.0,26.0,25.02,121.416
74DA38F7C3DE,2026-02-18,15:01:49,15.87,100.0,307.0,24.972,121.537
74DA38F20D1E,2026-02-18,15:01:51,15.37,100.0,35.0,25.048,121.573
74DA38F20D70,2026-02-18,15:01:55,16.25,100.0,1.0,23.05,121.164
74DA38F208E2,2026-02-18,15:01:59,15.0,100.0,24.0,24.688,121.766
74DA38F7C53C,2026-02-18,15:02:02,13.75,100.0,1.0,25.11,121.804
74DA38F7C5CE,2026-02-18,15:02:05,14.62,87.0,1.0,25.066,121.656
74DA38F7C3BA,2026-02-18,15:02:07,118.87,46.0,134.0,25.174,121.441
74DA38F20EB2,2026-02-18,15:02:08,9.62,100.0,30.0,24.324,120.835
74DA38F2104E,2026-02-18,15:02:14,20.0,100.0,34.0,23.108,120.7
74DA38F20B80,2026-02-18,15:02:24,18.5,100.0,3.0,22.599,120.35
74DA38F2113E,2026-02-18,15:02:27,-4.0,0.0,8.0,22.728,120.313
74DA38F7C59C,2026-02-18,15:02:29,15.12,73.0,35.0,25.103,121.487
74DA38F20DE0,2026-02-18,15:02:34,22.0,100.0,1.0,22.589,120.328
74DA38F20AE6,2026-02-18,15:02:44,25.0,100.0,14.0,22.63,120.348
74DA38F21054,2026-02-18,15:02:47,24.37,62.0,22.0,22.898,120.627
74DA38F7C5BE,2026-02-18,15:02:49,15.75,76.0,31.0,25.092,121.523
74DA38ED06E0,2026-02-18,15:02:51,18.75,90.0,0.0,23.601,121.521
74DA38F2118E,2026-02-18,15:02:56,12.12,100.0,54.0,26.148,119.935
74DA38F209A8,2026-02-18,15:02:59,-4.0,0.0,0.0,22.401,120.577
74DA38F7C260,2026-02-18,15:03:02,15.0,100.0,0.0,25.065,121.425
74DA38F20E9E,2026-02-18,15:03:06,14.87,100.0,30.0,24.648,121.151
74DA38F209DE,2026-02-18,15:03:09,15.5,100.0,3.0,24.861,120.964
74DA38F20A30,2026-02-18,15:03:09,14.87,83.0,0.0,24.948,121.372
74DA38F210E4,2026-02-18,15:03:13,18.0,100.0,21.0,23.24,120.696
74DA38F21136,2026-02-18,15:03:18,15.12,97.0,22.0,25.119,121.505
74DA38F20D4C,2026-02-18,15:03:21,18.25,100.0,0.0,22.971,121.303
74DA38F7C5E6,2026-02-18,15:03:21,15.75,100.0,19.0,25.107,121.843
74DA38ED059C,2026-02-18,15:03:22,15.5,100.0,12.0,23.706,121.412
74DA38F209EE,2026-02-18,15:03:24,19.5,100.0,0.0,23.026,121.33
74DA38F7C31C,2026-02-18,15:03:24,14.37,100.0,4.0,24.93,121.372
74DA38F20BE4,2026-02-18,15:03:26,13.75,100.0,36.0,24.791,120.957
74DA38ED05B6,2026-02-18,15:03:32,16.25,100.0,29.0,23.43,121.348
74DA38F21088,2026-02-18,15:03:34,14.75,100.0,1.0,25.068,121.588
74DA38F20B26,2026-02-18,15:03:45,20.12,100.0,34.0,22.783,120.247
74DA38F7C524,2026-02-18,15:03:45,13.25,100.0,62.0,25.002,121.552
74DA38F7C616,2026-02-18,15:03:46,15.25,100.0,0.0,25.031,121.563
74DA38F207DE,2026-02-18,15:03:47,20.37,100.0,38.0,22.603,120.34
74DA38F7C63C,2026-02-18,15:03:48,85.25,100.0,18.0,24.998,121.425
74DA38F20E6E,2026-02-18,15:03:49,13.37,90.0,0.0,24.41,120.902
74DA38F20DD0,2026-02-18,15:03:52,19.62,100.0,0.0,22.6080258,120.3229833
74DA38F20C26,2026-02-18,15:03:59,20.62,72.0,31.0,22.676,120.342
74DA38F21048,2026-02-18,15:03:59,20.87,100.0,34.0,22.595,120.341
74DA38F7C560,2026-02-18,15:04:00,14.25,88.0,0.0,25.079,121.671
74DA38F7C566,2026-02-18,15:04:01,16.5,100.0,0.0,25.051,121.448
74DA38F21024,2026-02-18,15:04:03,15.37,100.0,0.0,24.93,121.036
74DA38F7C464,2026-02-18,15:04:08,13.37,32.0,5.0,25.006,121.413
74DA38F7C366,2026-02-18,15:04:30,15.0,100.0,14.0,25.002,121.516
74DA38F7C562,2026-02-18,15:04:32,14.5,69.0,27.0,25.021,121.418
74DA38ED0454,2026-02-18,15:04:34,18.37,100.0,16.0,24.053,121.599
74DA38F7C47E,2026-02-18,15:04:37,15.12,100.0,36.0,25.053963,121.427681
74DA38F210A2,2026-02-18,15:04:39,15.25,100.0,8.0,25.12,121.466
74DA38F209B2,2026-02-18,15:04:46,20.87,100.0,0.0,22.363,120.599
74DA38F7C30C,2026-02-18,15:04:47,15.37,92.0,0.0,24.975,121.532
74DA38F7C514,2026-02-18,15:04:54,15.37,96.0,29.0,25.051,121.518
74DA38F21204,2026-02-18,15:04:58,20.37,100.0,5.0,25.062,121.451
74DA38F20B82,2026-02-18,15:05:00,-4.0,0.0,3.0,22.847,120.465
74DA38F20BD0,2026-02-18,15:05:11,-4.0,0.0,28.0,22.688,120.408
74DA38F20D1A,2026-02-18,15:05:11,15.5,83.0,0.0,25.078,121.541
74DA38F20F0A,2026-02-18,15:05:20,20.62,100.0,27.0,22.995,120.635
74DA38F20E34,2026-02-18,15:05:35,21.12,70.0,25.0,22.586,120.313
74DA38F20B88,2026-02-18,15:05:42,18.5,100.0,0.0,22.75,120.316
74DA38F7C39A,2026-02-18,15:05:45,15.37,100.0,1.0,25.002,121.414
74DA38F20B5C,2026-02-18,15:05:46,-4.0,0.0,42.0,22.798,120.293
74DA38ED0630,2026-02-18,15:05:51,18.5,99.0,0.0,23.994,121.594
74DA38F210F6,2026-02-18,15:06:01,19.5,100.0,8.0,22.757426,121.158891
74DA38F7C30E,2026-02-18,15:06:07,15.0,100.0,24.0,24.949,121.382
74DA38F7C27E,2026-02-18,15:06:18,15.87,89.0,32.0,25.053,121.444
74DA38F7C3DC,2026-02-18,15:06:18,14.37,100.0,31.0,25.003,121.539
74DA38F20D2A,2026-02-18,15:06:19,16.0,69.0,0.0,25.048,121.573
74DA38F7C40C,2026-02-18,15:06:19,14.37,100.0,0.0,24.995,121.52
74DA38F7C3D6,2026-02-18,15:06:20,15.62,100.0,0.0,25.045,121.541
74DA38F7C37C,2026-02-18,15:06:24,12.87,100.0,0.0,25.111,121.856
74DA38F7C3B2,2026-02-18,15:06:25,18.75,66.0,14.0,24.929,121.378
74DA38F20D16,2026-02-18,15:06:44,15.75,100.0,33.0,25.062,121.526
74DA38F20AAA,2026-02-18,15:06:47,14.25,100.0,16.0,24.6,120.999
74DA38F7C570,2026-02-18,15:06:47,15.0,100.0,2.0,25.239,121.63
74DA38F7C338,2026-02-18,15:06:50,18.0,89.0,22.0,25.011,121.458
74DA38F7C4CC,2026-02-18,15:06:50,15.0,100.0,17.0,25.062,121.451
74DA38F20902,2026-02-18,15:06:51,19.87,100.0,1.0,22.204,120.7
74DA38F209F8,2026-02-18,15:06:56,16.25,100.0,14.0,23.157,121.4
74DA38F7C600,2026-02-18,15:06:56,21.25,54.0,17.0,25.07,121.586
74DA38F20976,2026-02-18,15:07:03,15.25,88.0,37.0,25.127,121.746
74DA38F20D2E,2026-02-18,15:07:26,15.5,100.0,1.0,25.06,121.545
74DA38F7C47C,2026-02-18,15:07:27,15.62,95.0,0.0,25.055,121.455
74DA38ED05EA,2026-02-18,15:07:28,16.87,100.0,25.0,23.394,121.357
74DA38F7C4DE,2026-02-18,15:07:35,15.37,100.0,0.0,25.09,121.462
74DA38F20A78,2026-02-18,15:07:36,16.0,100.0,7.0,22.904,121.124
74DA38F7C610,2026-02-18,15:07:36,17.0,78.0,27.0,25.063,121.564
74DA38ED0640,2026-02-18,15:07:37,14.37,100.0,7.0,23.154,121.266
74DA38F20AA4,2026-02-18,15:07:43,24.0,85.0,24.0,22.685,120.492
74DA38F7C41E,2026-02-18,15:07:45,16.5,73.0,26.0,25.054,121.517
74DA38F7C3DE,2026-02-18,15:07:46,15.87,100.0,304.0,24.972,121.537
74DA38F20BCA,2026-02-18,15:07:50,14.5,98.0,0.0,25.079,121.58
74DA38ED04F2,2026-02-18,15:07:58,16.75,100.0,11.0,23.468,121.496
74DA38F7C29C,2026-02-18,15:07:58,15.75,100.0,27.0,25.02,121.416
74DA38F20D1E,2026-02-18,15:08:01,15.25,100.0,35.0,25.048,121.573
74DA38F20D70,2026-02-18,15:08:01,16.12,100.0,1.0,23.05,121.164
74DA38F20DC0,2026-02-18,15:08:01,18.5,100.0,5.0,22.711,120.295
74DA38F20C22,2026-02-18,15:08:05,19.87,100.0,1.0,22.729,120.357
74DA38F208E2,2026-02-18,15:08:06,15.12,100.0,10.0,24.688,121.766
74DA38F209A4,2026-02-18,15:08:06,18.75,100.0,0.0,22.702,120.572
74DA38F7C3BA,2026-02-18,15:08:06,118.87,46.0,136.0,25.174,121.441
74DA38F20EB2,2026-02-18,15:08:22,9.87,100.0,31.0,24.324,120.835
74DA38F2104E,2026-02-18,15:08:26,20.0,100.0,33.0,23.108,120.7
74DA38F7C53C,2026-02-18,15:08:30,13.87,100.0,0.0,25.11,121.804
74DA38F7C5CE,2026-02-18,15:08:32,14.62,87.0,0.0,25.066,121.656
74DA38F7C59C,2026-02-18,15:08:39,15.25,73.0,35.0,25.103,121.487
74DA38F20AE6,2026-02-18,15:08:50,25.0,100.0,14.0,22.63,120.348
74DA38F21054,2026-02-18,15:08:53,24.37,62.0,22.0,22.898,120.627
74DA38F20B80,2026-02-18,15:08:54,18.5,100.0,2.0,22.599,120.35
74DA38ED06E0,2026-02-18,15:08:57,18.62,89.0,0.0,23.601,121.521
74DA38F7C5BE,2026-02-18,15:09:00,15.62,76.0,31.0,25.092,121.523
74DA38F20DE0,2026-02-18,15:09:03,21.87,100.0,0.0,22.589,120.328
74DA38F20E9E,2026-02-18,15:09:15,14.87,100.0,28.0,24.648,121.151
74DA38F210E4,2026-02-18,15:09:22,18.0,100.0,20.0,23.24,120.696
74DA38F21136,2026-02-18,15:09:26,15.25,97.0,20.0,25.119,121.505
74DA38ED059C,2026-02-18,15:09:29,15.62,100.0,12.0,23.706,121.412
74DA38F209EE,2026-02-18,15:09:30,19.5,100.0,0.0,23.026,121.33
74DA38F7C260,2026-02-18,15:09:30,15.0,100.0,0.0,25.065,121.425
74DA38F7C5E6,2026-02-18,15:09:31,15.62,100.0,20.0,25.107,121.843
74DA38F2118E,2026-02-18,15:09:32,12.25,100.0,56.0,26.148,119.935
74DA38F209DE,2026-02-18,15:09:37,15.62,100.0,0.0,24.861,120.964
74DA38F20BE4,2026-02-18,15:09:37,13.75,100.0,36.0,24.791,120.957
74DA38ED05B6,2026-02-18,15:09:41,16.25,100.0,29.0,23.43,121.348
74DA38F20A30,2026-02-18,15:09:44,14.87,83.0,0.0,24.948,121.372
74DA38F2113E,2026-02-18,15:09:47,-4.0,0.0,10.0,22.728,120.313
74DA38F20D4C,2026-02-18,15:09:49,18.25,100.0,0.0,22.971,121.303
74DA38F20E6E,2026-02-18,15:09:50,13.5,90.0,0.0,24.41,120.902
74DA38F7C63C,2026-02-18,15:09:55,85.25,100.0,18.0,24.998,121.425
74DA38F7C31C,2026-02-18,15:09:56,14.37,100.0,6.0,24.93,121.372
74DA38F7C616,2026-02-18,15:09:57,15.37,100.0,0.0,25.031,121.563
74DA38F20B26,2026-02-18,15:09:58,20.0,100.0,33.0,22.783,120.247
74DA38F207DE,2026-02-18,15:10:03,20.25,100.0,37.0,22.603,120.34
74DA38F21088,2026-02-18,15:10:03,14.62,100.0,1.0,25.068,121.588
74DA38F20C26,2026-02-18,15:10:11,20.25,72.0,32.0,22.676,120.342
74DA38F20DD0,2026-02-18,15:10:19,19.62,100.0,0.0,22.6080258,120.3229833
74DA38F7C524,2026-02-18,15:10:20,13.25,100.0,62.0,25.002,121.552
74DA38F7C560,2026-02-18,15:10:29,14.37,91.0,0.0,25.079,121.671
74DA38F21024,2026-02-18,15:10:30,15.37,100.0,0.0,24.93,121.036
74DA38F7C566,2026-02-18,15:10:31,16.5,100.0,0.0,25.051,121.448
74DA38F21048,2026-02-18,15:10:32,20.75,100.0,34.0,22.595,120.341
74DA38F7C366,2026-02-18,15:10:37,15.0,100.0,15.0,25.002,121.516
74DA38F7C464,2026-02-18,15:10:40,13.37,32.0,7.0,25.006,121.413
74DA38ED0454,2026-02-18,15:10:43,18.25,100.0,14.0,24.053,121.599
74DA38F20D6C,2026-02-18,15:10:45,20.5,75.0,0.0,22.661,120.301
74DA38F210A2,2026-02-18,15:10:45,15.25,100.0,7.0,25.12,121.466
74DA38F7C47E,2026-02-18,15:10:52,15.0,100.0,36.0,25.053963,121.427681
74DA38F7C30C,2026-02-18,15:10:58,15.37,92.0,0.0,24.975,121.532
74DA38F7C514,2026-02-18,15:11:05,15.12,96.0,28.0,25.051,121.518
74DA38F21204,2026-02-18,15:11:07,20.37,100.0,6.0,25.062,121.451
74DA38F209B2,2026-02-18,15:11:15,21.0,100.0,1.0,22.363,120.599
74DA38F20F0A,2026-02-18,15:11:32,20.62,100.0,30.0,22.995,120.635
74DA38F20D1A,2026-02-18,15:11:41,15.5,84.0,0.0,25.078,121.541
74DA38F20E34,2026-02-18,15:11:48,20.87,71.0,26.0,22.586,120.313
74DA38F210F6,2026-02-18,15:12:08,19.5,100.0,7.0,22.757426,121.158891
74DA38F20B88,2026-02-18,15:12:12,18.37,100.0,0.0,22.75,120.316
74DA38F7C39A,2026-02-18,15:12:15,15.37,100.0,0.0,25.002,121.414
74DA38F7C30E,2026-02-18,15:12:17,15.0,100.0,24.0,24.949,121.382
74DA38ED0630,2026-02-18,15:12:24,18.5,99.0,0.0,23.994,121.594
74DA38F7C40C,2026-02-18,15:12:27,14.37,100.0,0.0,24.995,121.52
74DA38F7C3DC,2026-02-18,15:12:29,14.25,100.0,30.0,25.003,121.539
74DA38F7C27E,2026-02-18,15:12:31,15.87,90.0,32.0,25.053,121.444
74DA38F7C3B2,2026-02-18,15:12:36,18.87,66.0,16.0,24.929,121.378
74DA38F209A8,2026-02-18,15:12:39,-4.0,0.0,2.0,22.401,120.577
74DA38F20D2A,2026-02-18,15:12:50,16.12,70.0,0.0,25.048,121.573
74DA38F7C3D6,2026-02-18,15:12:51,15.62,100.0,0.0,25.045,121.541
74DA38F7C37C,2026-02-18,15:12:54,12.75,100.0,0.0,25.111,121.856
74DA38F20AAA,2026-02-18,15:12:56,14.12,100.0,17.0,24.6,120.999
74DA38F20D16,2026-02-18,15:12:57,15.75,100.0,33.0,25.062,121.526
74DA38F7C4CC,2026-02-18,15:12:58,15.0,100.0,17.0,25.062,121.451
74DA38F20902,2026-02-18,15:12:59,19.87,100.0,2.0,22.204,120.7
74DA38F7C600,2026-02-18,15:13:04,21.37,54.0,18.0,25.07,121.586
74DA38F20976,2026-02-18,15:13:16,15.37,88.0,36.0,25.127,121.746
74DA38F7C570,2026-02-18,15:13:18,15.0,100.0,1.0,25.239,121.63
74DA38F7C338,2026-02-18,15:13:21,17.87,89.0,24.0,25.011,121.458
74DA38F209F8,2026-02-18,15:13:26,16.37,100.0,11.0,23.157,121.4
74DA38F7C47C,2026-02-18,15:13:37,15.62,95.0,0.0,25.055,121.455
74DA38ED05EA,2026-02-18,15:13:38,16.75,100.0,28.0,23.394,121.357
74DA38F20A78,2026-02-18,15:13:43,15.87,100.0,7.0,22.904,121.124
74DA38F7C3DE,2026-02-18,15:13:43,15.75,100.0,314.0,24.972,121.537
74DA38F7C4DE,2026-02-18,15:13:45,15.5,100.0,0.0,25.09,121.462
74DA38ED0640,2026-02-18,15:13:48,14.5,100.0,7.0,23.154,121.266
74DA38F7C610,2026-02-18,15:13:49,17.0,78.0,27.0,25.063,121.564
74DA38F20AA4,2026-02-18,15:13:52,24.0,86.0,24.0,22.685,120.492
74DA38F7C41E,2026-02-18,15:13:55,16.37,73.0,26.0,25.054,121.517
74DA38F20D2E,2026-02-18,15:13:56,15.37,100.0,0.0,25.06,121.545
74DA38ED04F2,2026-02-18,15:14:07,16.75,100.0,11.0,23.468,121.496
74DA38F20D70,2026-02-18,15:14:08,16.25,100.0,1.0,23.05,121.164
74DA38F7C29C,2026-02-18,15:14:09,16.0,100.0,25.0,25.02,121.416
74DA38F7C3BA,2026-02-18,15:14:09,118.87,46.0,128.0,25.174,121.441
74DA38F208E2,2026-02-18,15:14:12,15.12,100.0,11.0,24.688,121.766
74DA38F20D1E,2026-02-18,15:14:15,15.25,100.0,37.0,25.048,121.573
74DA38F20BCA,2026-02-18,15:14:19,14.5,98.0,0.0,25.079,121.58
74DA38F20DC0,2026-02-18,15:14:31,18.5,100.0,4.0,22.711,120.295
74DA38F20B82,2026-02-18,15:14:32,-4.0,0.0,3.0,22.847,120.465
74DA38F209A4,2026-02-18,15:14:36,18.75,100.0,0.0,22.702,120.572
74DA38F20EB2,2026-02-18,15:14:37,9.87,100.0,30.0,24.324,120.835
74DA38F2104E,2026-02-18,15:14:38,20.25,100.0,33.0,23.108,120.7
74DA38F20C22,2026-02-18,15:14:46,19.87,100.0,2.0,22.729,120.357
74DA38F7C59C,2026-02-18,15:14:50,15.25,72.0,34.0,25.103,121.487
74DA38F20AE6,2026-02-18,15:14:57,24.87,100.0,15.0,22.63,120.348
74DA38F7C53C,2026-02-18,15:14:59,14.0,100.0,0.0,25.11,121.804
74DA38F7C5CE,2026-02-18,15:15:01,14.5,87.0,0.0,25.066,121.656
74DA38F21054,2026-02-18,15:15:03,24.37,62.0,22.0,22.898,120.627
74DA38ED06E0,2026-02-18,15:15:05,18.5,89.0,0.0,23.601,121.521
74DA38F20B5C,2026-02-18,15:15:11,-4.0,0.0,42.0,22.798,120.293
74DA38F7C5BE,2026-02-18,15:15:11,15.62,77.0,31.0,25.092,121.523
74DA38F20B80,2026-02-18,15:15:21,18.37,100.0,1.0,22.599,120.35
74DA38F20E9E,2026-02-18,15:15:26,14.87,100.0,30.0,24.648,121.151
74DA38F20DE0,2026-02-18,15:15:30,22.0,99.0,0.0,22.589,120.328
74DA38F210E4,2026-02-18,15:15:31,18.12,100.0,20.0,23.24,120.696
74DA38F21136,2026-02-18,15:15:34,15.37,96.0,19.0,25.119,121.505
74DA38F209EE,2026-02-18,15:15:36,19.25,100.0,0.0,23.026,121.33
74DA38ED059C,2026-02-18,15:15:38,15.62,100.0,12.0,23.706,121.412
74DA38F7C5E6,2026-02-18,15:15:42,15.62,100.0,20.0,25.107,121.843
74DA38F20BD0,2026-02-18,15:15:47,-4.0,0.0,29.0,22.688,120.408
74DA38F20BE4,2026-02-18,15:15:48,13.75,100.0,36.0,24.791,120.957
74DA38ED05B6,2026-02-18,15:15:52,16.37,100.0,29.0,23.43,121.348
74DA38F20E6E,2026-02-18,15:15:53,13.5,90.0,0.0,24.41,120.902
74DA38F7C260,2026-02-18,15:16:00,15.0,100.0,0.0,25.065,121.425
74DA38F7C63C,2026-02-18,15:16:06,85.25,100.0,18.0,24.998,121.425
74DA38F209DE,2026-02-18,15:16:08,15.62,100.0,2.0,24.861,120.964
74DA38F20B26,2026-02-18,15:16:11,19.87,100.0,34.0,22.783,120.247
74DA38F2118E,2026-02-18,15:16:12,12.25,100.0,56.0,26.148,119.935
74DA38F20A30,2026-02-18,15:16:13,15.0,83.0,0.0,24.948,121.372
74DA38F207DE,2026-02-18,15:16:15,20.12,100.0,38.0,22.603,120.34
74DA38F7C616,2026-02-18,15:16:16,15.37,100.0,0.0,25.031,121.563
74DA38F20D4C,2026-02-18,15:16:18,18.12,100.0,0.0,22.971,121.303
74DA38F20C26,2026-02-18,15:16:25,20.0,72.0,33.0,22.676,120.342
74DA38F7C31C,2026-02-18,15:16:31,14.37,100.0,5.0,24.93,121.372
74DA38F21088,2026-02-18,15:16:33,14.37,100.0,1.0,25.068,121.588
74DA38F7C366,2026-02-18,15:16:47,14.87,100.0,15.0,25.002,121.516
74DA38F20DD0,2026-02-18,15:16:50,19.37,100.0,0.0,22.6080258,120.3229833
74DA38F210A2,2026-02-18,15:16:52,15.37,100.0,8.0,25.12,121.466
74DA38F7C524,2026-02-18,15:16:56,13.25,100.0,62.0,25.002,121.552
74DA38F7C560,2026-02-18,15:16:59,14.5,89.0,0.0,25.079,121.671
74DA38F21024,2026-02-18,15:17:00,15.37,100.0,0.0,24.93,121.036
74DA38F7C566,2026-02-18,15:17:01,16.5,100.0,0.0,25.051,121.448
74DA38F21048,2026-02-18,15:17:05,20.62,100.0,32.0,22.595,120.341
74DA38F7C47E,2026-02-18,15:17:06,15.0,100.0,36.0,25.053963,121.427681
74DA38F2113E,2026-02-18,15:17:07,-4.0,0.0,7.0,22.728,120.313
74DA38ED0454,2026-02-18,15:17:09,18.25,100.0,12.0,24.053,121.599
74DA38F7C30C,2026-02-18,15:17:11,15.37,92.0,0.0,24.975,121.532
74DA38F7C464,2026-02-18,15:17:12,13.37,32.0,10.0,25.006,121.413
74DA38F21204,2026-02-18,15:17:17,20.5,100.0,6.0,25.062,121.451
74DA38F7C514,2026-02-18,15:17:18,15.37,97.0,28.0,25.051,121.518
74DA38F7C562,2026-02-18,15:17:23,14.87,39.0,27.0,25.021,121.418
74DA38F209B2,2026-02-18,15:17:43,21.0,100.0,0.0,22.363,120.599
74DA38F20F0A,2026-02-18,15:17:46,20.5,100.0,27.0,22.995,120.635
74DA38F20E34,2026-02-18,15:18:01,20.87,71.0,25.0,22.586,120.313
74DA38F20D1A,2026-02-18,15:18:10,15.37,84.0,0.0,25.078,121.541
74DA38F210F6,2026-02-18,15:18:14,19.5,100.0,6.0,22.757426,121.158891
74DA38F7C40C,2026-02-18,15:18:34,14.37,100.0,0.0,24.995,121.52
74DA38F7C3DC,2026-02-18,15:18:36,14.37,100.0,30.0,25.003,121.539
74DA38F20B88,2026-02-18,15:18:40,18.5,100.0,2.0,22.75,120.316
74DA38F7C27E,2026-02-18,15:18:44,15.75,90.0,32.0,25.053,121.444
74DA38F7C3B2,2026-02-18,15:18:45,18.87,66.0,15.0,24.929,121.378
74DA38F7C39A,2026-02-18,15:18:47,15.37,100.0,3.0,25.002,121.414
74DA38ED0630,2026-02-18,15:18:51,18.5,99.0,0.0,23.994,121.594
74DA38F20902,2026-02-18,15:19:05,19.87,100.0,1.0,22.204,120.7
74DA38F20AAA,2026-02-18,15:19:05,14.0,100.0,16.0,24.6,120.999
74DA38F7C4CC,2026-02-18,15:19:06,14.87,100.0,16.0,25.062,121.451
74DA38F20D16,2026-02-18,15:19:08,15.87,100.0,34.0,25.062,121.526
74DA38F7C600,2026-02-18,15:19:10,21.37,54.0,18.0,25.07,121.586
74DA38F20D2A,2026-02-18,15:19:17,16.0,69.0,0.0,25.048,121.573
74DA38F7C3D6,2026-02-18,15:19:19,15.62,100.0,0.0,25.045,121.541
74DA38F7C37C,2026-02-18,15:19:24,12.75,100.0,0.0,25.111,121.856
74DA38F20976,2026-02-18,15:19:27,15.37,88.0,37.0,25.127,121.746
74DA38F7C3DE,2026-02-18,15:19:40,15.75,100.0,304.0,24.972,121.537
74DA38F7C47C,2026-02-18,15:19:45,15.5,95.0,0.0,25.055,121.455
74DA38F7C570,2026-02-18,15:19:45,15.0,100.0,0.0,25.239,121.63
74DA38ED05EA,2026-02-18,15:19:49,16.62,100.0,32.0,23.394,121.357
74DA38F20A78,2026-02-18,15:19:50,15.87,100.0,8.0,22.904,121.124
74DA38F7C4DE,2026-02-18,15:19:51,15.5,100.0,0.0,25.09,121.462
74DA38F209F8,2026-02-18,15:19:53,16.37,100.0,14.0,23.157,121.4
74DA38ED0640,2026-02-18,15:19:55,14.62,100.0,7.0,23.154,121.266
74DA38F20AA4,2026-02-18,15:19:59,24.0,86.0,23.0,22.685,120.492
74DA38F7C610,2026-02-18,15:20:01,17.0,78.0,27.0,25.063,121.564
74DA38F7C41E,2026-02-18,15:20:04,16.5,73.0,26.0,25.054,121.517
74DA38F7C3BA,2026-02-18,15:20:10,118.87,46.0,132.0,25.174,121.441
74DA38F7C338,2026-02-18,15:20:14,17.87,89.0,24.0,25.011,121.458
74DA38F20D70,2026-02-18,15:20:15,16.25,100.0,2.0,23.05,121.164
74DA38ED04F2,2026-02-18,15:20:16,16.75,100.0,11.0,23.468,121.496
74DA38F208E2,2026-02-18,15:20:19,14.87,100.0,10.0,24.688,121.766
74DA38F7C29C,2026-02-18,15:20:20,15.87,100.0,25.0,25.02,121.416
74DA38F20D2E,2026-02-18,15:20:25,15.37,100.0,0.0,25.06,121.545
74DA38F20D1E,2026-02-18,15:20:27,15.37,100.0,36.0,25.048,121.573
74DA38F20EB2,2026-02-18,15:20:47,9.87,100.0,30.0,24.324,120.835
74DA38F20BCA,2026-02-18,15:20:48,14.5,98.0,0.0,25.079,121.58
74DA38F2104E,2026-02-18,15:20:49,20.12,100.0,32.0,23.108,120.7
74DA38F20DC0,2026-02-18,15:20:59,18.5,100.0,3.0,22.711,120.295
74DA38F7C59C,2026-02-18,15:20:59,15.25,72.0,35.0,25.103,121.487
74DA38F20AE6,2026-02-18,15:21:05,24.87,100.0,16.0,22.63,120.348
74DA38F209A4,2026-02-18,15:21:06,18.62,100.0,0.0,22.702,120.572
74DA38F21054,2026-02-18,15:21:09,24.25,62.0,21.0,22.898,120.627
74DA38ED06E0,2026-02-18,15:21:12,18.5,90.0,0.0,23.601,121.521
74DA38F20C22,2026-02-18,15:21:18,19.62,100.0,2.0,22.729,120.357
74DA38F7C5BE,2026-02-18,15:21:24,15.62,76.0,31.0,25.092,121.523
74DA38F7C53C,2026-02-18,15:21:26,14.12,100.0,0.0,25.11,121.804
74DA38F7C5CE,2026-02-18,15:21:30,14.5,87.0,2.0,25.066,121.656
74DA38F20E9E,2026-02-18,15:21:39,14.87,100.0,28.0,24.648,121.151
74DA38F209EE,2026-02-18,15:21:41,19.25,100.0,0.0,23.026,121.33
74DA38F210E4,2026-02-18,15:21:41,18.12,100.0,24.0,23.24,120.696
74DA38F21136,2026-02-18,15:21:44,15.12,96.0,21.0,25.119,121.505
74DA38ED059C,2026-02-18,15:21:47,15.75,100.0,13.0,23.706,121.412
74DA38F20B80,2026-02-18,15:21:48,18.37,100.0,1.0,22.599,120.35
74DA38F7C5E6,2026-02-18,15:21:54,15.62,100.0,20.0,25.107,121.843
74DA38F20E6E,2026-02-18,15:21:55,13.5,89.0,0.0,24.41,120.902
74DA38ED05B6,2026-02-18,15:21:59,16.62,100.0,30.0,23.43,121.348
74DA38F20BE4,2026-02-18,15:22:00,13.75,100.0,37.0,24.791,120.957
74DA38F20DE0,2026-02-18,15:22:04,21.87,99.0,0.0,22.589,120.328
74DA38F7C63C,2026-02-18,15:22:15,85.25,100.0,19.0,24.998,121.425
74DA38F209A8,2026-02-18,15:22:16,-4.0,0.0,0.0,22.401,120.577
74DA38F207DE,2026-02-18,15:22:26,19.87,100.0,39.0,22.603,120.34
74DA38F20B26,2026-02-18,15:22:29,19.87,100.0,34.0,22.783,120.247
74DA38F7C260,2026-02-18,15:22:29,15.0,100.0,0.0,25.065,121.425
74DA38F7C616,2026-02-18,15:22:34,15.37,100.0,0.0,25.031,121.563
74DA38F209DE,2026-02-18,15:22:35,15.62,100.0,2.0,24.861,120.964
74DA38F20C26,2026-02-18,15:22:40,19.87,73.0,33.0,22.676,120.342
74DA38F20D4C,2026-02-18,15:22:44,18.0,100.0,0.0,22.971,121.303
74DA38F20A30,2026-02-18,15:22:45,15.0,83.0,0.0,24.948,121.372
74DA38F2118E,2026-02-18,15:22:47,12.12,100.0,56.0,26.148,119.935
74DA38F7C366,2026-02-18,15:22:55,15.0,100.0,16.0,25.002,121.516
74DA38F21088,2026-02-18,15:23:00,14.5,100.0,1.0,25.068,121.588
74DA38F210A2,2026-02-18,15:23:00,15.12,100.0,7.0,25.12,121.466
74DA38F7C31C,2026-02-18,15:23:01,14.25,100.0,4.0,24.93,121.372
74DA38F7C47E,2026-02-18,15:23:19,15.12,100.0,36.0,25.053963,121.427681
74DA38F7C30C,2026-02-18,15:23:25,15.37,92.0,0.0,24.975,121.532
74DA38F20DD0,2026-02-18,15:23:26,19.37,100.0,1.0,22.6080258,120.3229833
74DA38F21024,2026-02-18,15:23:28,15.5,100.0,0.0,24.93,121.036
74DA38F21204,2026-02-18,15:23:28,20.5,100.0,24.0,25.062,121.451
74DA38F7C560,2026-02-18,15:23:28,14.5,90.0,0.0,25.079,121.671
74DA38F7C514,2026-02-18,15:23:31,15.25,96.0,28.0,25.051,121.518
74DA38F7C566,2026-02-18,15:23:31,16.5,100.0,0.0,25.051,121.448
74DA38F7C524,2026-02-18,15:23:32,13.25,100.0,63.0,25.002,121.552
74DA38F7C562,2026-02-18,15:23:33,14.62,44.0,28.0,25.021,121.418
74DA38ED0454,2026-02-18,15:23:37,18.25,100.0,13.0,24.053,121.599
74DA38F21048,2026-02-18,15:23:39,20.37,100.0,33.0,22.595,120.341
74DA38F7C464,2026-02-18,15:23:42,13.5,32.0,3.0,25.006,121.413
74DA38F20F0A,2026-02-18,15:24:00,20.5,100.0,38.0,22.995,120.635
74DA38F20B82,2026-02-18,15:24:05,-4.0,0.0,3.0,22.847,120.465
74DA38F209B2,2026-02-18,15:24:09,21.0,100.0,0.0,22.363,120.599
74DA38F20E34,2026-02-18,15:24:15,20.75,70.0,28.0,22.586,120.313
74DA38F210F6,2026-02-18,15:24:20,19.62,100.0,8.0,22.757426,121.158891
74DA38F2113E,2026-02-18,15:24:29,-4.0,0.0,9.0,22.728,120.313
74DA38F20B5C,2026-02-18,15:24:32,-4.0,0.0,43.0,22.798,120.293
74DA38F20D1A,2026-02-18,15:24:38,15.5,84.0,0.0,25.078,121.541
74DA38F7C40C,2026-02-18,15:24:41,14.37,100.0,0.0,24.995,121.52
74DA38F7C3DC,2026-02-18,15:24:46,14.37,100.0,32.0,25.003,121.539
74DA38F7C3B2,2026-02-18,15:24:56,18.87,66.0,15.0,24.929,121.378
74DA38F7C27E,2026-02-18,15:25:00,16.0,90.0,31.0,25.053,121.444
74DA38F20B88,2026-02-18,15:25:09,18.37,100.0,0.0,22.75,120.316
74DA38F20902,2026-02-18,15:25:11,19.87,100.0,1.0,22.204,120.7
74DA38F7C4CC,2026-02-18,15:25:14,15.0,100.0,18.0,25.062,121.451
74DA38F7C600,2026-02-18,15:25:15,21.37,53.0,19.0,25.07,121.586
74DA38F20AAA,2026-02-18,15:25:16,14.0,100.0,31.0,24.6,120.999
74DA38F7C30E,2026-02-18,15:25:17,14.87,100.0,24.0,24.949,121.382
74DA38F7C39A,2026-02-18,15:25:17,15.37,100.0,0.0,25.002,121.414
74DA38ED0630,2026-02-18,15:25:20,18.5,100.0,0.0,23.994,121.594
74DA38F20D16,2026-02-18,15:25:20,15.87,100.0,34.0,25.062,121.526
74DA38F7C3DE,2026-02-18,15:25:36,15.75,100.0,308.0,24.972,121.537
74DA38F20976,2026-02-18,15:25:37,15.5,88.0,37.0,25.127,121.746
74DA38F20D2A,2026-02-18,15:25:46,16.0,70.0,0.0,25.048,121.573
74DA38F7C3D6,2026-02-18,15:25:48,15.75,100.0,0.0,25.045,121.541
74DA38F7C37C,2026-02-18,15:25:54,12.87,100.0,0.0,25.111,121.856
74DA38F7C47C,2026-02-18,15:25:54,15.37,95.0,0.0,25.055,121.455
74DA38F20A78,2026-02-18,15:25:56,15.87,100.0,9.0,22.904,121.124
74DA38ED05EA,2026-02-18,15:25:57,16.75,100.0,30.0,23.394,121.357
74DA38ED0640,2026-02-18,15:26:02,14.5,100.0,7.0,23.154,121.266
74DA38F20AA4,2026-02-18,15:26:06,24.0,86.0,24.0,22.685,120.492
74DA38F7C610,2026-02-18,15:26:12,17.0,77.0,28.0,25.063,121.564
74DA38F7C3BA,2026-02-18,15:26:13,118.87,46.0,130.0,25.174,121.441
74DA38F7C41E,2026-02-18,15:26:13,16.5,73.0,26.0,25.054,121.517
74DA38F7C570,2026-02-18,15:26:15,15.12,100.0,1.0,25.239,121.63
74DA38F20D70,2026-02-18,15:26:20,16.37,100.0,1.0,23.05,121.164
74DA38F209F8,2026-02-18,15:26:21,16.37,100.0,4.0,23.157,121.4
74DA38ED04F2,2026-02-18,15:26:25,16.75,100.0,11.0,23.468,121.496
74DA38F20BD0,2026-02-18,15:26:25,-4.0,0.0,30.0,22.688,120.408
74DA38F208E2,2026-02-18,15:26:30,14.87,100.0,28.0,24.688,121.766
74DA38F7C29C,2026-02-18,15:26:30,16.0,99.0,25.0,25.02,121.416
74DA38F20D1E,2026-02-18,15:26:40,15.37,100.0,37.0,25.048,121.573
74DA38F20D2E,2026-02-18,15:26:54,15.37,100.0,0.0,25.06,121.545
74DA38F20EB2,2026-02-18,15:26:58,10.0,100.0,30.0,24.324,120.835
74DA38F2104E,2026-02-18,15:27:00,20.12,100.0,33.0,23.108,120.7
74DA38F7C59C,2026-02-18,15:27:11,15.37,72.0,34.0,25.103,121.487
74DA38F20AE6,2026-02-18,15:27:12,24.87,100.0,14.0,22.63,120.348
74DA38F21054,2026-02-18,15:27:17,24.25,62.0,22.0,22.898,120.627
74DA38ED06E0,2026-02-18,15:27:19,18.37,90.0,0.0,23.601,121.521
74DA38F20BCA,2026-02-18,15:27:20,14.5,98.0,1.0,25.079,121.58
74DA38F20DC0,2026-02-18,15:27:32,18.75,100.0,2.0,22.711,120.295
74DA38F209A4,2026-02-18,15:27:36,18.62,100.0,0.0,22.702,120.572
74DA38F7C5BE,2026-02-18,15:27:36,15.75,77.0,33.0,25.092,121.523
74DA38F209EE,2026-02-18,15:27:47,19.25,100.0,0.0,23.026,121.33
74DA38F20C22,2026-02-18,15:27:47,19.87,100.0,1.0,22.729,120.357
74DA38F210E4,2026-02-18,15:27:52,18.25,100.0,29.0,23.24,120.696
74DA38F21136,2026-02-18,15:27:53,15.12,97.0,21.0,25.119,121.505
74DA38ED059C,2026-02-18,15:27:54,15.62,100.0,12.0,23.706,121.412
74DA38F7C53C,2026-02-18,15:27:54,14.12,100.0,0.0,25.11,121.804
74DA38F20E9E,2026-02-18,15:27:57,14.87,100.0,31.0,24.648,121.151
74DA38F20E6E,2026-02-18,15:27:58,13.37,90.0,0.0,24.41,120.902
74DA38F7C5CE,2026-02-18,15:27:58,14.62,87.0,1.0,25.066,121.656
74DA38F7C5E6,2026-02-18,15:28:03,15.62,100.0,20.0,25.107,121.843
74DA38ED05B6,2026-02-18,15:28:05,16.62,100.0,27.0,23.43,121.348
74DA38F20BE4,2026-02-18,15:28:09,13.75,100.0,37.0,24.791,120.957
74DA38F20B80,2026-02-18,15:28:18,18.37,100.0,2.0,22.599,120.35
74DA38F7C63C,2026-02-18,15:28:24,85.25,100.0,19.0,24.998,121.425
74DA38F20DE0,2026-02-18,15:28:34,21.75,99.0,1.0,22.589,120.328
74DA38F207DE,2026-02-18,15:28:35,20.0,100.0,39.0,22.603,120.34
74DA38F20B26,2026-02-18,15:28:43,19.75,100.0,35.0,22.783,120.247
74DA38F7C616,2026-02-18,15:28:47,15.37,100.0,0.0,25.031,121.563
74DA38F20C26,2026-02-18,15:28:55,19.87,73.0,33.0,22.676,120.342
74DA38F7C260,2026-02-18,15:28:59,15.12,100.0,1.0,25.065,121.425
74DA38F7C366,2026-02-18,15:29:03,15.0,100.0,16.0,25.002,121.516
74DA38F209DE,2026-02-18,15:29:04,15.62,100.0,2.0,24.861,120.964
74DA38F210A2,2026-02-18,15:29:06,15.12,100.0,7.0,25.12,121.466
74DA38F20D4C,2026-02-18,15:29:12,18.0,100.0,0.0,22.971,121.303
74DA38F2118E,2026-02-18,15:29:23,12.25,100.0,56.0,26.148,119.935
74DA38F21088,2026-02-18,15:29:31,14.5,100.0,2.0,25.068,121.588
74DA38F7C31C,2026-02-18,15:29:31,14.25,100.0,4.0,24.93,121.372
74DA38F7C47E,2026-02-18,15:29:31,15.5,100.0,36.0,25.053963,121.427681
74DA38F20A30,2026-02-18,15:29:33,15.0,83.0,0.0,24.948,121.372
74DA38F7C30C,2026-02-18,15:29:35,15.37,92.0,0.0,24.975,121.532
74DA38F21204,2026-02-18,15:29:36,20.5,100.0,18.0,25.062,121.451
74DA38F7C514,2026-02-18,15:29:42,15.25,97.0,29.0,25.051,121.518
74DA38F7C562,2026-02-18,15:29:47,14.5,57.0,28.0,25.021,121.418
74DA38F7C560,2026-02-18,15:29:55,14.5,86.0,0.0,25.079,121.671
74DA38ED0454,2026-02-18,15:29:56,18.25,100.0,12.0,24.053,121.599
74DA38F21024,2026-02-18,15:29:56,15.5,100.0,0.0,24.93,121.036
74DA38F20DD0,2026-02-18,15:29:57,19.12,100.0,2.0,22.6080258,120.3229833
74DA38F7C566,2026-02-18,15:29:59,16.5,100.0,0.0,25.051,121.448
74DA38F7C524,2026-02-18,15:30:09,13.25,100.0,63.0,25.002,121.552
74DA38F7C464,2026-02-18,15:30:12,13.5,31.0,4.0,25.006,121.413
74DA38F21048,2026-02-18,15:30:13,20.62,100.0,32.0,22.595,120.341
74DA38F20F0A,2026-02-18,15:30:15,20.37,100.0,41.0,22.995,120.635
74DA38F210F6,2026-02-18,15:30:25,19.5,100.0,8.0,22.757426,121.158891
74DA38F20E34,2026-02-18,15:30:27,20.75,70.0,28.0,22.586,120.313
74DA38F209B2,2026-02-18,15:30:37,21.0,100.0,0.0,22.363,120.599
74DA38F7C40C,2026-02-18,15:30:47,14.37,100.0,0.0,24.995,121.52
74DA38F7C3DC,2026-02-18,15:30:56,14.37,100.0,33.0,25.003,121.539
74DA38F7C3B2,2026-02-18,15:31:04,18.87,65.0,14.0,24.929,121.378
74DA38F20D1A,2026-02-18,15:31:07,15.5,84.0,0.0,25.078,121.541
74DA38F7C27E,2026-02-18,15:31:10,16.0,90.0,32.0,25.053,121.444
74DA38F20902,2026-02-18,15:31:20,19.87,100.0,1.0,22.204,120.7
74DA38F7C600,2026-02-18,15:31:22,21.5,51.0,19.0,25.07,121.586
74DA38F7C4CC,2026-02-18,15:31:24,15.0,100.0,18.0,25.062,121.451
74DA38F7C30E,2026-02-18,15:31:25,14.75,100.0,25.0,24.949,121.382
74DA38F20AAA,2026-02-18,15:31:27,13.87,100.0,26.0,24.6,120.999
74DA38F7C3DE,2026-02-18,15:31:31,15.75,100.0,309.0,24.972,121.537
74DA38F20D16,2026-02-18,15:31:34,15.87,100.0,35.0,25.062,121.526
74DA38F20B88,2026-02-18,15:31:38,18.37,100.0,1.0,22.75,120.316
74DA38F7C39A,2026-02-18,15:31:45,15.25,100.0,0.0,25.002,121.414
74DA38ED0630,2026-02-18,15:31:47,18.5,100.0,0.0,23.994,121.594
74DA38F20976,2026-02-18,15:31:49,15.62,88.0,36.0,25.127,121.746
74DA38F2113E,2026-02-18,15:31:52,-4.0,0.0,8.0,22.728,120.313
74DA38F209A8,2026-02-18,15:31:55,-4.0,0.0,0.0,22.401,120.577
74DA38ED05EA,2026-02-18,15:32:04,16.75,100.0,25.0,23.394,121.357
74DA38F20A78,2026-02-18,15:32:04,15.87,100.0,9.0,22.904,121.124
74DA38F7C47C,2026-02-18,15:32:04,15.5,96.0,0.0,25.055,121.455
74DA38ED0640,2026-02-18,15:32:09,14.5,100.0,7.0,23.154,121.266
74DA38F7C3BA,2026-02-18,15:32:10,118.87,46.0,133.0,25.174,121.441
74DA38F20AA4,2026-02-18,15:32:14,24.0,86.0,23.0,22.685,120.492
74DA38F7C3D6,2026-02-18,15:32:17,15.75,100.0,0.0,25.045,121.541
74DA38F20D2A,2026-02-18,15:32:19,16.0,70.0,0.0,25.048,121.573
74DA38F7C41E,2026-02-18,15:32:21,16.5,73.0,26.0,25.054,121.517
74DA38F7C37C,2026-02-18,15:32:22,13.0,100.0,0.0,25.111,121.856
74DA38F7C610,2026-02-18,15:32:23,17.0,78.0,28.0,25.063,121.564
74DA38F20D70,2026-02-18,15:32:26,16.37,100.0,1.0,23.05,121.164
74DA38ED04F2,2026-02-18,15:32:37,16.75,100.0,11.0,23.468,121.496
74DA38F208E2,2026-02-18,15:32:38,15.0,100.0,16.0,24.688,121.766
74DA38F7C4DE,2026-02-18,15:32:38,15.37,100.0,0.0,25.09,121.462
74DA38F7C29C,2026-02-18,15:32:41,15.87,99.0,25.0,25.02,121.416
74DA38F7C570,2026-02-18,15:32:44,15.12,100.0,1.0,25.239,121.63
74DA38F209F8,2026-02-18,15:32:50,16.37,100.0,3.0,23.157,121.4
74DA38F20D1E,2026-02-18,15:32:55,15.37,100.0,37.0,25.048,121.573
74DA38F20EB2,2026-02-18,15:33:09,10.0,100.0,29.0,24.324,120.835
74DA38F2104E,2026-02-18,15:33:09,20.12,100.0,34.0,23.108,120.7
74DA38F20AE6,2026-02-18,15:33:19,25.0,100.0,15.0,22.63,120.348
74DA38F7C59C,2026-02-18,15:33:22,15.37,73.0,36.0,25.103,121.487
74DA38F20D2E,2026-02-18,15:33:23,15.37,100.0,0.0,25.06,121.545
74DA38ED06E0,2026-02-18,15:33:25,18.37,90.0,0.0,23.601,121.521
74DA38F21054,2026-02-18,15:33:25,24.37,62.0,21.0,22.898,120.627
74DA38F7C338,2026-02-18,15:33:25,17.87,90.0,24.0,25.011,121.458
74DA38F20B82,2026-02-18,15:33:38,-4.0,0.0,4.0,22.847,120.465
74DA38F7C5BE,2026-02-18,15:33:48,15.62,77.0,33.0,25.092,121.523
74DA38F209EE,2026-02-18,15:33:52,19.12,100.0,0.0,23.026,121.33
74DA38F20B5C,2026-02-18,15:33:55,-4.0,0.0,43.0,22.798,120.293
74DA38F20E6E,2026-02-18,15:33:59,13.25,90.0,0.0,24.41,120.902
74DA38F20DC0,2026-02-18,15:34:01,18.75,100.0,2.0,22.711,120.295
74DA38ED059C,2026-02-18,15:34:02,15.75,100.0,12.0,23.706,121.412
74DA38F210E4,2026-02-18,15:34:02,18.0,100.0,29.0,23.24,120.696
74DA38F21136,2026-02-18,15:34:02,15.12,97.0,22.0,25.119,121.505
74DA38F209A4,2026-02-18,15:34:06,18.5,100.0,0.0,22.702,120.572
74DA38ED05B6,2026-02-18,15:34:12,16.62,100.0,27.0,23.43,121.348
74DA38F20E9E,2026-02-18,15:34:14,15.0,100.0,39.0,24.648,121.151
74DA38F7C5E6,2026-02-18,15:34:14,15.75,100.0,20.0,25.107,121.843
74DA38F20C22,2026-02-18,15:34:15,20.12,100.0,0.0,22.729,120.357
74DA38F20BE4,2026-02-18,15:34:20,13.87,100.0,37.0,24.791,120.957
74DA38F7C53C,2026-02-18,15:34:22,14.12,100.0,0.0,25.11,121.804
74DA38F7C5CE,2026-02-18,15:34:28,14.5,87.0,3.0,25.066,121.656
74DA38F7C63C,2026-02-18,15:34:34,85.25,100.0,18.0,24.998,121.425
74DA38F207DE,2026-02-18,15:34:47,20.0,100.0,40.0,22.603,120.34
74DA38F20B80,2026-02-18,15:34:50,18.5,100.0,1.0,22.599,120.35
74DA38F7C616,2026-02-18,15:34:55,15.37,100.0,0.0,25.031,121.563
74DA38F20B26,2026-02-18,15:34:58,19.62,100.0,34.0,22.783,120.247
74DA38F20DE0,2026-02-18,15:35:04,21.75,99.0,0.0,22.589,120.328
74DA38F20C26,2026-02-18,15:35:09,20.12,72.0,34.0,22.676,120.342
74DA38F7C366,2026-02-18,15:35:11,15.12,100.0,16.0,25.002,121.516
74DA38F210A2,2026-02-18,15:35:13,15.25,100.0,7.0,25.12,121.466
74DA38F7C260,2026-02-18,15:35:28,15.0,100.0,0.0,25.065,121.425
74DA38F209DE,2026-02-18,15:35:33,15.5,100.0,1.0,24.861,120.964
74DA38F20D4C,2026-02-18,15:35:40,18.0,100.0,0.0,22.971,121.303
74DA38F7C47E,2026-02-18,15:35:45,15.25,100.0,35.0,25.053963,121.427681
74DA38F21204,2026-02-18,15:35:46,20.37,100.0,10.0,25.062,121.451
74DA38F7C30C,2026-02-18,15:35:47,15.5,92.0,0.0,24.975,121.532
74DA38F7C514,2026-02-18,15:35:53,15.12,97.0,29.0,25.051,121.518
74DA38F2118E,2026-02-18,15:35:58,12.12,100.0,55.0,26.148,119.935
74DA38F21088,2026-02-18,15:36:01,14.5,100.0,2.0,25.068,121.588
74DA38F20A30,2026-02-18,15:36:04,14.87,83.0,1.0,24.948,121.372
74DA38F7C31C,2026-02-18,15:36:04,14.37,100.0,4.0,24.93,121.372
74DA38ED0454,2026-02-18,15:36:19,18.25,100.0,12.0,24.053,121.599
74DA38F7C562,2026-02-18,15:36:20,14.37,83.0,28.0,25.021,121.418
74DA38F21024,2026-02-18,15:36:25,15.5,100.0,0.0,24.93,121.036
74DA38F7C560,2026-02-18,15:36:25,14.5,88.0,0.0,25.079,121.671
74DA38F7C566,2026-02-18,15:36:26,16.5,100.0,0.0,25.051,121.448
74DA38F20DD0,2026-02-18,15:36:27,19.37,100.0,0.0,22.6080258,120.3229833
74DA38F210F6,2026-02-18,15:36:30,19.37,100.0,8.0,22.757426,121.158891
74DA38F20F0A,2026-02-18,15:36:31,20.37,100.0,36.0,22.995,120.635
74DA38F20E34,2026-02-18,15:36:42,20.75,70.0,28.0,22.586,120.313
74DA38F20D6C,2026-02-18,15:36:45,20.62,75.0,0.0,22.661,120.301
74DA38F7C464,2026-02-18,15:36:45,13.37,31.0,8.0,25.006,121.413
74DA38F21048,2026-02-18,15:36:46,20.62,100.0,33.0,22.595,120.341
74DA38F7C524,2026-02-18,15:36:48,13.37,100.0,64.0,25.002,121.552
74DA38F7C40C,2026-02-18,15:36:54,14.5,100.0,0.0,24.995,121.52
74DA38F20BD0,2026-02-18,15:36:59,-4.0,0.0,30.0,22.688,120.408
74DA38F209B2,2026-02-18,15:37:05,20.87,100.0,0.0,22.363,120.599
74DA38F7C3DC,2026-02-18,15:37:07,14.37,100.0,35.0,25.003,121.539
74DA38F7C3B2,2026-02-18,15:37:12,18.75,65.0,15.0,24.929,121.378
74DA38F7C27E,2026-02-18,15:37:21,15.87,90.0,32.0,25.053,121.444
74DA38F20902,2026-02-18,15:37:26,19.87,100.0,1.0,22.204,120.7
74DA38F7C3DE,2026-02-18,15:37:27,15.75,100.0,320.0,24.972,121.537
74DA38F7C600,2026-02-18,15:37:28,21.5,50.0,18.0,25.07,121.586
74DA38F7C4CC,2026-02-18,15:37:33,15.0,100.0,19.0,25.062,121.451
74DA38F20AAA,2026-02-18,15:37:37,14.0,100.0,19.0,24.6,120.999
74DA38F20D1A,2026-02-18,15:37:37,15.5,84.0,0.0,25.078,121.541
74DA38F7C30E,2026-02-18,15:37:37,14.75,100.0,25.0,24.949,121.382
74DA38F20D16,2026-02-18,15:37:45,15.87,100.0,34.0,25.062,121.526
74DA38F20976,2026-02-18,15:38:01,15.75,88.0,35.0,25.127,121.746
74DA38F7C3BA,2026-02-18,15:38:06,118.87,46.0,130.0,25.174,121.441
74DA38F20B88,2026-02-18,15:38:07,18.25,100.0,0.0,22.75,120.316
74DA38ED05EA,2026-02-18,15:38:11,16.75,100.0,24.0,23.394,121.357
74DA38F20A78,2026-02-18,15:38:12,15.87,100.0,9.0,22.904,121.124
74DA38F7C47C,2026-02-18,15:38:13,15.62,95.0,0.0,25.055,121.455
74DA38ED0630,2026-02-18,15:38:15,18.62,100.0,0.0,23.994,121.594
74DA38F7C39A,2026-02-18,15:38:15,15.25,100.0,0.0,25.002,121.414
74DA38ED0640,2026-02-18,15:38:16,14.62,100.0,7.0,23.154,121.266
74DA38F20AA4,2026-02-18,15:38:21,24.0,86.0,25.0,22.685,120.492
74DA38F7C41E,2026-02-18,15:38:31,16.5,73.0,27.0,25.054,121.517
74DA38F20D70,2026-02-18,15:38:32,16.37,100.0,1.0,23.05,121.164
74DA38F7C610,2026-02-18,15:38:34,17.0,78.0,28.0,25.063,121.564
74DA38F7C3D6,2026-02-18,15:38:46,15.75,100.0,0.0,25.045,121.541
74DA38F20D2A,2026-02-18,15:38:47,16.0,70.0,0.0,25.048,121.573
74DA38F7C4DE,2026-02-18,15:38:47,15.37,100.0,0.0,25.09,121.462
74DA38ED04F2,2026-02-18,15:38:49,16.75,100.0,11.0,23.468,121.496
74DA38F208E2,2026-02-18,15:38:49,15.12,100.0,25.0,24.688,121.766
74DA38F7C37C,2026-02-18,15:38:51,13.0,100.0,1.0,25.111,121.856
74DA38F7C29C,2026-02-18,15:38:52,15.87,100.0,25.0,25.02,121.416
74DA38F20D1E,2026-02-18,15:39:07,15.37,100.0,37.0,25.048,121.573
74DA38F7C570,2026-02-18,15:39:12,15.12,100.0,1.0,25.239,121.63
74DA38F2113E,2026-02-18,15:39:16,-4.0,0.0,13.0,22.728,120.313
74DA38F209F8,2026-02-18,15:39:19,16.37,100.0,2.0,23.157,121.4
74DA38F2104E,2026-02-18,15:39:20,20.37,100.0,33.0,23.108,120.7
74DA38F20EB2,2026-02-18,15:39:23,10.12,100.0,29.0,24.324,120.835
74DA38F20AE6,2026-02-18,15:39:26,25.0,100.0,15.0,22.63,120.348
74DA38ED06E0,2026-02-18,15:39:31,18.5,90.0,0.0,23.601,121.521
74DA38F21054,2026-02-18,15:39:33,24.25,62.0,22.0,22.898,120.627
74DA38F7C59C,2026-02-18,15:39:34,15.37,73.0,37.0,25.103,121.487
74DA38F7C338,2026-02-18,15:39:46,17.87,90.0,24.0,25.011,121.458
74DA38F20D2E,2026-02-18,15:39:52,15.37,100.0,0.0,25.06,121.545
74DA38F209EE,2026-02-18,15:39:57,19.12,100.0,0.0,23.026,121.33
74DA38F7C5BE,2026-02-18,15:39:59,15.62,78.0,34.0,25.092,121.523
74DA38F20E6E,2026-02-18,15:40:02,13.12,90.0,0.0,24.41,120.902
74DA38ED059C,2026-02-18,15:40:10,15.87,100.0,12.0,23.706,121.412
74DA38F210E4,2026-02-18,15:40:11,17.75,100.0,23.0,23.24,120.696
74DA38F21136,2026-02-18,15:40:15,15.12,98.0,25.0,25.119,121.505
74DA38ED05B6,2026-02-18,15:40:21,16.62,100.0,29.0,23.43,121.348
74DA38F7C5E6,2026-02-18,15:40:25,15.62,100.0,20.0,25.107,121.843
74DA38F20BCA,2026-02-18,15:40:29,14.5,98.0,1.0,25.079,121.58
74DA38F20DC0,2026-02-18,15:40:31,18.62,100.0,3.0,22.711,120.295
74DA38F20BE4,2026-02-18,15:40:32,13.87,100.0,38.0,24.791,120.957
74DA38F20E9E,2026-02-18,15:40:32,15.0,100.0,73.0,24.648,121.151
74DA38F209A4,2026-02-18,15:40:38,18.5,100.0,0.0,22.702,120.572
74DA38F7C63C,2026-02-18,15:40:46,85.25,100.0,20.0,24.998,121.425
74DA38F20C22,2026-02-18,15:40:48,20.0,100.0,1.0,22.729,120.357
74DA38F7C53C,2026-02-18,15:40:52,14.12,100.0,1.0,25.11,121.804
74DA38F7C5CE,2026-02-18,15:40:57,14.62,88.0,2.0,25.066,121.656
74DA38F207DE,2026-02-18,15:41:00,20.0,100.0,41.0,22.603,120.34
74DA38F7C616,2026-02-18,15:41:08,15.37,100.0,0.0,25.031,121.563
74DA38F20B26,2026-02-18,15:41:09,19.62,100.0,35.0,22.783,120.247
74DA38F20B80,2026-02-18,15:41:19,18.37,100.0,2.0,22.599,120.35
74DA38F7C366,2026-02-18,15:41:19,15.0,100.0,16.0,25.002,121.516
74DA38F210A2,2026-02-18,15:41:22,15.25,100.0,9.0,25.12,121.466
74DA38F20C26,2026-02-18,15:41:23,20.37,72.0,35.0,22.676,120.342
74DA38F20DE0,2026-02-18,15:41:31,21.75,99.0,0.0,22.589,120.328
74DA38F209A8,2026-02-18,15:41:32,-4.0,0.0,0.0,22.401,120.577
74DA38F21204,2026-02-18,15:41:54,20.5,100.0,7.0,25.062,121.451
74DA38F7C30C,2026-02-18,15:42:00,15.5,92.0,0.0,24.975,121.532
74DA38F7C47E,2026-02-18,15:42:00,15.12,100.0,35.0,25.053963,121.427681
74DA38F209DE,2026-02-18,15:42:01,15.62,100.0,1.0,24.861,120.964
74DA38F7C260,2026-02-18,15:42:02,15.0,100.0,1.0,25.065,121.425
74DA38F20D4C,2026-02-18,15:42:07,18.0,100.0,0.0,22.971,121.303
74DA38F7C514,2026-02-18,15:42:07,15.12,97.0,30.0,25.051,121.518
74DA38F21088,2026-02-18,15:42:30,14.5,100.0,1.0,25.068,121.588
74DA38F7C562,2026-02-18,15:42:30,14.37,93.0,28.0,25.021,121.418
74DA38F20A30,2026-02-18,15:42:33,14.87,83.0,0.0,24.948,121.372
74DA38F2118E,2026-02-18,15:42:34,12.0,100.0,56.0,26.148,119.935
74DA38F210F6,2026-02-18,15:42:35,19.37,100.0,8.0,22.757426,121.158891
74DA38F7C31C,2026-02-18,15:42:35,14.37,100.0,5.0,24.93,121.372
74DA38F20F0A,2026-02-18,15:42:47,20.25,100.0,31.0,22.995,120.635
74DA38F20E34,2026-02-18,15:42:54,20.62,70.0,27.0,22.586,120.313
74DA38F7C560,2026-02-18,15:42:54,14.5,89.0,0.0,25.079,121.671
74DA38F21024,2026-02-18,15:42:55,15.5,100.0,1.0,24.93,121.036
74DA38F7C566,2026-02-18,15:42:55,16.5,100.0,0.0,25.051,121.448
74DA38F20DD0,2026-02-18,15:42:57,19.37,100.0,0.0,22.6080258,120.3229833
74DA38F7C40C,2026-02-18,15:43:01,14.5,100.0,0.0,24.995,121.52
74DA38F20B82,2026-02-18,15:43:10,-4.0,0.0,4.0,22.847,120.465
74DA38F20D6C,2026-02-18,15:43:15,20.62,74.0,0.0,22.661,120.301
74DA38F7C3DC,2026-02-18,15:43:17,14.37,100.0,33.0,25.003,121.539
74DA38F20B5C,2026-02-18,15:43:19,-4.0,0.0,43.0,22.798,120.293
74DA38F7C3B2,2026-02-18,15:43:19,18.75,65.0,15.0,24.929,121.378
74DA38F21048,2026-02-18,15:43:20,20.75,100.0,34.0,22.595,120.341
74DA38F7C3DE,2026-02-18,15:43:23,15.75,100.0,315.0,24.972,121.537
74DA38F7C524,2026-02-18,15:43:24,13.37,100.0,64.0,25.002,121.552
74DA38F20902,2026-02-18,15:43:32,19.75,100.0,1.0,22.204,120.7
74DA38F209B2,2026-02-18,15:43:32,20.75,100.0,0.0,22.363,120.599
74DA38F7C27E,2026-02-18,15:43:34,16.0,90.0,33.0,25.053,121.444
74DA38F7C600,2026-02-18,15:43:34,21.37,48.0,18.0,25.07,121.586
74DA38F7C464,2026-02-18,15:43:42,13.12,31.0,13.0,25.006,121.413
74DA38F7C4CC,2026-02-18,15:43:42,14.87,100.0,19.0,25.062,121.451
74DA38F20AAA,2026-02-18,15:43:45,14.0,100.0,17.0,24.6,120.999
74DA38F7C30E,2026-02-18,15:43:47,14.75,100.0,26.0,24.949,121.382
74DA38F20D16,2026-02-18,15:43:57,15.87,100.0,35.0,25.062,121.526
74DA38F7C3BA,2026-02-18,15:44:06,118.87,46.0,133.0,25.174,121.441
74DA38F20D1A,2026-02-18,15:44:08,15.62,84.0,1.0,25.078,121.541
74DA38F20976,2026-02-18,15:44:11,15.75,87.0,35.0,25.127,121.746
74DA38F20A78,2026-02-18,15:44:18,15.87,100.0,9.0,22.904,121.124
74DA38ED05EA,2026-02-18,15:44:20,16.75,100.0,24.0,23.394,121.357
74DA38F7C47C,2026-02-18,15:44:21,15.62,95.0,0.0,25.055,121.455
74DA38ED0640,2026-02-18,15:44:23,14.5,100.0,7.0,23.154,121.266
74DA38F20AA4,2026-02-18,15:44:31,24.0,86.0,25.0,22.685,120.492
74DA38F20B88,2026-02-18,15:44:36,18.12,100.0,0.0,22.75,120.316
74DA38F20D70,2026-02-18,15:44:37,16.5,100.0,2.0,23.05,121.164
74DA38F7C41E,2026-02-18,15:44:42,16.62,73.0,27.0,25.054,121.517
74DA38ED0630,2026-02-18,15:44:43,18.62,100.0,0.0,23.994,121.594
74DA38F7C610,2026-02-18,15:44:44,17.12,78.0,28.0,25.063,121.564
74DA38F7C39A,2026-02-18,15:44:45,15.37,100.0,0.0,25.002,121.414
74DA38ED04F2,2026-02-18,15:44:56,16.62,100.0,11.0,23.468,121.496
74DA38F208E2,2026-02-18,15:44:57,15.25,100.0,16.0,24.688,121.766
74DA38F7C29C,2026-02-18,15:45:02,15.75,100.0,25.0,25.02,121.416
74DA38F7C4DE,2026-02-18,15:45:07,15.5,100.0,0.0,25.09,121.462
74DA38F7C3D6,2026-02-18,15:45:14,15.75,100.0,0.0,25.045,121.541
74DA38F20D2A,2026-02-18,15:45:20,16.0,70.0,0.0,25.048,121.573
74DA38F7C37C,2026-02-18,15:45:22,13.12,100.0,1.0,25.111,121.856
74DA38F20D1E,2026-02-18,15:45:23,15.37,100.0,39.0,25.048,121.573
74DA38F2104E,2026-02-18,15:45:32,20.62,100.0,35.0,23.108,120.7
74DA38F20AE6,2026-02-18,15:45:34,24.87,100.0,16.0,22.63,120.348
74DA38ED06E0,2026-02-18,15:45:37,18.5,90.0,0.0,23.601,121.521
74DA38F20EB2,2026-02-18,15:45:37,10.25,100.0,30.0,24.324,120.835
74DA38F21054,2026-02-18,15:45:41,24.25,62.0,21.0,22.898,120.627
74DA38F7C570,2026-02-18,15:45:42,15.12,100.0,1.0,25.239,121.63
74DA38F7C59C,2026-02-18,15:45:43,15.25,74.0,36.0,25.103,121.487
74DA38F209F8,2026-02-18,15:45:46,16.25,100.0,12.0,23.157,121.4
74DA38F209EE,2026-02-18,15:46:03,19.0,100.0,0.0,23.026,121.33
74DA38F20E6E,2026-02-18,15:46:04,13.12,91.0,0.0,24.41,120.902
74DA38F7C5BE,2026-02-18,15:46:13,15.75,79.0,35.0,25.092,121.523
74DA38ED059C,2026-02-18,15:46:17,15.87,100.0,13.0,23.706,121.412
74DA38F210E4,2026-02-18,15:46:19,17.5,100.0,19.0,23.24,120.696
74DA38F20D2E,2026-02-18,15:46:20,15.37,100.0,0.0,25.06,121.545
74DA38F21136,2026-02-18,15:46:26,15.0,99.0,24.0,25.119,121.505
74DA38ED05B6,2026-02-18,15:46:29,16.5,100.0,26.0,23.43,121.348
74DA38F7C5E6,2026-02-18,15:46:35,15.75,100.0,20.0,25.107,121.843
74DA38F2113E,2026-02-18,15:46:38,-4.0,0.0,18.0,22.728,120.313
74DA38F20BE4,2026-02-18,15:46:42,13.87,100.0,38.0,24.791,120.957
74DA38F20E9E,2026-02-18,15:46:46,15.0,100.0,44.0,24.648,121.151
74DA38F7C63C,2026-02-18,15:46:57,85.25,100.0,20.0,24.998,121.425
74DA38F20DC0,2026-02-18,15:47:01,18.75,100.0,3.0,22.711,120.295
74DA38F20BCA,2026-02-18,15:47:04,14.75,98.0,1.0,25.079,121.58
74DA38F209A4,2026-02-18,15:47:08,18.5,100.0,0.0,22.702,120.572
74DA38F7C616,2026-02-18,15:47:15,15.5,100.0,0.0,25.031,121.563
74DA38F7C53C,2026-02-18,15:47:18,14.12,100.0,0.0,25.11,121.804
74DA38F20C22,2026-02-18,15:47:19,20.0,100.0,1.0,22.729,120.357
74DA38F7C5CE,2026-02-18,15:47:25,14.62,88.0,1.0,25.066,121.656
74DA38F7C366,2026-02-18,15:47:28,15.12,100.0,15.0,25.002,121.516
74DA38F20B26,2026-02-18,15:47:29,19.5,100.0,35.0,22.783,120.247
74DA38F20BD0,2026-02-18,15:47:29,-4.0,0.0,30.0,22.688,120.408
74DA38F210A2,2026-02-18,15:47:29,15.25,100.0,8.0,25.12,121.466
74DA38F207DE,2026-02-18,15:47:34,19.87,100.0,41.0,22.603,120.34
74DA38F20C26,2026-02-18,15:47:38,20.37,71.0,37.0,22.676,120.342
74DA38F20B80,2026-02-18,15:47:47,18.25,100.0,1.0,22.599,120.35
74DA38F20DE0,2026-02-18,15:48:00,21.87,99.0,0.0,22.589,120.328
74DA38F21204,2026-02-18,15:48:00,20.5,100.0,5.0,25.062,121.451
74DA38F7C30C,2026-02-18,15:48:14,15.5,92.0,0.0,24.975,121.532
74DA38F7C47E,2026-02-18,15:48:14,15.37,100.0,38.0,25.053963,121.427681
74DA38F7C514,2026-02-18,15:48:17,15.37,97.0,30.0,25.051,121.518
74DA38F209DE,2026-02-18,15:48:30,15.62,100.0,1.0,24.861,120.964
74DA38F7C260,2026-02-18,15:48:31,14.87,100.0,0.0,25.065,121.425
74DA38F20D4C,2026-02-18,15:48:35,18.0,100.0,0.0,22.971,121.303
74DA38F210F6,2026-02-18,15:48:41,19.37,100.0,8.0,22.757426,121.158891
74DA38F7C562,2026-02-18,15:48:41,14.25,99.0,28.0,25.021,121.418
74DA38ED0454,2026-02-18,15:48:50,18.25,100.0,12.0,24.053,121.599
74DA38F21088,2026-02-18,15:49:01,14.5,100.0,4.0,25.068,121.588
74DA38F20F0A,2026-02-18,15:49:02,20.25,100.0,32.0,22.995,120.635
74DA38F20E34,2026-02-18,15:49:03,20.62,70.0,26.0,22.586,120.313
74DA38F7C31C,2026-02-18,15:49:05,14.37,100.0,4.0,24.93,121.372
74DA38F7C40C,2026-02-18,15:49:08,14.62,100.0,0.0,24.995,121.52
74DA38F2118E,2026-02-18,15:49:10,12.12,100.0,55.0,26.148,119.935
74DA38F20A30,2026-02-18,15:49:11,14.87,83.0,0.0,24.948,121.372
74DA38F7C3DE,2026-02-18,15:49:19,15.75,100.0,321.0,24.972,121.537
74DA38F21024,2026-02-18,15:49:22,15.5,100.0,0.0,24.93,121.036
74DA38F7C560,2026-02-18,15:49:22,14.62,90.0,0.0,25.079,121.671
74DA38F7C566,2026-02-18,15:49:24,16.5,100.0,0.0,25.051,121.448
74DA38F20DD0,2026-02-18,15:49:25,19.37,100.0,0.0,22.6080258,120.3229833
74DA38F7C3DC,2026-02-18,15:49:25,14.37,100.0,34.0,25.003,121.539
74DA38F7C3B2,2026-02-18,15:49:27,18.75,65.0,15.0,24.929,121.378
74DA38F20902,2026-02-18,15:49:37,19.75,100.0,2.0,22.204,120.7
74DA38F7C600,2026-02-18,15:49:42,21.12,54.0,20.0,25.07,121.586
74DA38F7C27E,2026-02-18,15:49:44,15.87,90.0,33.0,25.053,121.444
74DA38F21048,2026-02-18,15:49:52,20.5,100.0,30.0,22.595,120.341
74DA38F7C4CC,2026-02-18,15:49:52,14.87,100.0,21.0,25.062,121.451
74DA38F20AAA,2026-02-18,15:49:54,13.75,100.0,17.0,24.6,120.999
74DA38F7C524,2026-02-18,15:49:58,13.37,100.0,64.0,25.002,121.552
74DA38F209B2,2026-02-18,15:50:00,20.62,100.0,0.0,22.363,120.599
74DA38F7C30E,2026-02-18,15:50:01,14.62,100.0,27.0,24.949,121.382
74DA38F7C3BA,2026-02-18,15:50:06,118.87,46.0,135.0,25.174,121.441
74DA38F20D16,2026-02-18,15:50:07,15.75,100.0,36.0,25.062,121.526
74DA38F7C464,2026-02-18,15:50:16,13.25,31.0,9.0,25.006,121.413
74DA38F20976,2026-02-18,15:50:23,15.75,86.0,34.0,25.127,121.746
74DA38F20A78,2026-02-18,15:50:25,15.75,100.0,8.0,22.904,121.124
74DA38ED0640,2026-02-18,15:50:29,14.5,100.0,7.0,23.154,121.266
74DA38ED05EA,2026-02-18,15:50:30,16.75,100.0,24.0,23.394,121.357
74DA38F7C47C,2026-02-18,15:50:30,15.62,96.0,0.0,25.055,121.455
74DA38F20D1A,2026-02-18,15:50:37,15.62,84.0,0.0,25.078,121.541
74DA38F20AA4,2026-02-18,15:50:40,24.0,86.0,25.0,22.685,120.492
74DA38F20D70,2026-02-18,15:50:45,16.37,100.0,2.0,23.05,121.164
74DA38F7C41E,2026-02-18,15:50:54,16.5,73.0,28.0,25.054,121.517
74DA38F7C610,2026-02-18,15:50:55,17.12,78.0,29.0,25.063,121.564
74DA38F20B88,2026-02-18,15:51:04,18.0,100.0,1.0,22.75,120.316
74DA38F208E2,2026-02-18,15:51:06,15.25,100.0,16.0,24.688,121.766
74DA38ED04F2,2026-02-18,15:51:07,16.62,100.0,12.0,23.468,121.496
74DA38F209A8,2026-02-18,15:51:10,-4.0,0.0,0.0,22.401,120.577
74DA38ED0630,2026-02-18,15:51:11,18.5,100.0,0.0,23.994,121.594
74DA38F7C29C,2026-02-18,15:51:11,15.75,100.0,26.0,25.02,121.416
74DA38F7C39A,2026-02-18,15:51:14,15.25,100.0,0.0,25.002,121.414
74DA38F7C4DE,2026-02-18,15:51:16,15.37,100.0,0.0,25.09,121.462
74DA38F20D1E,2026-02-18,15:51:39,15.5,100.0,39.0,25.048,121.573
74DA38F20AE6,2026-02-18,15:51:40,24.87,100.0,14.0,22.63,120.348
74DA38F2104E,2026-02-18,15:51:41,20.62,100.0,33.0,23.108,120.7
74DA38F7C3D6,2026-02-18,15:51:42,15.87,100.0,1.0,25.045,121.541
74DA38ED06E0,2026-02-18,15:51:44,18.5,90.0,0.0,23.601,121.521
74DA38F20D2A,2026-02-18,15:51:48,15.87,70.0,0.0,25.048,121.573
74DA38F21054,2026-02-18,15:51:49,24.25,62.0,22.0,22.898,120.627
74DA38F20EB2,2026-02-18,15:51:51,10.25,100.0,30.0,24.324,120.835
74DA38F7C37C,2026-02-18,15:51:51,13.25,100.0,0.0,25.111,121.856
74DA38F7C59C,2026-02-18,15:51:57,15.25,75.0,39.0,25.103,121.487
74DA38F20E6E,2026-02-18,15:52:05,13.37,91.0,0.0,24.41,120.902
74DA38F209EE,2026-02-18,15:52:09,19.0,100.0,0.0,23.026,121.33
74DA38F7C570,2026-02-18,15:52:10,15.12,100.0,0.0,25.239,121.63
74DA38F209F8,2026-02-18,15:52:14,16.25,100.0,26.0,23.157,121.4
74DA38ED059C,2026-02-18,15:52:24,15.87,100.0,12.0,23.706,121.412
74DA38F7C5BE,2026-02-18,15:52:24,15.87,79.0,35.0,25.092,121.523
74DA38F210E4,2026-02-18,15:52:27,17.37,100.0,18.0,23.24,120.696
74DA38ED05B6,2026-02-18,15:52:36,16.62,100.0,28.0,23.43,121.348
74DA38F21136,2026-02-18,15:52:39,15.12,99.0,25.0,25.119,121.505
74DA38F20B5C,2026-02-18,15:52:41,-4.0,0.0,43.0,22.798,120.293
74DA38F20B82,2026-02-18,15:52:43,-4.0,0.0,3.0,22.847,120.465
74DA38F7C5E6,2026-02-18,15:52:48,15.75,100.0,22.0,25.107,121.843
74DA38F20D2E,2026-02-18,15:52:51,15.37,100.0,2.0,25.06,121.545
74DA38F20BE4,2026-02-18,15:52:52,14.0,100.0,39.0,24.791,120.957
74DA38F7C338,2026-02-18,15:52:56,17.87,90.0,25.0,25.011,121.458
74DA38F20E9E,2026-02-18,15:52:58,15.0,100.0,38.0,24.648,121.151
74DA38F7C63C,2026-02-18,15:53:06,85.25,100.0,19.0,24.998,121.425
74DA38F7C616,2026-02-18,15:53:24,15.5,100.0,0.0,25.031,121.563
74DA38F20DC0,2026-02-18,15:53:31,18.75,100.0,1.0,22.711,120.295
74DA38F20BCA,2026-02-18,15:53:35,14.87,99.0,0.0,25.079,121.58
74DA38F7C366,2026-02-18,15:53:37,15.12,100.0,16.0,25.002,121.516
74DA38F209A4,2026-02-18,15:53:38,18.37,100.0,0.0,22.702,120.572
74DA38F210A2,2026-02-18,15:53:38,15.25,100.0,8.0,25.12,121.466
74DA38F207DE,2026-02-18,15:53:44,19.75,100.0,41.0,22.603,120.34
74DA38F20B26,2026-02-18,15:53:46,19.5,100.0,36.0,22.783,120.247
74DA38F7C53C,2026-02-18,15:53:46,14.12,100.0,0.0,25.11,121.804
74DA38F20C22,2026-02-18,15:53:50,19.87,100.0,2.0,22.729,120.357
74DA38F20C26,2026-02-18,15:53:52,20.12,72.0,38.0,22.676,120.342
74DA38F2113E,2026-02-18,15:53:55,-4.0,0.0,8.0,22.728,120.313
74DA38F7C5CE,2026-02-18,15:53:55,14.62,88.0,2.0,25.066,121.656
74DA38F21204,2026-02-18,15:54:06,20.5,100.0,5.0,25.062,121.451
74DA38F20B80,2026-02-18,15:54:16,18.25,100.0,2.0,22.599,120.35
74DA38F7C30C,2026-02-18,15:54:27,15.5,93.0,0.0,24.975,121.532
74DA38F20DE0,2026-02-18,15:54:29,21.87,99.0,0.0,22.589,120.328
74DA38F7C514,2026-02-18,15:54:29,15.5,97.0,29.0,25.051,121.518
74DA38F7C47E,2026-02-18,15:54:30,15.62,100.0,38.0,25.053963,121.427681
74DA38F210F6,2026-02-18,15:54:47,19.25,100.0,8.0,22.757426,121.158891
74DA38ED0454,2026-02-18,15:54:57,18.25,100.0,13.0,24.053,121.599
74DA38F209DE,2026-02-18,15:55:00,15.62,100.0,3.0,24.861,120.964
74DA38F20D4C,2026-02-18,15:55:03,18.12,100.0,0.0,22.971,121.303
74DA38F7C562,2026-02-18,15:55:05,14.12,100.0,28.0,25.021,121.418
74DA38F7C260,2026-02-18,15:55:06,15.0,100.0,0.0,25.065,121.425
74DA38F7C3DE,2026-02-18,15:55:15,15.75,100.0,298.0,24.972,121.537
74DA38F20E34,2026-02-18,15:55:16,20.62,70.0,27.0,22.586,120.313
74DA38F7C40C,2026-02-18,15:55:16,14.62,100.0,0.0,24.995,121.52
74DA38F20F0A,2026-02-18,15:55:17,20.25,100.0,31.0,22.995,120.635
74DA38F21088,2026-02-18,15:55:31,14.5,100.0,5.0,25.068,121.588
74DA38F7C31C,2026-02-18,15:55:35,14.37,100.0,6.0,24.93,121.372
74DA38F7C3B2,2026-02-18,15:55:36,18.75,65.0,15.0,24.929,121.378
74DA38F7C3DC,2026-02-18,15:55:36,14.37,100.0,33.0,25.003,121.539
74DA38F20A30,2026-02-18,15:55:41,15.0,84.0,0.0,24.948,121.372
74DA38F20902,2026-02-18,15:55:43,19.75,100.0,1.0,22.204,120.7
74DA38F2118E,2026-02-18,15:55:48,12.25,100.0,57.0,26.148,119.935
74DA38F7C600,2026-02-18,15:55:50,20.87,55.0,20.0,25.07,121.586
74DA38F21024,2026-02-18,15:55:51,15.5,100.0,0.0,24.93,121.036
74DA38F7C560,2026-02-18,15:55:51,14.62,91.0,0.0,25.079,121.671
74DA38F7C566,2026-02-18,15:55:52,16.5,100.0,0.0,25.051,121.448
74DA38F7C27E,2026-02-18,15:55:55,15.87,90.0,33.0,25.053,121.444
74DA38F20DD0,2026-02-18,15:55:57,19.5,100.0,0.0,22.6080258,120.3229833
74DA38F7C4CC,2026-02-18,15:56:00,14.75,100.0,19.0,25.062,121.451
74DA38F20AAA,2026-02-18,15:56:02,13.75,100.0,16.0,24.6,120.999
74DA38F7C3BA,2026-02-18,15:56:05,118.87,46.0,132.0,25.174,121.441
74DA38F7C30E,2026-02-18,15:56:12,14.62,100.0,26.0,24.949,121.382
74DA38F20D16,2026-02-18,15:56:18,15.87,100.0,36.0,25.062,121.526
74DA38F21048,2026-02-18,15:56:25,20.37,100.0,34.0,22.595,120.341
74DA38F209B2,2026-02-18,15:56:28,20.5,100.0,1.0,22.363,120.599
74DA38F20A78,2026-02-18,15:56:31,15.75,100.0,8.0,22.904,121.124
74DA38F7C524,2026-02-18,15:56:33,13.5,100.0,64.0,25.002,121.552
74DA38F20976,2026-02-18,15:56:34,15.62,87.0,34.0,25.127,121.746
74DA38ED0640,2026-02-18,15:56:36,14.37,100.0,7.0,23.154,121.266
74DA38F7C47C,2026-02-18,15:56:38,15.62,96.0,0.0,25.055,121.455
74DA38ED05EA,2026-02-18,15:56:40,16.75,100.0,25.0,23.394,121.357
74DA38F20AA4,2026-02-18,15:56:49,24.0,86.0,25.0,22.685,120.492
74DA38F7C464,2026-02-18,15:56:49,13.25,30.0,10.0,25.006,121.413
74DA38F20D70,2026-02-18,15:56:51,16.25,100.0,1.0,23.05,121.164
74DA38F7C41E,2026-02-18,15:57:05,16.62,73.0,28.0,25.054,121.517
74DA38F7C610,2026-02-18,15:57:05,17.12,78.0,29.0,25.063,121.564
74DA38F20D1A,2026-02-18,15:57:07,15.75,85.0,0.0,25.078,121.541
74DA38ED04F2,2026-02-18,15:57:15,16.62,100.0,12.0,23.468,121.496
74DA38F208E2,2026-02-18,15:57:16,15.37,100.0,31.0,24.688,121.766
74DA38F7C29C,2026-02-18,15:57:20,15.75,100.0,26.0,25.02,121.416
74DA38F7C4DE,2026-02-18,15:57:22,15.5,100.0,0.0,25.09,121.462
74DA38F20B88,2026-02-18,15:57:33,17.87,100.0,0.0,22.75,120.316
74DA38ED0630,2026-02-18,15:57:39,18.5,100.0,0.0,23.994,121.594
74DA38F7C39A,2026-02-18,15:57:42,15.25,100.0,0.0,25.002,121.414
74DA38F20AE6,2026-02-18,15:57:47,24.87,100.0,15.0,22.63,120.348
74DA38ED06E0,2026-02-18,15:57:51,18.5,90.0,0.0,23.601,121.521
74DA38F20D1E,2026-02-18,15:57:53,15.5,100.0,40.0,25.048,121.573
74DA38F2104E,2026-02-18,15:57:53,20.5,100.0,33.0,23.108,120.7
74DA38F21054,2026-02-18,15:57:56,24.25,62.0,22.0,22.898,120.627
74DA38F20EB2,2026-02-18,15:58:03,10.5,100.0,29.0,24.324,120.835
74DA38F20BD0,2026-02-18,15:58:05,-4.0,0.0,30.0,22.688,120.408
74DA38F20E6E,2026-02-18,15:58:06,13.62,90.0,0.0,24.41,120.902
74DA38F7C59C,2026-02-18,15:58:10,15.37,75.0,38.0,25.103,121.487
74DA38F7C3D6,2026-02-18,15:58:11,15.75,100.0,0.0,25.045,121.541
74DA38F209EE,2026-02-18,15:58:15,19.12,100.0,0.0,23.026,121.33
74DA38F7C37C,2026-02-18,15:58:19,13.25,100.0,1.0,25.111,121.856
74DA38F20D2A,2026-02-18,15:58:20,15.75,70.0,0.0,25.048,121.573
74DA38ED059C,2026-02-18,15:58:32,15.87,100.0,12.0,23.706,121.412
74DA38F7C5BE,2026-02-18,15:58:36,15.87,79.0,35.0,25.092,121.523
74DA38F210E4,2026-02-18,15:58:37,17.37,100.0,18.0,23.24,120.696
74DA38F7C570,2026-02-18,15:58:37,15.25,100.0,0.0,25.239,121.63
74DA38ED05B6,2026-02-18,15:58:43,16.62,100.0,29.0,23.43,121.348
74DA38F209F8,2026-02-18,15:58:44,16.12,100.0,18.0,23.157,121.4
74DA38F21136,2026-02-18,15:58:48,15.12,99.0,24.0,25.119,121.505
74DA38F7C5E6,2026-02-18,15:58:59,15.75,100.0,20.0,25.107,121.843
74DA38F20BE4,2026-02-18,15:59:13,14.0,100.0,39.0,24.791,120.957
74DA38F20E9E,2026-02-18,15:59:22,14.87,100.0,38.0,24.648,121.151
74DA38F7C63C,2026-02-18,15:59:25,85.25,100.0,21.0,24.998,121.425
74DA38F20D2E,2026-02-18,15:59:31,15.37,100.0,1.0,25.06,121.545
74DA38F210A2,2026-02-18,15:59:54,15.25,100.0,9.0,25.12,121.466
74DA38F7C366,2026-02-18,15:59:54,15.12,100.0,17.0,25.002,121.516
74DA38F207DE,2026-02-18,16:00:02,19.62,100.0,41.0,22.603,120.34
74DA38F7C616,2026-02-18,16:00:10,15.5,100.0,0.0,25.031,121.563
74DA38F20B26,2026-02-18,16:00:11,19.5,100.0,36.0,22.783,120.247
74DA38F20BCA,2026-02-18,16:00:12,14.87,98.0,1.0,25.079,121.58
74DA38F20DC0,2026-02-18,16:00:12,18.62,100.0,4.0,22.711,120.295
74DA38F20C26,2026-02-18,16:00:13,20.25,72.0,38.0,22.676,120.342
74DA38F209A4,2026-02-18,16:00:14,18.37,100.0,0.0,22.702,120.572
74DA38F7C53C,2026-02-18,16:00:22,14.25,100.0,1.0,25.11,121.804
74DA38F20C22,2026-02-18,16:00:27,19.87,100.0,1.0,22.729,120.357
74DA38F21204,2026-02-18,16:00:31,20.5,100.0,5.0,25.062,121.451
74DA38F7C5CE,2026-02-18,16:00:31,14.62,88.0,2.0,25.066,121.656
74DA38F7C514,2026-02-18,16:00:46,15.75,97.0,30.0,25.051,121.518
74DA38F7C30C,2026-02-18,16:00:47,15.5,93.0,0.0,24.975,121.532
74DA38F7C47E,2026-02-18,16:00:49,15.5,100.0,38.0,25.053963,121.427681
74DA38F20B80,2026-02-18,16:00:50,18.37,100.0,2.0,22.599,120.35
74DA38F209A8,2026-02-18,16:00:52,-4.0,0.0,0.0,22.401,120.577
74DA38F210F6,2026-02-18,16:00:58,19.37,100.0,8.0,22.757426,121.158891
74DA38F20DE0,2026-02-18,16:01:07,21.87,99.0,1.0,22.589,120.328
74DA38ED0454,2026-02-18,16:01:13,18.25,100.0,13.0,24.053,121.599
74DA38F7C3DE,2026-02-18,16:01:17,15.75,100.0,314.0,24.972,121.537
74DA38F2113E,2026-02-18,16:01:23,-4.0,0.0,14.0,22.728,120.313
74DA38F7C40C,2026-02-18,16:01:29,14.62,100.0,0.0,24.995,121.52
74DA38F209DE,2026-02-18,16:01:33,15.62,100.0,1.0,24.861,120.964
74DA38F20E34,2026-02-18,16:01:34,20.62,70.0,27.0,22.586,120.313
74DA38F20D4C,2026-02-18,16:01:36,18.12,100.0,0.0,22.971,121.303
74DA38F20F0A,2026-02-18,16:01:39,20.12,100.0,36.0,22.995,120.635
74DA38F7C562,2026-02-18,16:01:44,14.0,100.0,28.0,25.021,121.418
74DA38F7C3B2,2026-02-18,16:01:50,18.75,65.0,16.0,24.929,121.378
74DA38F7C260,2026-02-18,16:01:55,14.87,100.0,0.0,25.065,121.425
74DA38F7C3DC,2026-02-18,16:01:55,14.37,100.0,35.0,25.003,121.539
74DA38F20902,2026-02-18,16:01:57,19.75,100.0,1.0,22.204,120.7
74DA38F7C600,2026-02-18,16:02:03,20.75,55.0,20.0,25.07,121.586
74DA38F21088,2026-02-18,16:02:05,14.5,100.0,2.0,25.068,121.588
74DA38F20B5C,2026-02-18,16:02:11,-4.0,0.0,43.0,22.798,120.293
74DA38F7C3BA,2026-02-18,16:02:12,118.87,46.0,133.0,25.174,121.441
74DA38F7C4CC,2026-02-18,16:02:14,14.87,100.0,19.0,25.062,121.451
74DA38F7C27E,2026-02-18,16:02:15,16.0,91.0,34.0,25.053,121.444
74DA38F7C31C,2026-02-18,16:02:15,14.37,100.0,6.0,24.93,121.372
74DA38F20AAA,2026-02-18,16:02:18,13.87,100.0,17.0,24.6,120.999
74DA38F20A30,2026-02-18,16:02:19,15.0,84.0,1.0,24.948,121.372
74DA38F20B82,2026-02-18,16:02:22,-4.0,0.0,3.0,22.847,120.465
74DA38F21024,2026-02-18,16:02:26,15.62,100.0,1.0,24.93,121.036
74DA38F7C560,2026-02-18,16:02:26,14.75,90.0,0.0,25.079,121.671
74DA38F7C566,2026-02-18,16:02:26,16.5,100.0,0.0,25.051,121.448
74DA38F7C30E,2026-02-18,16:02:28,14.75,100.0,26.0,24.949,121.382
74DA38F2118E,2026-02-18,16:02:30,12.12,100.0,55.0,26.148,119.935
74DA38F20DD0,2026-02-18,16:02:32,19.12,100.0,1.0,22.6080258,120.3229833
74DA38F20D16,2026-02-18,16:02:38,15.87,100.0,36.0,25.062,121.526
74DA38F20A78,2026-02-18,16:02:45,15.75,100.0,9.0,22.904,121.124
74DA38F20976,2026-02-18,16:02:52,15.75,87.0,33.0,25.127,121.746
74DA38ED05EA,2026-02-18,16:02:54,16.62,100.0,24.0,23.394,121.357
74DA38ED0640,2026-02-18,16:02:54,14.5,100.0,7.0,23.154,121.266
74DA38F7C47C,2026-02-18,16:02:54,15.62,96.0,0.0,25.055,121.455
74DA38F209B2,2026-02-18,16:03:03,20.37,100.0,2.0,22.363,120.599
74DA38F20AA4,2026-02-18,16:03:04,23.87,85.0,26.0,22.685,120.492
74DA38F20D70,2026-02-18,16:03:06,16.37,100.0,2.0,23.05,121.164
74DA38F21048,2026-02-18,16:03:07,20.25,100.0,38.0,22.595,120.341
74DA38F7C524,2026-02-18,16:03:14,13.5,100.0,65.0,25.002,121.552
74DA38F7C610,2026-02-18,16:03:19,17.12,78.0,29.0,25.063,121.564
74DA38F7C41E,2026-02-18,16:03:21,16.5,73.0,29.0,25.054,121.517
74DA38F7C464,2026-02-18,16:03:27,13.25,30.0,11.0,25.006,121.413
74DA38ED04F2,2026-02-18,16:03:29,16.5,100.0,11.0,23.468,121.496
74DA38F208E2,2026-02-18,16:03:33,15.37,100.0,32.0,24.688,121.766
74DA38F7C29C,2026-02-18,16:03:37,15.62,100.0,27.0,25.02,121.416
74DA38F7C4DE,2026-02-18,16:03:43,15.37,100.0,0.0,25.09,121.462
74DA38F20D1A,2026-02-18,16:03:44,15.62,85.0,1.0,25.078,121.541
74DA38F20AE6,2026-02-18,16:04:05,24.87,100.0,15.0,22.63,120.348
74DA38ED06E0,2026-02-18,16:04:09,18.37,90.0,0.0,23.601,121.521
74DA38F20B88,2026-02-18,16:04:09,18.0,100.0,0.0,22.75,120.316
74DA38F2104E,2026-02-18,16:04:10,20.37,100.0,32.0,23.108,120.7
74DA38F21054,2026-02-18,16:04:10,24.25,62.0,21.0,22.898,120.627
74DA38F20E6E,2026-02-18,16:04:14,13.62,89.0,0.0,24.41,120.902
74DA38ED0630,2026-02-18,16:04:15,18.37,100.0,0.0,23.994,121.594
74DA38F20D1E,2026-02-18,16:04:16,15.5,100.0,39.0,25.048,121.573
74DA38F7C39A,2026-02-18,16:04:19,15.37,100.0,1.0,25.002,121.414
74DA38F20EB2,2026-02-18,16:04:21,10.75,100.0,29.0,24.324,120.835
74DA38F209EE,2026-02-18,16:04:26,19.37,100.0,0.0,23.026,121.33
74DA38F7C59C,2026-02-18,16:04:28,15.37,75.0,39.0,25.103,121.487
74DA38ED059C,2026-02-18,16:04:44,15.87,100.0,13.0,23.706,121.412
74DA38F7C3D6,2026-02-18,16:04:45,15.75,100.0,0.0,25.045,121.541
74DA38F210E4,2026-02-18,16:04:51,17.5,100.0,18.0,23.24,120.696
74DA38F7C37C,2026-02-18,16:04:54,13.12,100.0,0.0,25.111,121.856
74DA38F7C5BE,2026-02-18,16:04:55,15.87,79.0,35.0,25.092,121.523
74DA38F20D2A,2026-02-18,16:04:56,15.75,70.0,1.0,25.048,121.573
74DA38ED05B6,2026-02-18,16:04:57,16.5,100.0,27.0,23.43,121.348
74DA38F21136,2026-02-18,16:05:04,15.0,100.0,24.0,25.119,121.505
74DA38F7C570,2026-02-18,16:05:13,15.12,100.0,0.0,25.239,121.63
74DA38F209F8,2026-02-18,16:05:22,16.12,100.0,25.0,23.157,121.4
74DA38F7C5E6,2026-02-18,16:05:22,15.87,100.0,20.0,25.107,121.843
74DA38F20BE4,2026-02-18,16:05:32,14.0,100.0,38.0,24.791,120.957
74DA38F20E9E,2026-02-18,16:05:42,14.87,100.0,33.0,24.648,121.151
74DA38F7C63C,2026-02-18,16:05:46,85.25,100.0,21.0,24.998,121.425
74DA38F20D2E,2026-02-18,16:06:10,15.5,100.0,1.0,25.06,121.545
74DA38F210A2,2026-02-18,16:06:12,15.25,100.0,9.0,25.12,121.466
74DA38F7C338,2026-02-18,16:06:12,17.87,91.0,25.0,25.011,121.458
74DA38F7C366,2026-02-18,16:06:13,15.12,100.0,17.0,25.002,121.516
74DA38F207DE,2026-02-18,16:06:21,19.37,100.0,41.0,22.603,120.34
74DA38F20C26,2026-02-18,16:06:31,20.12,72.0,37.0,22.676,120.342
74DA38F20B26,2026-02-18,16:06:33,19.62,100.0,36.0,22.783,120.247
74DA38F20DC0,2026-02-18,16:06:48,18.5,100.0,5.0,22.711,120.295
74DA38F20BCA,2026-02-18,16:06:49,14.87,99.0,1.0,25.079,121.58
74DA38F21204,2026-02-18,16:06:49,20.37,100.0,5.0,25.062,121.451
74DA38F209A4,2026-02-18,16:06:50,18.5,100.0,0.0,22.702,120.572
74DA38F7C53C,2026-02-18,16:06:56,14.12,100.0,0.0,25.11,121.804
74DA38F7C514,2026-02-18,16:07:04,15.75,97.0,31.0,25.051,121.518
74DA38F20C22,2026-02-18,16:07:05,19.87,100.0,1.0,22.729,120.357
74DA38F7C5CE,2026-02-18,16:07:06,14.75,88.0,0.0,25.066,121.656
74DA38F210F6,2026-02-18,16:07:10,19.37,100.0,7.0,22.757426,121.158891
74DA38F7C47E,2026-02-18,16:07:10,15.37,100.0,39.0,25.053963,121.427681
74DA38F7C3DE,2026-02-18,16:07:18,15.75,100.0,306.0,24.972,121.537
74DA38F7C616,2026-02-18,16:07:18,15.62,100.0,0.0,25.031,121.563
74DA38F20B80,2026-02-18,16:07:24,18.37,100.0,1.0,22.599,120.35
74DA38F7C30C,2026-02-18,16:07:28,15.37,93.0,0.0,24.975,121.532
74DA38ED0454,2026-02-18,16:07:37,18.25,100.0,13.0,24.053,121.599
74DA38F20DE0,2026-02-18,16:07:44,21.87,99.0,0.0,22.589,120.328
74DA38F20E34,2026-02-18,16:07:51,20.62,70.0,27.0,22.586,120.313
74DA38F20F0A,2026-02-18,16:08:02,20.12,100.0,43.0,22.995,120.635
74DA38F7C3B2,2026-02-18,16:08:06,18.75,65.0,15.0,24.929,121.378
74DA38F7C562,2026-02-18,16:08:07,14.25,99.0,29.0,25.021,121.418
74DA38F20902,2026-02-18,16:08:08,19.87,100.0,1.0,22.204,120.7
74DA38F209DE,2026-02-18,16:08:08,15.75,100.0,1.0,24.861,120.964
74DA38F20D4C,2026-02-18,16:08:11,18.0,100.0,0.0,22.971,121.303
74DA38F7C3DC,2026-02-18,16:08:11,14.37,100.0,36.0,25.003,121.539
74DA38F7C600,2026-02-18,16:08:15,20.62,55.0,20.0,25.07,121.586
74DA38F7C3BA,2026-02-18,16:08:21,118.87,46.0,133.0,25.174,121.441
74DA38F20AAA,2026-02-18,16:08:32,13.87,100.0,15.0,24.6,120.999
74DA38F7C27E,2026-02-18,16:08:34,16.0,91.0,34.0,25.053,121.444
74DA38F7C260,2026-02-18,16:08:38,14.87,100.0,0.0,25.065,121.425
74DA38F21088,2026-02-18,16:08:41,14.62,100.0,5.0,25.068,121.588
74DA38F7C30E,2026-02-18,16:08:43,14.75,100.0,27.0,24.949,121.382
74DA38F20BD0,2026-02-18,16:08:46,-4.0,0.0,30.0,22.688,120.408
74DA38F7C31C,2026-02-18,16:08:49,14.37,100.0,7.0,24.93,121.372
74DA38F2113E,2026-02-18,16:08:52,-4.0,0.0,14.0,22.728,120.313
74DA38F20A30,2026-02-18,16:08:56,15.0,84.0,1.0,24.948,121.372
74DA38F20D16,2026-02-18,16:08:56,16.0,100.0,37.0,25.062,121.526
74DA38F20A78,2026-02-18,16:08:59,15.75,100.0,10.0,22.904,121.124
74DA38F21024,2026-02-18,16:09:01,15.62,100.0,0.0,24.93,121.036
74DA38F7C560,2026-02-18,16:09:01,14.75,91.0,0.0,25.079,121.671
74DA38F7C566,2026-02-18,16:09:01,16.5,100.0,0.0,25.051,121.448
74DA38F20DD0,2026-02-18,16:09:09,19.12,100.0,2.0,22.6080258,120.3229833
74DA38F7C47C,2026-02-18,16:09:09,15.62,97.0,0.0,25.055,121.455
74DA38ED05EA,2026-02-18,16:09:12,16.62,100.0,23.0,23.394,121.357
74DA38ED0640,2026-02-18,16:09:12,14.37,100.0,7.0,23.154,121.266
74DA38F20976,2026-02-18,16:09:13,15.75,87.0,33.0,25.127,121.746
74DA38F2118E,2026-02-18,16:09:13,12.12,100.0,57.0,26.148,119.935
74DA38F20AA4,2026-02-18,16:09:18,23.87,85.0,25.0,22.685,120.492
74DA38F20D70,2026-02-18,16:09:18,16.5,100.0,2.0,23.05,121.164
74DA38F20D6C,2026-02-18,16:09:19,20.5,74.0,0.0,22.661,120.301
74DA38F209B2,2026-02-18,16:09:37,20.0,100.0,0.0,22.363,120.599
74DA38F7C41E,2026-02-18,16:09:38,16.37,74.0,29.0,25.054,121.517
74DA38F7C610,2026-02-18,16:09:38,17.12,78.0,31.0,25.063,121.564
74DA38ED04F2,2026-02-18,16:09:42,16.62,100.0,11.0,23.468,121.496
74DA38F21048,2026-02-18,16:09:47,20.12,100.0,37.0,22.595,120.341
74DA38F208E2,2026-02-18,16:09:51,15.37,100.0,33.0,24.688,121.766
74DA38F7C29C,2026-02-18,16:09:53,15.62,100.0,27.0,25.02,121.416
74DA38F7C524,2026-02-18,16:09:56,13.5,100.0,65.0,25.002,121.552
74DA38F7C464,2026-02-18,16:10:02,13.5,32.0,4.0,25.006,121.413
74DA38F7C4DE,2026-02-18,16:10:03,15.37,100.0,0.0,25.09,121.462
74DA38F20AE6,2026-02-18,16:10:18,24.87,100.0,15.0,22.63,120.348
74DA38F20D1A,2026-02-18,16:10:19,15.62,86.0,0.0,25.078,121.541
74DA38F20E6E,2026-02-18,16:10:22,13.25,90.0,0.0,24.41,120.902
74DA38F21054,2026-02-18,16:10:25,24.25,62.0,22.0,22.898,120.627
74DA38ED06E0,2026-02-18,16:10:26,18.37,91.0,0.0,23.601,121.521
74DA38F2104E,2026-02-18,16:10:28,19.75,100.0,34.0,23.108,120.7
74DA38F20D1E,2026-02-18,16:10:36,15.5,100.0,40.0,25.048,121.573
74DA38F209EE,2026-02-18,16:10:38,19.25,100.0,0.0,23.026,121.33
74DA38F209A8,2026-02-18,16:10:39,-4.0,0.0,0.0,22.401,120.577
74DA38F20EB2,2026-02-18,16:10:40,10.75,100.0,30.0,24.324,120.835
74DA38F20B88,2026-02-18,16:10:45,18.12,100.0,1.0,22.75,120.316
74DA38F7C59C,2026-02-18,16:10:47,15.37,76.0,40.0,25.103,121.487
74DA38ED0630,2026-02-18,16:10:50,18.37,100.0,0.0,23.994,121.594
74DA38F7C39A,2026-02-18,16:10:54,15.37,100.0,0.0,25.002,121.414
74DA38ED059C,2026-02-18,16:10:58,15.87,100.0,13.0,23.706,121.412
74DA38F210E4,2026-02-18,16:11:06,17.37,100.0,18.0,23.24,120.696
74DA38ED05B6,2026-02-18,16:11:08,16.37,100.0,24.0,23.43,121.348
74DA38F7C5BE,2026-02-18,16:11:16,15.62,80.0,35.0,25.092,121.523
74DA38F7C3D6,2026-02-18,16:11:20,15.75,100.0,0.0,25.045,121.541
74DA38F21136,2026-02-18,16:11:22,15.12,100.0,23.0,25.119,121.505
74DA38F20D2A,2026-02-18,16:11:32,15.87,70.0,0.0,25.048,121.573
74DA38F7C37C,2026-02-18,16:11:33,13.25,100.0,1.0,25.111,121.856
74DA38F7C5E6,2026-02-18,16:11:42,15.75,100.0,20.0,25.107,121.843
74DA38F20B5C,2026-02-18,16:11:48,-4.0,0.0,42.0,22.798,120.293
74DA38F7C570,2026-02-18,16:11:49,15.25,100.0,1.0,25.239,121.63
74DA38F20BE4,2026-02-18,16:11:54,14.0,100.0,39.0,24.791,120.957
74DA38F20E9E,2026-02-18,16:12:00,14.87,100.0,28.0,24.648,121.151
74DA38F209F8,2026-02-18,16:12:01,16.12,100.0,36.0,23.157,121.4
74DA38F20B82,2026-02-18,16:12:03,-4.0,0.0,3.0,22.847,120.465
74DA38F7C63C,2026-02-18,16:12:03,85.25,100.0,21.0,24.998,121.425
74DA38F210A2,2026-02-18,16:12:29,15.25,100.0,8.0,25.12,121.466
74DA38F7C366,2026-02-18,16:12:32,15.25,100.0,18.0,25.002,121.516
74DA38F207DE,2026-02-18,16:12:41,19.37,100.0,42.0,22.603,120.34
74DA38F20D2E,2026-02-18,16:12:46,15.5,100.0,0.0,25.06,121.545
74DA38F20C26,2026-02-18,16:12:54,20.37,72.0,37.0,22.676,120.342
74DA38F20B26,2026-02-18,16:13:02,19.5,100.0,37.0,22.783,120.247
74DA38F7C3DE,2026-02-18,16:13:20,15.75,100.0,306.0,24.972,121.537
74DA38F210F6,2026-02-18,16:13:21,19.37,100.0,7.0,22.757426,121.158891
74DA38F21204,2026-02-18,16:13:22,20.37,100.0,4.0,25.062,121.451
74DA38F7C514,2026-02-18,16:13:22,15.62,97.0,31.0,25.051,121.518
74DA38F20BCA,2026-02-18,16:13:24,14.75,99.0,0.0,25.079,121.58
74DA38F209A4,2026-02-18,16:13:25,18.5,100.0,0.0,22.702,120.572
74DA38F20DC0,2026-02-18,16:13:25,18.25,100.0,7.0,22.711,120.295
74DA38F7C47E,2026-02-18,16:13:31,15.25,100.0,39.0,25.053963,121.427681
74DA38F7C53C,2026-02-18,16:13:32,14.12,100.0,0.0,25.11,121.804
74DA38F20C22,2026-02-18,16:13:42,19.87,100.0,0.0,22.729,120.357
74DA38F7C5CE,2026-02-18,16:13:43,14.75,88.0,1.0,25.066,121.656
74DA38F7C30C,2026-02-18,16:13:50,15.37,93.0,0.0,24.975,121.532
74DA38F7C40C,2026-02-18,16:13:55,14.87,100.0,0.0,24.995,121.52
74DA38F20B80,2026-02-18,16:13:59,18.25,100.0,1.0,22.599,120.35
74DA38ED0454,2026-02-18,16:14:04,18.25,100.0,14.0,24.053,121.599
74DA38F20E34,2026-02-18,16:14:09,20.75,70.0,28.0,22.586,120.313
74DA38F7C3B2,2026-02-18,16:14:19,18.75,65.0,15.0,24.929,121.378
74DA38F20902,2026-02-18,16:14:21,19.75,100.0,1.0,22.204,120.7
74DA38F20DE0,2026-02-18,16:14:21,21.87,99.0,0.0,22.589,120.328
74DA38F20F0A,2026-02-18,16:14:24,20.12,100.0,41.0,22.995,120.635
74DA38F7C3DC,2026-02-18,16:14:26,14.37,100.0,36.0,25.003,121.539
74DA38F7C3BA,2026-02-18,16:14:27,118.87,46.0,137.0,25.174,121.441
74DA38F7C600,2026-02-18,16:14:28,20.62,55.0,20.0,25.07,121.586
74DA38F209DE,2026-02-18,16:14:43,15.75,100.0,3.0,24.861,120.964
74DA38F20AAA,2026-02-18,16:14:45,14.0,100.0,16.0,24.6,120.999
74DA38F20D4C,2026-02-18,16:14:45,18.0,100.0,0.0,22.971,121.303
74DA38F7C562,2026-02-18,16:14:45,14.37,100.0,29.0,25.021,121.418
74DA38F7C27E,2026-02-18,16:14:52,15.87,92.0,34.0,25.053,121.444
74DA38F20A78,2026-02-18,16:15:12,15.75,100.0,9.0,22.904,121.124
74DA38F7C260,2026-02-18,16:15:14,15.0,100.0,0.0,25.065,121.425
74DA38F7C30E,2026-02-18,16:15:14,14.75,100.0,28.0,24.949,121.382
74DA38F20D16,2026-02-18,16:15:18,16.0,100.0,37.0,25.062,121.526
74DA38F21088,2026-02-18,16:15:18,14.75,100.0,1.0,25.068,121.588
74DA38F7C47C,2026-02-18,16:15:24,15.5,97.0,0.0,25.055,121.455
74DA38F7C31C,2026-02-18,16:15:26,14.37,100.0,5.0,24.93,121.372
74DA38ED05EA,2026-02-18,16:15:30,16.62,100.0,24.0,23.394,121.357
74DA38ED0640,2026-02-18,16:15:31,14.5,100.0,8.0,23.154,121.266
74DA38F20976,2026-02-18,16:15:33,15.75,86.0,33.0,25.127,121.746
74DA38F20D70,2026-02-18,16:15:33,16.37,100.0,2.0,23.05,121.164
74DA38F20A30,2026-02-18,16:15:35,15.0,84.0,0.0,24.948,121.372
74DA38F20AA4,2026-02-18,16:15:36,23.87,85.0,25.0,22.685,120.492
74DA38F21024,2026-02-18,16:15:36,15.62,100.0,0.0,24.93,121.036
74DA38F7C566,2026-02-18,16:15:36,16.5,100.0,0.0,25.051,121.448
74DA38F7C560,2026-02-18,16:15:37,14.75,93.0,0.0,25.079,121.671
74DA38F20DD0,2026-02-18,16:15:45,19.12,100.0,0.0,22.6080258,120.3229833
74DA38F7C41E,2026-02-18,16:15:55,16.5,74.0,29.0,25.054,121.517
74DA38F2118E,2026-02-18,16:15:56,12.0,100.0,57.0,26.148,119.935
74DA38F7C610,2026-02-18,16:15:56,17.12,79.0,30.0,25.063,121.564
74DA38ED04F2,2026-02-18,16:15:58,16.5,100.0,12.0,23.468,121.496
74DA38F208E2,2026-02-18,16:16:09,15.25,100.0,34.0,24.688,121.766
74DA38F7C29C,2026-02-18,16:16:10,15.62,100.0,27.0,25.02,121.416
74DA38F209B2,2026-02-18,16:16:12,20.12,100.0,0.0,22.363,120.599
74DA38F7C4DE,2026-02-18,16:16:17,15.25,100.0,0.0,25.09,121.462
74DA38F2113E,2026-02-18,16:16:18,-4.0,0.0,10.0,22.728,120.313
74DA38F21048,2026-02-18,16:16:27,19.87,100.0,38.0,22.595,120.341
74DA38F20E6E,2026-02-18,16:16:30,13.12,90.0,0.0,24.41,120.902
74DA38F20AE6,2026-02-18,16:16:31,24.87,100.0,15.0,22.63,120.348
74DA38F7C524,2026-02-18,16:16:35,13.62,100.0,65.0,25.002,121.552
74DA38F21054,2026-02-18,16:16:39,24.25,62.0,21.0,22.898,120.627
74DA38F7C464,2026-02-18,16:16:39,13.62,32.0,5.0,25.006,121.413
74DA38ED06E0,2026-02-18,16:16:43,18.37,91.0,0.0,23.601,121.521
74DA38F2104E,2026-02-18,16:16:47,19.5,100.0,36.0,23.108,120.7
74DA38F209EE,2026-02-18,16:16:51,19.25,100.0,0.0,23.026,121.33
74DA38F20D1A,2026-02-18,16:16:55,15.62,86.0,0.0,25.078,121.541
74DA38F20D1E,2026-02-18,16:16:55,15.5,100.0,39.0,25.048,121.573
74DA38F20EB2,2026-02-18,16:16:59,10.87,100.0,29.0,24.324,120.835
74DA38F7C59C,2026-02-18,16:17:05,15.37,76.0,38.0,25.103,121.487
74DA38F20B88,2026-02-18,16:17:21,18.12,100.0,0.0,22.75,120.316
74DA38F210E4,2026-02-18,16:17:21,17.37,100.0,18.0,23.24,120.696
74DA38ED05B6,2026-02-18,16:17:22,16.5,100.0,24.0,23.43,121.348
74DA38F7C4CC,2026-02-18,16:17:24,14.87,100.0,20.0,25.062,121.451
74DA38ED0630,2026-02-18,16:17:25,18.37,100.0,0.0,23.994,121.594
74DA38F7C39A,2026-02-18,16:17:29,15.37,100.0,0.0,25.002,121.414
74DA38F7C5BE,2026-02-18,16:17:38,15.87,80.0,35.0,25.092,121.523
74DA38F21136,2026-02-18,16:17:40,15.12,100.0,24.0,25.119,121.505
74DA38F7C3D6,2026-02-18,16:17:54,15.75,100.0,0.0,25.045,121.541
74DA38F7C5E6,2026-02-18,16:18:02,15.75,100.0,20.0,25.107,121.843
74DA38F7C37C,2026-02-18,16:18:08,13.25,100.0,0.0,25.111,121.856
74DA38F20BE4,2026-02-18,16:18:11,14.0,100.0,39.0,24.791,120.957
74DA38F20D2A,2026-02-18,16:18:12,15.87,70.0,1.0,25.048,121.573
74DA38F20E9E,2026-02-18,16:18:14,14.87,100.0,28.0,24.648,121.151
74DA38F7C63C,2026-02-18,16:18:18,85.25,100.0,21.0,24.998,121.425
74DA38F7C570,2026-02-18,16:18:24,15.25,100.0,0.0,25.239,121.63
74DA38F209F8,2026-02-18,16:18:38,16.25,100.0,25.0,23.157,121.4
74DA38F210A2,2026-02-18,16:18:44,15.25,100.0,9.0,25.12,121.466
74DA38F7C366,2026-02-18,16:18:45,15.25,100.0,17.0,25.002,121.516
74DA38F207DE,2026-02-18,16:19:00,19.25,100.0,43.0,22.603,120.34
74DA38F20C26,2026-02-18,16:19:15,20.25,72.0,37.0,22.676,120.342
74DA38F20D2E,2026-02-18,16:19:23,15.5,100.0,3.0,25.06,121.545
74DA38F7C3DE,2026-02-18,16:19:23,15.75,100.0,308.0,24.972,121.537
74DA38F7C338,2026-02-18,16:19:30,17.87,91.0,27.0,25.011,121.458
74DA38F20BD0,2026-02-18,16:19:33,-4.0,0.0,31.0,22.688,120.408
74DA38F210F6,2026-02-18,16:19:33,19.5,100.0,8.0,22.757426,121.158891
74DA38F7C514,2026-02-18,16:19:39,15.62,98.0,31.0,25.051,121.518
74DA38F21204,2026-02-18,16:19:46,20.5,100.0,4.0,25.062,121.451
74DA38F20B26,2026-02-18,16:19:47,19.5,100.0,36.0,22.783,120.247
74DA38F7C47E,2026-02-18,16:19:49,15.0,100.0,38.0,25.053963,121.427681
74DA38F20BCA,2026-02-18,16:20:00,14.87,99.0,1.0,25.079,121.58
74DA38F209A4,2026-02-18,16:20:01,18.62,100.0,1.0,22.702,120.572
74DA38F20DC0,2026-02-18,16:20:02,18.12,100.0,14.0,22.711,120.295
74DA38F7C30C,2026-02-18,16:20:04,15.37,93.0,0.0,24.975,121.532
74DA38F7C53C,2026-02-18,16:20:06,14.12,100.0,0.0,25.11,121.804
74DA38F7C40C,2026-02-18,16:20:09,14.87,100.0,0.0,24.995,121.52
74DA38F20C22,2026-02-18,16:20:18,19.5,100.0,2.0,22.729,120.357
74DA38F7C5CE,2026-02-18,16:20:19,14.75,88.0,2.0,25.066,121.656
74DA38F7C616,2026-02-18,16:20:19,15.75,100.0,0.0,25.031,121.563
74DA38F209A8,2026-02-18,16:20:24,-4.0,0.0,0.0,22.401,120.577
74DA38F20E34,2026-02-18,16:20:30,20.75,70.0,29.0,22.586,120.313
74DA38ED0454,2026-02-18,16:20:31,18.25,100.0,20.0,24.053,121.599
74DA38F20B80,2026-02-18,16:20:31,18.25,100.0,2.0,22.599,120.35
74DA38F7C3B2,2026-02-18,16:20:32,18.75,65.0,15.0,24.929,121.378
74DA38F20902,2026-02-18,16:20:33,19.75,100.0,1.0,22.204,120.7
74DA38F7C3BA,2026-02-18,16:20:33,118.87,46.0,134.0,25.174,121.441
74DA38F7C600,2026-02-18,16:20:39,20.62,55.0,19.0,25.07,121.586
74DA38F7C3DC,2026-02-18,16:20:43,14.37,100.0,37.0,25.003,121.539
74DA38F20F0A,2026-02-18,16:20:50,20.0,100.0,42.0,22.995,120.635
74DA38F20DE0,2026-02-18,16:20:55,21.87,99.0,0.0,22.589,120.328
74DA38F20AAA,2026-02-18,16:20:58,14.12,100.0,16.0,24.6,120.999
74DA38F7C27E,2026-02-18,16:21:12,15.87,92.0,35.0,25.053,121.444
74DA38F7C562,2026-02-18,16:21:14,14.25,100.0,28.0,25.021,121.418
74DA38F20D4C,2026-02-18,16:21:18,18.0,100.0,0.0,22.971,121.303
74DA38F209DE,2026-02-18,16:21:19,15.75,100.0,3.0,24.861,120.964
74DA38F20B5C,2026-02-18,16:21:19,-4.0,0.0,42.0,22.798,120.293
74DA38F20A78,2026-02-18,16:21:24,15.75,100.0,10.0,22.904,121.124
74DA38F20D16,2026-02-18,16:21:36,16.0,100.0,37.0,25.062,121.526
74DA38F7C47C,2026-02-18,16:21:39,15.62,98.0,0.0,25.055,121.455
74DA38F20B82,2026-02-18,16:21:42,-4.0,0.0,3.0,22.847,120.465
74DA38F20D70,2026-02-18,16:21:45,16.37,100.0,2.0,23.05,121.164
74DA38ED05EA,2026-02-18,16:21:48,16.62,100.0,25.0,23.394,121.357
74DA38ED0640,2026-02-18,16:21:48,14.5,100.0,7.0,23.154,121.266
74DA38F20976,2026-02-18,16:21:51,15.75,87.0,32.0,25.127,121.746
74DA38F20AA4,2026-02-18,16:21:51,23.75,85.0,26.0,22.685,120.492
74DA38F21088,2026-02-18,16:21:52,14.75,100.0,1.0,25.068,121.588
74DA38F7C260,2026-02-18,16:21:52,15.0,100.0,1.0,25.065,121.425
74DA38F7C30E,2026-02-18,16:21:55,14.75,100.0,27.0,24.949,121.382
74DA38F7C31C,2026-02-18,16:22:03,14.37,100.0,6.0,24.93,121.372
74DA38F7C566,2026-02-18,16:22:10,16.37,100.0,0.0,25.051,121.448
74DA38F20A30,2026-02-18,16:22:11,14.87,84.0,0.0,24.948,121.372
74DA38F21024,2026-02-18,16:22:11,15.62,100.0,0.0,24.93,121.036
74DA38ED04F2,2026-02-18,16:22:13,16.37,100.0,11.0,23.468,121.496
74DA38F7C41E,2026-02-18,16:22:13,16.62,74.0,30.0,25.054,121.517
74DA38F7C560,2026-02-18,16:22:13,14.87,96.0,0.0,25.079,121.671
74DA38F7C610,2026-02-18,16:22:14,17.25,79.0,30.0,25.063,121.564
74DA38F20DD0,2026-02-18,16:22:23,19.25,100.0,0.0,22.6080258,120.3229833
74DA38F208E2,2026-02-18,16:22:26,15.25,100.0,35.0,24.688,121.766
74DA38F7C29C,2026-02-18,16:22:26,15.62,100.0,27.0,25.02,121.416
74DA38F7C4DE,2026-02-18,16:22:34,15.37,100.0,0.0,25.09,121.462
74DA38F20E6E,2026-02-18,16:22:38,13.12,91.0,0.0,24.41,120.902
74DA38F2118E,2026-02-18,16:22:39,11.87,100.0,59.0,26.148,119.935
74DA38F20AE6,2026-02-18,16:22:45,24.87,100.0,16.0,22.63,120.348
74DA38F209B2,2026-02-18,16:22:46,20.37,100.0,0.0,22.363,120.599
74DA38F21054,2026-02-18,16:22:51,24.25,62.0,21.0,22.898,120.627
74DA38ED06E0,2026-02-18,16:23:01,18.5,91.0,0.0,23.601,121.521
74DA38F209EE,2026-02-18,16:23:02,19.37,100.0,0.0,23.026,121.33
74DA38F21048,2026-02-18,16:23:04,19.75,100.0,38.0,22.595,120.341
74DA38F2104E,2026-02-18,16:23:05,19.37,100.0,41.0,23.108,120.7
74DA38F20D1E,2026-02-18,16:23:13,15.5,100.0,39.0,25.048,121.573
74DA38F20EB2,2026-02-18,16:23:15,11.0,100.0,30.0,24.324,120.835
74DA38F7C464,2026-02-18,16:23:15,13.62,32.0,4.0,25.006,121.413
74DA38F7C524,2026-02-18,16:23:19,13.5,100.0,66.0,25.002,121.552
74DA38F7C59C,2026-02-18,16:23:22,15.37,76.0,37.0,25.103,121.487
74DA38ED059C,2026-02-18,16:23:24,15.62,100.0,20.0,23.706,121.412
74DA38F20D1A,2026-02-18,16:23:31,15.75,85.0,0.0,25.078,121.541
74DA38F210E4,2026-02-18,16:23:36,17.37,100.0,18.0,23.24,120.696
74DA38F7C4CC,2026-02-18,16:23:38,14.87,100.0,20.0,25.062,121.451
74DA38F2113E,2026-02-18,16:23:44,-4.0,0.0,9.0,22.728,120.313
74DA38F20B88,2026-02-18,16:23:55,18.12,100.0,0.0,22.75,120.316
74DA38F21136,2026-02-18,16:23:55,15.25,100.0,22.0,25.119,121.505
74DA38F7C5BE,2026-02-18,16:23:58,15.75,80.0,34.0,25.092,121.523
74DA38ED0630,2026-02-18,16:23:59,18.37,100.0,0.0,23.994,121.594
74DA38F7C39A,2026-02-18,16:24:04,15.37,100.0,0.0,25.002,121.414
74DA38F7C5E6,2026-02-18,16:24:21,15.75,100.0,19.0,25.107,121.843
74DA38F20BE4,2026-02-18,16:24:33,14.12,100.0,40.0,24.791,120.957
74DA38F7C3D6,2026-02-18,16:24:33,15.62,100.0,0.0,25.045,121.541
74DA38F20E9E,2026-02-18,16:24:34,14.87,100.0,23.0,24.648,121.151
74DA38F7C63C,2026-02-18,16:24:38,85.25,100.0,21.0,24.998,121.425
74DA38F7C37C,2026-02-18,16:24:48,13.37,100.0,0.0,25.111,121.856
74DA38F20D2A,2026-02-18,16:24:56,15.75,71.0,0.0,25.048,121.573
74DA38F210A2,2026-02-18,16:25:02,15.25,100.0,9.0,25.12,121.466
74DA38F7C366,2026-02-18,16:25:06,15.37,100.0,17.0,25.002,121.516
74DA38F7C570,2026-02-18,16:25:06,15.25,100.0,1.0,25.239,121.63
74DA38F209F8,2026-02-18,16:25:18,16.25,100.0,25.0,23.157,121.4
74DA38F207DE,2026-02-18,16:25:20,19.12,100.0,44.0,22.603,120.34
74DA38F7C3DE,2026-02-18,16:25:26,15.75,100.0,316.0,24.972,121.537
74DA38F20C26,2026-02-18,16:25:37,20.0,72.0,36.0,22.676,120.342
74DA38F210F6,2026-02-18,16:25:45,19.5,100.0,10.0,22.757426,121.158891
74DA38F20D2E,2026-02-18,16:25:58,15.5,100.0,0.0,25.06,121.545
74DA38F7C514,2026-02-18,16:25:58,15.62,98.0,31.0,25.051,121.518
74DA38F7C47E,2026-02-18,16:26:08,14.62,100.0,37.0,25.053963,121.427681
74DA38F21204,2026-02-18,16:26:09,20.5,100.0,3.0,25.062,121.451
74DA38F7C338,2026-02-18,16:26:15,17.87,91.0,27.0,25.011,121.458
74DA38F7C30C,2026-02-18,16:26:17,15.37,93.0,0.0,24.975,121.532
74DA38F7C40C,2026-02-18,16:26:21,14.87,100.0,0.0,24.995,121.52
74DA38F7C616,2026-02-18,16:26:33,15.62,100.0,0.0,25.031,121.563
74DA38F209A4,2026-02-18,16:26:36,18.62,100.0,0.0,22.702,120.572
74DA38F20BCA,2026-02-18,16:26:36,14.75,99.0,2.0,25.079,121.58
74DA38F7C3BA,2026-02-18,16:26:41,118.87,46.0,134.0,25.174,121.441
74DA38F7C53C,2026-02-18,16:26:42,14.25,100.0,0.0,25.11,121.804
74DA38F20902,2026-02-18,16:26:45,19.75,100.0,1.0,22.204,120.7
74DA38F20DC0,2026-02-18,16:26:45,18.12,100.0,14.0,22.711,120.295
74DA38F20E34,2026-02-18,16:26:46,20.87,70.0,29.0,22.586,120.313
74DA38F7C3B2,2026-02-18,16:26:46,18.75,65.0,16.0,24.929,121.378
74DA38F7C5CE,2026-02-18,16:26:54,14.75,88.0,2.0,25.066,121.656
74DA38F7C600,2026-02-18,16:26:54,20.75,54.0,22.0,25.07,121.586
74DA38F7C3DC,2026-02-18,16:26:59,14.37,100.0,37.0,25.003,121.539
74DA38F20C22,2026-02-18,16:27:05,19.37,100.0,1.0,22.729,120.357
74DA38F20B80,2026-02-18,16:27:06,18.12,100.0,2.0,22.599,120.35
74DA38ED0454,2026-02-18,16:27:11,18.37,100.0,31.0,24.053,121.599
74DA38F20AAA,2026-02-18,16:27:14,14.0,100.0,18.0,24.6,120.999
74DA38F20F0A,2026-02-18,16:27:14,20.0,100.0,39.0,22.995,120.635
74DA38F20DE0,2026-02-18,16:27:30,21.62,99.0,0.0,22.589,120.328
74DA38F7C27E,2026-02-18,16:27:31,15.87,92.0,35.0,25.053,121.444
74DA38F20A78,2026-02-18,16:27:37,15.62,100.0,9.0,22.904,121.124
74DA38F7C562,2026-02-18,16:27:38,14.37,100.0,32.0,25.021,121.418
74DA38F209DE,2026-02-18,16:27:52,15.62,100.0,2.0,24.861,120.964
74DA38F20D4C,2026-02-18,16:27:52,18.12,100.0,0.0,22.971,121.303
74DA38F7C47C,2026-02-18,16:27:53,15.75,97.0,0.0,25.055,121.455
74DA38F20D16,2026-02-18,16:27:55,16.0,100.0,38.0,25.062,121.526
74DA38F20D70,2026-02-18,16:27:59,16.25,100.0,1.0,23.05,121.164
74DA38F20AA4,2026-02-18,16:28:04,23.87,85.0,26.0,22.685,120.492
74DA38ED05EA,2026-02-18,16:28:05,16.62,100.0,28.0,23.394,121.357
74DA38ED0640,2026-02-18,16:28:05,14.37,100.0,7.0,23.154,121.266
74DA38F7C30E,2026-02-18,16:28:10,14.75,100.0,27.0,24.949,121.382
74DA38F20976,2026-02-18,16:28:13,15.62,87.0,32.0,25.127,121.746
74DA38ED04F2,2026-02-18,16:28:26,16.37,100.0,11.0,23.468,121.496
74DA38F21088,2026-02-18,16:28:29,14.75,100.0,4.0,25.068,121.588
74DA38F7C41E,2026-02-18,16:28:29,16.5,74.0,30.0,25.054,121.517
74DA38F7C260,2026-02-18,16:28:32,14.87,100.0,1.0,25.065,121.425
74DA38F7C610,2026-02-18,16:28:32,17.25,79.0,31.0,25.063,121.564
74DA38F7C31C,2026-02-18,16:28:40,14.5,100.0,6.0,24.93,121.372
74DA38F208E2,2026-02-18,16:28:41,15.25,100.0,20.0,24.688,121.766
74DA38F7C29C,2026-02-18,16:28:41,15.62,100.0,28.0,25.02,121.416
74DA38F20E6E,2026-02-18,16:28:45,13.12,91.0,0.0,24.41,120.902
74DA38F21024,2026-02-18,16:28:45,15.62,100.0,0.0,24.93,121.036
74DA38F7C566,2026-02-18,16:28:46,16.5,100.0,0.0,25.051,121.448
74DA38F7C560,2026-02-18,16:28:49,14.87,98.0,0.0,25.079,121.671
74DA38F7C4DE,2026-02-18,16:28:53,15.5,100.0,0.0,25.09,121.462
74DA38F20AE6,2026-02-18,16:28:56,24.87,100.0,15.0,22.63,120.348
74DA38F20DD0,2026-02-18,16:28:57,19.37,100.0,0.0,22.6080258,120.3229833
74DA38F20D6C,2026-02-18,16:28:59,20.75,74.0,0.0,22.661,120.301
74DA38F20A30,2026-02-18,16:29:03,15.0,84.0,0.0,24.948,121.372
74DA38F21054,2026-02-18,16:29:03,24.25,62.0,22.0,22.898,120.627
74DA38F209EE,2026-02-18,16:29:14,19.5,100.0,0.0,23.026,121.33
74DA38ED06E0,2026-02-18,16:29:18,18.62,91.0,0.0,23.601,121.521
74DA38F209B2,2026-02-18,16:29:20,20.5,100.0,0.0,22.363,120.599
74DA38F2118E,2026-02-18,16:29:22,11.87,100.0,59.0,26.148,119.935
74DA38F2104E,2026-02-18,16:29:27,19.37,100.0,36.0,23.108,120.7
74DA38F20D1E,2026-02-18,16:29:31,15.62,100.0,38.0,25.048,121.573
74DA38ED059C,2026-02-18,16:29:35,15.5,100.0,13.0,23.706,121.412
74DA38F20EB2,2026-02-18,16:29:35,11.12,100.0,29.0,24.324,120.835
74DA38F7C59C,2026-02-18,16:29:38,15.37,76.0,37.0,25.103,121.487
74DA38F21048,2026-02-18,16:29:43,20.0,100.0,40.0,22.595,120.341
74DA38ED05B6,2026-02-18,16:29:46,16.0,100.0,25.0,23.43,121.348
74DA38F210E4,2026-02-18,16:29:48,17.62,100.0,18.0,23.24,120.696
74DA38F7C464,2026-02-18,16:29:51,13.62,32.0,6.0,25.006,121.413
74DA38F7C4CC,2026-02-18,16:29:51,14.62,100.0,21.0,25.062,121.451
74DA38F7C524,2026-02-18,16:30:02,13.5,100.0,66.0,25.002,121.552
74DA38F20D1A,2026-02-18,16:30:04,15.75,86.0,0.0,25.078,121.541
74DA38F21136,2026-02-18,16:30:09,15.37,100.0,22.0,25.119,121.505
74DA38F209A8,2026-02-18,16:30:10,-4.0,0.0,1.0,22.401,120.577
74DA38F20BD0,2026-02-18,16:30:10,-4.0,0.0,31.0,22.688,120.408
74DA38F7C5BE,2026-02-18,16:30:12,15.75,80.0,34.0,25.092,121.523
74DA38F20B88,2026-02-18,16:30:26,17.87,100.0,0.0,22.75,120.316
74DA38ED0630,2026-02-18,16:30:34,18.25,100.0,0.0,23.994,121.594
74DA38F7C39A,2026-02-18,16:30:35,15.37,100.0,0.0,25.002,121.414
74DA38F7C5E6,2026-02-18,16:30:36,15.75,100.0,20.0,25.107,121.843
74DA38F20E9E,2026-02-18,16:30:42,14.75,100.0,21.0,24.648,121.151
74DA38F20B5C,2026-02-18,16:30:45,-4.0,0.0,42.0,22.798,120.293
74DA38F20BE4,2026-02-18,16:30:45,14.12,100.0,40.0,24.791,120.957
74DA38F7C63C,2026-02-18,16:30:50,85.25,100.0,21.0,24.998,121.425
74DA38F7C3D6,2026-02-18,16:31:02,15.62,100.0,0.0,25.045,121.541
74DA38F2113E,2026-02-18,16:31:04,-4.0,0.0,8.0,22.728,120.313
74DA38F210A2,2026-02-18,16:31:11,15.37,100.0,9.0,25.12,121.466
74DA38F20B82,2026-02-18,16:31:16,-4.0,0.0,3.0,22.847,120.465
74DA38F7C366,2026-02-18,16:31:16,15.37,100.0,18.0,25.002,121.516
74DA38F7C37C,2026-02-18,16:31:17,13.12,100.0,0.0,25.111,121.856
74DA38F7C3DE,2026-02-18,16:31:23,15.75,100.0,305.0,24.972,121.537
74DA38F20D2A,2026-02-18,16:31:28,15.75,71.0,0.0,25.048,121.573
74DA38F207DE,2026-02-18,16:31:35,18.87,100.0,45.0,22.603,120.34
74DA38F7C570,2026-02-18,16:31:36,15.25,100.0,0.0,25.239,121.63
74DA38F209F8,2026-02-18,16:31:48,16.25,100.0,15.0,23.157,121.4
74DA38F210F6,2026-02-18,16:31:52,19.62,100.0,9.0,22.757426,121.158891
74DA38F20C26,2026-02-18,16:31:53,20.25,72.0,36.0,22.676,120.342
74DA38F7C514,2026-02-18,16:32:11,15.5,98.0,31.0,25.051,121.518
74DA38F7C47E,2026-02-18,16:32:21,15.0,100.0,39.0,25.053963,121.427681
74DA38F7C30C,2026-02-18,16:32:25,15.37,94.0,0.0,24.975,121.532
74DA38F21204,2026-02-18,16:32:26,20.5,100.0,4.0,25.062,121.451
74DA38F20D2E,2026-02-18,16:32:29,15.62,100.0,0.0,25.06,121.545
74DA38F7C40C,2026-02-18,16:32:30,14.87,100.0,0.0,24.995,121.52
74DA38F20B26,2026-02-18,16:32:39,19.62,100.0,36.0,22.783,120.247
74DA38F7C3BA,2026-02-18,16:32:43,118.87,46.0,138.0,25.174,121.441
74DA38F7C616,2026-02-18,16:32:51,15.5,100.0,0.0,25.031,121.563
74DA38F7C3B2,2026-02-18,16:32:56,18.75,65.0,16.0,24.929,121.378
74DA38F20E34,2026-02-18,16:33:01,20.75,70.0,30.0,22.586,120.313
74DA38F7C338,2026-02-18,16:33:03,18.0,91.0,27.0,25.011,121.458
74DA38F7C600,2026-02-18,16:33:03,20.75,54.0,20.0,25.07,121.586
74DA38F209A4,2026-02-18,16:33:07,18.62,100.0,0.0,22.702,120.572
74DA38F20BCA,2026-02-18,16:33:09,14.75,99.0,1.0,25.079,121.58
74DA38F7C3DC,2026-02-18,16:33:12,14.5,100.0,36.0,25.003,121.539
74DA38F7C53C,2026-02-18,16:33:15,14.25,100.0,0.0,25.11,121.804
74DA38F20DC0,2026-02-18,16:33:20,18.12,100.0,13.0,22.711,120.295
74DA38F7C5CE,2026-02-18,16:33:32,14.75,88.0,0.0,25.066,121.656
74DA38F20AAA,2026-02-18,16:33:33,13.87,100.0,16.0,24.6,120.999
74DA38F20F0A,2026-02-18,16:33:43,20.0,100.0,35.0,22.995,120.635
74DA38F20B80,2026-02-18,16:33:45,18.12,100.0,1.0,22.599,120.35
74DA38F20C22,2026-02-18,16:33:46,19.12,100.0,2.0,22.729,120.357
74DA38F7C27E,2026-02-18,16:33:52,15.87,92.0,34.0,25.053,121.444
74DA38F20A78,2026-02-18,16:33:56,15.75,100.0,9.0,22.904,121.124
74DA38F7C562,2026-02-18,16:34:11,14.12,100.0,31.0,25.021,121.418
74DA38F20DE0,2026-02-18,16:34:12,21.5,99.0,0.0,22.589,120.328
74DA38F7C47C,2026-02-18,16:34:13,15.87,97.0,0.0,25.055,121.455
74DA38F20D16,2026-02-18,16:34:15,16.0,100.0,38.0,25.062,121.526
74DA38F20D70,2026-02-18,16:34:15,16.25,100.0,2.0,23.05,121.164
74DA38ED05EA,2026-02-18,16:34:21,16.62,100.0,29.0,23.394,121.357
74DA38ED0640,2026-02-18,16:34:22,14.5,100.0,8.0,23.154,121.266
74DA38F20AA4,2026-02-18,16:34:22,23.75,85.0,27.0,22.685,120.492
74DA38F209DE,2026-02-18,16:34:28,15.87,100.0,0.0,24.861,120.964
74DA38F20D4C,2026-02-18,16:34:28,18.12,100.0,0.0,22.971,121.303
74DA38F7C30E,2026-02-18,16:34:29,14.75,100.0,26.0,24.949,121.382
74DA38F20976,2026-02-18,16:34:32,15.62,88.0,32.0,25.127,121.746
74DA38F7C41E,2026-02-18,16:34:47,16.5,74.0,29.0,25.054,121.517
74DA38ED04F2,2026-02-18,16:34:48,16.37,100.0,11.0,23.468,121.496
74DA38F7C610,2026-02-18,16:34:50,17.25,79.0,31.0,25.063,121.564
74DA38F20E6E,2026-02-18,16:34:53,13.12,91.0,0.0,24.41,120.902
74DA38F208E2,2026-02-18,16:34:56,15.12,100.0,23.0,24.688,121.766
74DA38F7C29C,2026-02-18,16:34:57,15.5,100.0,28.0,25.02,121.416
74DA38F21088,2026-02-18,16:35:05,14.75,100.0,1.0,25.068,121.588
74DA38F20AE6,2026-02-18,16:35:09,24.87,100.0,16.0,22.63,120.348
74DA38F21054,2026-02-18,16:35:15,24.25,62.0,21.0,22.898,120.627
74DA38F21024,2026-02-18,16:35:19,15.62,100.0,0.0,24.93,121.036
74DA38F7C31C,2026-02-18,16:35:19,14.5,100.0,6.0,24.93,121.372
74DA38F7C260,2026-02-18,16:35:22,14.87,100.0,0.0,25.065,121.425
74DA38F7C566,2026-02-18,16:35:22,16.5,100.0,0.0,25.051,121.448
74DA38F7C560,2026-02-18,16:35:24,14.75,96.0,0.0,25.079,121.671
74DA38F209EE,2026-02-18,16:35:26,19.37,100.0,0.0,23.026,121.33
74DA38ED06E0,2026-02-18,16:35:29,18.62,91.0,0.0,23.601,121.521
74DA38F20DD0,2026-02-18,16:35:31,19.37,100.0,0.0,22.6080258,120.3229833
74DA38F7C4DE,2026-02-18,16:35:37,15.5,100.0,0.0,25.09,121.462
74DA38F2104E,2026-02-18,16:35:48,19.25,100.0,37.0,23.108,120.7
74DA38F20D1E,2026-02-18,16:35:49,15.62,100.0,39.0,25.048,121.573
74DA38ED059C,2026-02-18,16:35:53,15.5,100.0,13.0,23.706,121.412
74DA38F209B2,2026-02-18,16:35:54,20.62,100.0,0.0,22.363,120.599
74DA38F20EB2,2026-02-18,16:35:54,11.25,100.0,30.0,24.324,120.835
74DA38F7C59C,2026-02-18,16:35:55,15.37,76.0,37.0,25.103,121.487
74DA38ED05B6,2026-02-18,16:36:02,15.87,100.0,25.0,23.43,121.348
74DA38F210E4,2026-02-18,16:36:05,17.5,100.0,18.0,23.24,120.696
74DA38F2118E,2026-02-18,16:36:07,12.0,100.0,59.0,26.148,119.935
74DA38F7C4CC,2026-02-18,16:36:08,14.62,100.0,21.0,25.062,121.451
74DA38F21048,2026-02-18,16:36:21,19.75,100.0,41.0,22.595,120.341
74DA38F21136,2026-02-18,16:36:24,15.37,99.0,22.0,25.119,121.505
74DA38F7C464,2026-02-18,16:36:30,13.62,32.0,6.0,25.006,121.413
74DA38F7C5BE,2026-02-18,16:36:31,15.87,79.0,34.0,25.092,121.523
74DA38F20D1A,2026-02-18,16:36:38,15.75,86.0,0.0,25.078,121.541
74DA38F7C524,2026-02-18,16:36:45,13.5,100.0,67.0,25.002,121.552
74DA38F20E9E,2026-02-18,16:36:58,14.75,100.0,25.0,24.648,121.151
74DA38F7C5E6,2026-02-18,16:37:00,15.75,100.0,20.0,25.107,121.843
74DA38F20B88,2026-02-18,16:37:02,17.62,100.0,0.0,22.75,120.316
74DA38F20BE4,2026-02-18,16:37:03,14.12,100.0,40.0,24.791,120.957
74DA38F7C63C,2026-02-18,16:37:04,85.25,100.0,21.0,24.998,121.425
74DA38F7C39A,2026-02-18,16:37:11,15.37,100.0,1.0,25.002,121.414
74DA38ED0630,2026-02-18,16:37:14,18.25,100.0,0.0,23.994,121.594
74DA38F210A2,2026-02-18,16:37:24,15.5,100.0,9.0,25.12,121.466
74DA38F7C3DE,2026-02-18,16:37:25,15.75,100.0,322.0,24.972,121.537
74DA38F7C366,2026-02-18,16:37:30,15.37,100.0,17.0,25.002,121.516
74DA38F7C3D6,2026-02-18,16:37:36,15.75,100.0,0.0,25.045,121.541
74DA38F207DE,2026-02-18,16:37:52,18.87,100.0,45.0,22.603,120.34
74DA38F7C37C,2026-02-18,16:37:54,13.25,100.0,0.0,25.111,121.856
74DA38F210F6,2026-02-18,16:38:04,19.37,100.0,9.0,22.757426,121.158891
74DA38F20D2A,2026-02-18,16:38:05,16.0,70.0,1.0,25.048,121.573
74DA38F7C570,2026-02-18,16:38:10,15.25,100.0,0.0,25.239,121.63
74DA38F20C26,2026-02-18,16:38:15,20.37,72.0,35.0,22.676,120.342
74DA38F209F8,2026-02-18,16:38:23,16.25,100.0,11.0,23.157,121.4
74DA38F7C514,2026-02-18,16:38:29,15.62,98.0,31.0,25.051,121.518
74DA38F2113E,2026-02-18,16:38:30,-4.0,0.0,7.0,22.728,120.313
74DA38F21204,2026-02-18,16:38:42,20.5,100.0,4.0,25.062,121.451
74DA38F7C30C,2026-02-18,16:38:42,15.37,94.0,0.0,24.975,121.532
74DA38F7C47E,2026-02-18,16:38:42,15.0,100.0,39.0,25.053963,121.427681
74DA38F7C40C,2026-02-18,16:38:44,14.87,100.0,0.0,24.995,121.52
74DA38F7C3BA,2026-02-18,16:38:52,118.87,46.0,131.0,25.174,121.441
74DA38F20902,2026-02-18,16:39:05,19.62,100.0,1.0,22.204,120.7
74DA38F20D2E,2026-02-18,16:39:05,15.5,100.0,1.0,25.06,121.545
74DA38F7C3B2,2026-02-18,16:39:11,18.75,65.0,17.0,24.929,121.378
74DA38F7C616,2026-02-18,16:39:11,15.62,100.0,0.0,25.031,121.563
74DA38F7C600,2026-02-18,16:39:17,20.87,54.0,21.0,25.07,121.586
74DA38F20E34,2026-02-18,16:39:22,20.5,70.0,30.0,22.586,120.313
74DA38F7C3DC,2026-02-18,16:39:29,14.37,100.0,37.0,25.003,121.539
74DA38F20B26,2026-02-18,16:39:37,19.75,100.0,37.0,22.783,120.247
74DA38F209A4,2026-02-18,16:39:43,18.5,100.0,0.0,22.702,120.572
74DA38F20BCA,2026-02-18,16:39:46,14.75,99.0,0.0,25.079,121.58
74DA38F7C53C,2026-02-18,16:39:48,14.12,100.0,0.0,25.11,121.804
74DA38F20AAA,2026-02-18,16:39:49,13.87,100.0,17.0,24.6,120.999
74DA38F209A8,2026-02-18,16:39:52,-4.0,0.0,0.0,22.401,120.577
74DA38F20DC0,2026-02-18,16:39:53,18.0,100.0,6.0,22.711,120.295
74DA38F7C5CE,2026-02-18,16:40:06,14.87,88.0,0.0,25.066,121.656
74DA38F20A78,2026-02-18,16:40:08,15.75,100.0,10.0,22.904,121.124
74DA38F20F0A,2026-02-18,16:40:08,20.0,100.0,35.0,22.995,120.635
74DA38F7C27E,2026-02-18,16:40:12,15.87,92.0,35.0,25.053,121.444
74DA38F20B5C,2026-02-18,16:40:15,-4.0,0.0,43.0,22.798,120.293
74DA38ED0454,2026-02-18,16:40:18,18.25,100.0,25.0,24.053,121.599
74DA38F20B80,2026-02-18,16:40:19,18.0,100.0,3.0,22.599,120.35
74DA38F20D70,2026-02-18,16:40:27,16.25,100.0,1.0,23.05,121.164
74DA38F7C47C,2026-02-18,16:40:28,15.62,97.0,0.0,25.055,121.455
74DA38F7C562,2026-02-18,16:40:29,14.12,100.0,30.0,25.021,121.418
74DA38F20D16,2026-02-18,16:40:34,15.87,100.0,38.0,25.062,121.526
74DA38ED05EA,2026-02-18,16:40:36,16.62,100.0,24.0,23.394,121.357
74DA38ED0640,2026-02-18,16:40:36,14.62,100.0,7.0,23.154,121.266
74DA38F20AA4,2026-02-18,16:40:38,23.75,85.0,26.0,22.685,120.492
74DA38F20976,2026-02-18,16:40:47,15.62,88.0,32.0,25.127,121.746
74DA38F7C30E,2026-02-18,16:40:47,14.87,100.0,27.0,24.949,121.382
74DA38F20DE0,2026-02-18,16:40:49,21.5,99.0,1.0,22.589,120.328
74DA38F20B82,2026-02-18,16:40:55,-4.0,0.0,3.0,22.847,120.465
74DA38F20BD0,2026-02-18,16:41:00,-4.0,0.0,31.0,22.688,120.408
74DA38F20D4C,2026-02-18,16:41:01,18.12,100.0,0.0,22.971,121.303
74DA38F20E6E,2026-02-18,16:41:01,13.25,91.0,0.0,24.41,120.902
74DA38F209DE,2026-02-18,16:41:02,15.62,100.0,2.0,24.861,120.964
74DA38F7C41E,2026-02-18,16:41:04,16.37,74.0,29.0,25.054,121.517
74DA38ED04F2,2026-02-18,16:41:08,16.37,100.0,21.0,23.468,121.496
74DA38F208E2,2026-02-18,16:41:09,15.12,100.0,24.0,24.688,121.766
74DA38F7C610,2026-02-18,16:41:09,17.25,79.0,31.0,25.063,121.564
74DA38F7C29C,2026-02-18,16:41:14,15.5,100.0,28.0,25.02,121.416
74DA38F20AE6,2026-02-18,16:41:24,24.87,100.0,16.0,22.63,120.348
74DA38F21054,2026-02-18,16:41:29,24.25,62.0,22.0,22.898,120.627
74DA38F209EE,2026-02-18,16:41:37,19.37,100.0,0.0,23.026,121.33
74DA38F21088,2026-02-18,16:41:41,14.75,100.0,2.0,25.068,121.588
74DA38ED06E0,2026-02-18,16:41:47,18.62,92.0,0.0,23.601,121.521
74DA38F21024,2026-02-18,16:41:54,15.62,100.0,0.0,24.93,121.036
74DA38F7C566,2026-02-18,16:41:56,16.5,100.0,0.0,25.051,121.448
74DA38F7C31C,2026-02-18,16:41:57,14.5,100.0,7.0,24.93,121.372
74DA38F7C4DE,2026-02-18,16:41:57,15.37,100.0,0.0,25.09,121.462
74DA38F7C560,2026-02-18,16:42:00,14.75,98.0,0.0,25.079,121.671
74DA38F20DD0,2026-02-18,16:42:07,19.12,100.0,1.0,22.6080258,120.3229833
74DA38ED059C,2026-02-18,16:42:08,15.5,100.0,12.0,23.706,121.412
74DA38F20D1E,2026-02-18,16:42:08,15.75,100.0,40.0,25.048,121.573
74DA38F2104E,2026-02-18,16:42:10,19.12,100.0,40.0,23.108,120.7
74DA38F7C59C,2026-02-18,16:42:11,15.37,76.0,36.0,25.103,121.487
74DA38F7C260,2026-02-18,16:42:14,14.87,100.0,0.0,25.065,121.425
74DA38F7C4CC,2026-02-18,16:42:24,14.87,100.0,22.0,25.062,121.451
74DA38F209B2,2026-02-18,16:42:29,20.5,100.0,0.0,22.363,120.599
74DA38F21136,2026-02-18,16:42:38,15.37,100.0,21.0,25.119,121.505
74DA38F20A30,2026-02-18,16:42:46,15.12,84.0,0.0,24.948,121.372
74DA38F7C5BE,2026-02-18,16:42:50,15.87,79.0,32.0,25.092,121.523
74DA38F2118E,2026-02-18,16:42:52,12.0,100.0,59.0,26.148,119.935
74DA38F21048,2026-02-18,16:43:02,19.75,100.0,41.0,22.595,120.341
74DA38F7C464,2026-02-18,16:43:11,13.75,32.0,1.0,25.006,121.413
74DA38F20D1A,2026-02-18,16:43:14,15.75,85.0,0.0,25.078,121.541
74DA38F20E9E,2026-02-18,16:43:15,14.87,100.0,26.0,24.648,121.151
74DA38F20BE4,2026-02-18,16:43:21,14.25,100.0,39.0,24.791,120.957
74DA38F7C63C,2026-02-18,16:43:21,85.25,100.0,22.0,24.998,121.425
74DA38F7C5E6,2026-02-18,16:43:22,15.75,100.0,21.0,25.107,121.843
74DA38F7C524,2026-02-18,16:43:27,13.5,100.0,66.0,25.002,121.552
74DA38F7C3DE,2026-02-18,16:43:28,15.87,100.0,305.0,24.972,121.537
74DA38F20B88,2026-02-18,16:43:37,17.5,100.0,0.0,22.75,120.316
74DA38F210A2,2026-02-18,16:43:37,15.5,100.0,8.0,25.12,121.466
74DA38F7C366,2026-02-18,16:43:46,15.25,100.0,17.0,25.002,121.516
74DA38F7C39A,2026-02-18,16:43:49,15.37,100.0,2.0,25.002,121.414
74DA38ED0630,2026-02-18,16:43:52,18.37,100.0,0.0,23.994,121.594
74DA38F207DE,2026-02-18,16:44:10,18.87,100.0,47.0,22.603,120.34
74DA38F7C3D6,2026-02-18,16:44:11,15.75,100.0,0.0,25.045,121.541
74DA38F210F6,2026-02-18,16:44:15,19.25,100.0,10.0,22.757426,121.158891
74DA38F7C37C,2026-02-18,16:44:29,13.12,100.0,0.0,25.111,121.856
74DA38F20C26,2026-02-18,16:44:34,20.75,71.0,33.0,22.676,120.342
74DA38F20D2A,2026-02-18,16:44:39,16.0,70.0,0.0,25.048,121.573
74DA38F7C570,2026-02-18,16:44:45,15.37,100.0,0.0,25.239,121.63
74DA38F7C514,2026-02-18,16:44:48,15.62,98.0,31.0,25.051,121.518
74DA38F21204,2026-02-18,16:44:55,20.5,100.0,2.0,25.062,121.451
74DA38F7C30C,2026-02-18,16:44:56,15.37,94.0,0.0,24.975,121.532
74DA38F7C3BA,2026-02-18,16:44:57,118.87,46.0,130.0,25.174,121.441
74DA38F7C40C,2026-02-18,16:44:57,15.0,100.0,0.0,24.995,121.52
74DA38F209F8,2026-02-18,16:44:59,16.37,100.0,13.0,23.157,121.4
74DA38F7C47E,2026-02-18,16:45:03,15.0,100.0,38.0,25.053963,121.427681
74DA38F20902,2026-02-18,16:45:25,19.62,100.0,0.0,22.204,120.7
74DA38F7C616,2026-02-18,16:45:26,15.75,100.0,0.0,25.031,121.563
74DA38F7C3B2,2026-02-18,16:45:27,18.75,65.0,16.0,24.929,121.378
74DA38F7C600,2026-02-18,16:45:30,21.0,54.0,21.0,25.07,121.586
74DA38F20E34,2026-02-18,16:45:40,20.5,70.0,30.0,22.586,120.313
74DA38F20D2E,2026-02-18,16:45:41,15.5,100.0,0.0,25.06,121.545
74DA38F7C3DC,2026-02-18,16:45:47,14.5,100.0,38.0,25.003,121.539
74DA38F2113E,2026-02-18,16:46:05,-4.0,0.0,6.0,22.728,120.313
74DA38F20AAA,2026-02-18,16:46:12,13.87,100.0,16.0,24.6,120.999
74DA38F209A4,2026-02-18,16:46:24,18.5,100.0,0.0,22.702,120.572
74DA38F20BCA,2026-02-18,16:46:27,14.87,99.0,0.0,25.079,121.58
74DA38F20A78,2026-02-18,16:46:31,15.5,100.0,10.0,22.904,121.124
74DA38F7C53C,2026-02-18,16:46:31,14.12,100.0,0.0,25.11,121.804
74DA38F20DC0,2026-02-18,16:46:36,18.12,100.0,8.0,22.711,120.295
74DA38F7C27E,2026-02-18,16:46:36,15.87,92.0,34.0,25.053,121.444
74DA38F20F0A,2026-02-18,16:46:38,20.0,100.0,34.0,22.995,120.635
74DA38F20D70,2026-02-18,16:46:46,16.25,100.0,1.0,23.05,121.164
74DA38F7C5CE,2026-02-18,16:46:48,14.87,88.0,0.0,25.066,121.656
74DA38F7C47C,2026-02-18,16:46:49,15.62,97.0,0.0,25.055,121.455
74DA38ED0640,2026-02-18,16:46:53,14.75,100.0,7.0,23.154,121.266
74DA38ED05EA,2026-02-18,16:46:54,16.5,100.0,21.0,23.394,121.357
74DA38F20D16,2026-02-18,16:46:56,16.0,100.0,37.0,25.062,121.526
74DA38F20AA4,2026-02-18,16:46:57,23.75,86.0,27.0,22.685,120.492
74DA38F20B80,2026-02-18,16:46:57,18.12,100.0,1.0,22.599,120.35
74DA38F7C30E,2026-02-18,16:47:02,15.0,100.0,25.0,24.949,121.382
74DA38F20976,2026-02-18,16:47:04,15.62,88.0,32.0,25.127,121.746
74DA38F7C562,2026-02-18,16:47:07,13.87,100.0,31.0,25.021,121.418
74DA38F20C22,2026-02-18,16:47:08,18.62,100.0,2.0,22.729,120.357
74DA38F20E6E,2026-02-18,16:47:10,13.25,92.0,0.0,24.41,120.902
74DA38F7C41E,2026-02-18,16:47:20,16.5,74.0,30.0,25.054,121.517
74DA38F208E2,2026-02-18,16:47:25,15.12,100.0,18.0,24.688,121.766
74DA38F20DE0,2026-02-18,16:47:25,21.62,99.0,1.0,22.589,120.328
74DA38F7C610,2026-02-18,16:47:27,17.25,79.0,30.0,25.063,121.564
74DA38ED04F2,2026-02-18,16:47:29,16.5,100.0,15.0,23.468,121.496
74DA38F7C29C,2026-02-18,16:47:30,15.62,100.0,28.0,25.02,121.416
74DA38F20D4C,2026-02-18,16:47:35,18.12,100.0,0.0,22.971,121.303
74DA38F209DE,2026-02-18,16:47:37,15.87,100.0,0.0,24.861,120.964
74DA38F20AE6,2026-02-18,16:47:38,24.87,100.0,16.0,22.63,120.348
74DA38F21054,2026-02-18,16:47:42,24.25,62.0,21.0,22.898,120.627
74DA38F209EE,2026-02-18,16:47:48,19.25,100.0,0.0,23.026,121.33
74DA38ED06E0,2026-02-18,16:48:05,18.5,92.0,0.0,23.601,121.521
74DA38F21088,2026-02-18,16:48:16,14.87,100.0,2.0,25.068,121.588
74DA38F7C4DE,2026-02-18,16:48:16,15.25,100.0,0.0,25.09,121.462
74DA38ED059C,2026-02-18,16:48:22,15.37,100.0,18.0,23.706,121.412
74DA38F7C59C,2026-02-18,16:48:26,15.37,75.0,35.0,25.103,121.487
74DA38ED05B6,2026-02-18,16:48:29,15.75,100.0,25.0,23.43,121.348
74DA38F20D1E,2026-02-18,16:48:29,15.62,100.0,40.0,25.048,121.573
74DA38F21024,2026-02-18,16:48:29,15.5,100.0,0.0,24.93,121.036
74DA38F20EB2,2026-02-18,16:48:30,11.62,100.0,30.0,24.324,120.835
74DA38F7C566,2026-02-18,16:48:31,16.5,100.0,0.0,25.051,121.448
74DA38F2104E,2026-02-18,16:48:33,19.25,100.0,40.0,23.108,120.7
74DA38F7C31C,2026-02-18,16:48:34,14.5,100.0,5.0,24.93,121.372
74DA38F7C560,2026-02-18,16:48:36,14.87,100.0,0.0,25.079,121.671
74DA38F20DD0,2026-02-18,16:48:42,19.37,100.0,1.0,22.6080258,120.3229833
74DA38F7C260,2026-02-18,16:48:48,14.87,100.0,0.0,25.065,121.425
74DA38F21136,2026-02-18,16:48:52,15.37,100.0,21.0,25.119,121.505
74DA38F209B2,2026-02-18,16:49:03,20.37,100.0,0.0,22.363,120.599
74DA38F7C5BE,2026-02-18,16:49:11,15.87,79.0,33.0,25.092,121.523
74DA38F20A30,2026-02-18,16:49:20,15.12,84.0,0.0,24.948,121.372
74DA38F7C3DE,2026-02-18,16:49:29,15.87,100.0,309.0,24.972,121.537
74DA38F20E9E,2026-02-18,16:49:30,14.75,100.0,26.0,24.648,121.151
74DA38F2118E,2026-02-18,16:49:36,12.0,100.0,60.0,26.148,119.935
74DA38F7C63C,2026-02-18,16:49:36,85.25,100.0,21.0,24.998,121.425
74DA38F209A8,2026-02-18,16:49:38,-4.0,0.0,0.0,22.401,120.577
74DA38F7C5E6,2026-02-18,16:49:38,15.75,100.0,20.0,25.107,121.843
74DA38F20BE4,2026-02-18,16:49:41,14.25,100.0,39.0,24.791,120.957
74DA38F21048,2026-02-18,16:49:42,19.5,100.0,42.0,22.595,120.341
74DA38F20B5C,2026-02-18,16:49:47,-4.0,0.0,43.0,22.798,120.293
74DA38F20D1A,2026-02-18,16:49:50,15.75,85.0,0.0,25.078,121.541
74DA38F7C464,2026-02-18,16:49:50,13.75,32.0,4.0,25.006,121.413
74DA38F210A2,2026-02-18,16:49:52,15.5,100.0,8.0,25.12,121.466
74DA38F7C366,2026-02-18,16:50:01,15.25,100.0,17.0,25.002,121.516
74DA38F7C524,2026-02-18,16:50:09,13.5,100.0,66.0,25.002,121.552
74DA38F20B88,2026-02-18,16:50:18,17.5,100.0,0.0,22.75,120.316
74DA38F7C39A,2026-02-18,16:50:31,15.37,100.0,0.0,25.002,121.414
74DA38F210F6,2026-02-18,16:50:32,19.25,100.0,10.0,22.757426,121.158891
74DA38F207DE,2026-02-18,16:50:33,18.87,100.0,46.0,22.603,120.34
74DA38ED0630,2026-02-18,16:50:34,18.12,100.0,0.0,23.994,121.594
74DA38F20B82,2026-02-18,16:50:41,-4.0,0.0,3.0,22.847,120.465
74DA38F7C3D6,2026-02-18,16:50:52,15.75,100.0,0.0,25.045,121.541
74DA38F20C26,2026-02-18,16:51:06,20.87,70.0,33.0,22.676,120.342
74DA38F7C37C,2026-02-18,16:51:09,13.12,100.0,1.0,25.111,121.856
74DA38F7C3BA,2026-02-18,16:51:09,118.87,46.0,131.0,25.174,121.441
74DA38F7C514,2026-02-18,16:51:10,15.62,98.0,30.0,25.051,121.518
74DA38F21204,2026-02-18,16:51:11,20.5,100.0,3.0,25.062,121.451
74DA38F7C30C,2026-02-18,16:51:12,15.37,94.0,0.0,24.975,121.532
74DA38F7C40C,2026-02-18,16:51:13,15.12,100.0,0.0,24.995,121.52
74DA38F20D2A,2026-02-18,16:51:20,15.87,70.0,0.0,25.048,121.573
74DA38F7C570,2026-02-18,16:51:22,15.25,100.0,1.0,25.239,121.63
74DA38F7C47E,2026-02-18,16:51:24,15.25,100.0,39.0,25.053963,121.427681
74DA38F209F8,2026-02-18,16:51:34,16.25,100.0,9.0,23.157,121.4
74DA38F20902,2026-02-18,16:51:38,19.62,100.0,1.0,22.204,120.7
74DA38F7C616,2026-02-18,16:51:40,15.62,100.0,0.0,25.031,121.563
74DA38F7C3B2,2026-02-18,16:51:43,18.75,65.0,17.0,24.929,121.378
74DA38F7C600,2026-02-18,16:51:44,21.12,54.0,20.0,25.07,121.586
74DA38F20BD0,2026-02-18,16:51:46,-4.0,0.0,31.0,22.688,120.408
74DA38F20E34,2026-02-18,16:52:01,20.5,70.0,31.0,22.586,120.313
74DA38F7C3DC,2026-02-18,16:52:05,14.62,100.0,36.0,25.003,121.539
74DA38F20D2E,2026-02-18,16:52:16,15.5,100.0,0.0,25.06,121.545
74DA38F20AAA,2026-02-18,16:52:26,14.0,100.0,14.0,24.6,120.999
74DA38F20B26,2026-02-18,16:52:41,19.5,100.0,36.0,22.783,120.247
74DA38F20A78,2026-02-18,16:52:44,15.62,100.0,8.0,22.904,121.124
74DA38F7C27E,2026-02-18,16:52:54,15.87,92.0,34.0,25.053,121.444
74DA38F209A4,2026-02-18,16:53:00,18.37,100.0,0.0,22.702,120.572
74DA38F20D70,2026-02-18,16:53:02,16.37,100.0,1.0,23.05,121.164
74DA38F20F0A,2026-02-18,16:53:03,20.0,100.0,31.0,22.995,120.635
74DA38F20BCA,2026-02-18,16:53:04,14.75,99.0,1.0,25.079,121.58
74DA38F7C47C,2026-02-18,16:53:04,15.62,98.0,0.0,25.055,121.455
74DA38F7C53C,2026-02-18,16:53:05,14.12,100.0,0.0,25.11,121.804
74DA38ED05EA,2026-02-18,16:53:11,16.5,100.0,19.0,23.394,121.357
74DA38ED0640,2026-02-18,16:53:11,14.62,100.0,7.0,23.154,121.266
74DA38F20DC0,2026-02-18,16:53:12,18.0,100.0,7.0,22.711,120.295
74DA38F20AA4,2026-02-18,16:53:14,23.62,86.0,28.0,22.685,120.492
74DA38F20D16,2026-02-18,16:53:17,16.0,100.0,38.0,25.062,121.526
74DA38F7C30E,2026-02-18,16:53:17,15.0,100.0,27.0,24.949,121.382
74DA38F20E6E,2026-02-18,16:53:19,13.25,92.0,0.0,24.41,120.902
74DA38ED0454,2026-02-18,16:53:23,18.25,100.0,16.0,24.053,121.599
74DA38F7C5CE,2026-02-18,16:53:23,14.87,88.0,1.0,25.066,121.656
74DA38F20976,2026-02-18,16:53:27,15.75,87.0,31.0,25.127,121.746
74DA38F2113E,2026-02-18,16:53:30,-4.0,0.0,10.0,22.728,120.313
74DA38F20B80,2026-02-18,16:53:32,18.25,100.0,1.0,22.599,120.35
74DA38F208E2,2026-02-18,16:53:39,15.0,100.0,14.0,24.688,121.766
74DA38F7C41E,2026-02-18,16:53:40,16.5,74.0,29.0,25.054,121.517
74DA38F20C22,2026-02-18,16:53:46,18.62,100.0,2.0,22.729,120.357
74DA38F7C610,2026-02-18,16:53:46,17.25,79.0,31.0,25.063,121.564
74DA38F7C29C,2026-02-18,16:53:47,15.62,100.0,28.0,25.02,121.416
74DA38F7C562,2026-02-18,16:53:48,14.0,100.0,30.0,25.021,121.418
74DA38ED04F2,2026-02-18,16:53:51,16.75,100.0,36.0,23.468,121.496
74DA38F20AE6,2026-02-18,16:53:52,24.87,100.0,16.0,22.63,120.348
74DA38F21054,2026-02-18,16:53:56,24.25,62.0,22.0,22.898,120.627
74DA38F209EE,2026-02-18,16:54:01,19.37,100.0,0.0,23.026,121.33
74DA38F20DE0,2026-02-18,16:54:02,21.62,99.0,1.0,22.589,120.328
74DA38F20D4C,2026-02-18,16:54:09,18.12,100.0,0.0,22.971,121.303
74DA38F209DE,2026-02-18,16:54:12,16.0,100.0,2.0,24.861,120.964
74DA38ED06E0,2026-02-18,16:54:25,18.62,91.0,0.0,23.601,121.521
74DA38F7C4DE,2026-02-18,16:54:40,15.5,100.0,0.0,25.09,121.462
74DA38ED059C,2026-02-18,16:54:41,15.5,100.0,14.0,23.706,121.412
74DA38ED05B6,2026-02-18,16:54:49,15.75,100.0,26.0,23.43,121.348
74DA38F7C59C,2026-02-18,16:54:50,15.37,76.0,35.0,25.103,121.487
74DA38F210E4,2026-02-18,16:54:55,17.75,100.0,18.0,23.24,120.696
74DA38F21088,2026-02-18,16:54:57,14.75,100.0,1.0,25.068,121.588
74DA38F7C4CC,2026-02-18,16:55:00,14.75,100.0,23.0,25.062,121.451
74DA38F2104E,2026-02-18,16:55:01,19.25,100.0,40.0,23.108,120.7
74DA38F21024,2026-02-18,16:55:10,15.5,100.0,1.0,24.93,121.036
74DA38F7C566,2026-02-18,16:55:11,16.5,100.0,0.0,25.051,121.448
74DA38F21136,2026-02-18,16:55:15,15.37,100.0,20.0,25.119,121.505
74DA38F7C560,2026-02-18,16:55:16,14.87,100.0,0.0,25.079,121.671
74DA38F20EB2,2026-02-18,16:55:18,11.75,100.0,28.0,24.324,120.835
74DA38F7C31C,2026-02-18,16:55:19,14.62,100.0,4.0,24.93,121.372
74DA38F20DD0,2026-02-18,16:55:23,19.0,100.0,1.0,22.6080258,120.3229833
74DA38F7C260,2026-02-18,16:55:29,14.87,100.0,1.0,25.065,121.425
74DA38F7C3DE,2026-02-18,16:55:33,15.75,100.0,304.0,24.972,121.537
74DA38F7C5BE,2026-02-18,16:55:33,15.87,79.0,32.0,25.092,121.523
74DA38F209B2,2026-02-18,16:55:39,20.5,100.0,0.0,22.363,120.599
74DA38F20E9E,2026-02-18,16:55:46,14.75,100.0,25.0,24.648,121.151
74DA38F7C63C,2026-02-18,16:55:52,85.25,100.0,21.0,24.998,121.425
74DA38F7C5E6,2026-02-18,16:55:57,15.75,100.0,19.0,25.107,121.843
74DA38F20A30,2026-02-18,16:55:58,15.12,84.0,0.0,24.948,121.372
74DA38F20BE4,2026-02-18,16:55:59,14.25,100.0,39.0,24.791,120.957
74DA38F210A2,2026-02-18,16:56:05,15.37,100.0,8.0,25.12,121.466
74DA38F7C366,2026-02-18,16:56:15,15.25,100.0,17.0,25.002,121.516
74DA38F2118E,2026-02-18,16:56:18,12.0,100.0,59.0,26.148,119.935
74DA38F21048,2026-02-18,16:56:21,19.5,100.0,41.0,22.595,120.341
74DA38F20D1A,2026-02-18,16:56:26,15.87,85.0,0.0,25.078,121.541
74DA38F7C464,2026-02-18,16:56:34,13.75,31.0,4.0,25.006,121.413
74DA38F210F6,2026-02-18,16:56:43,19.12,100.0,10.0,22.757426,121.158891
74DA38F7C524,2026-02-18,16:56:51,13.5,100.0,66.0,25.002,121.552
74DA38F207DE,2026-02-18,16:56:52,18.87,100.0,47.0,22.603,120.34
74DA38F20B88,2026-02-18,16:56:55,17.62,100.0,0.0,22.75,120.316
74DA38F7C39A,2026-02-18,16:57:08,15.37,100.0,1.0,25.002,121.414
74DA38ED0630,2026-02-18,16:57:10,18.25,100.0,0.0,23.994,121.594
74DA38F7C3BA,2026-02-18,16:57:18,118.87,46.0,131.0,25.174,121.441
74DA38F20C26,2026-02-18,16:57:25,21.12,70.0,33.0,22.676,120.342
74DA38F7C30C,2026-02-18,16:57:27,15.37,94.0,0.0,24.975,121.532
74DA38F7C3D6,2026-02-18,16:57:27,15.75,100.0,0.0,25.045,121.541
74DA38F7C40C,2026-02-18,16:57:27,15.0,100.0,0.0,24.995,121.52
74DA38F7C514,2026-02-18,16:57:27,15.62,98.0,30.0,25.051,121.518
74DA38F21204,2026-02-18,16:57:29,20.5,100.0,2.0,25.062,121.451
74DA38F7C37C,2026-02-18,16:57:44,13.12,100.0,0.0,25.111,121.856
74DA38F7C47E,2026-02-18,16:57:44,15.25,100.0,38.0,25.053963,121.427681
74DA38F20902,2026-02-18,16:57:51,19.62,100.0,0.0,22.204,120.7
74DA38F7C616,2026-02-18,16:57:53,15.75,100.0,0.0,25.031,121.563
74DA38F7C570,2026-02-18,16:57:57,15.37,100.0,1.0,25.239,121.63
74DA38F20D2A,2026-02-18,16:57:58,15.87,71.0,0.0,25.048,121.573
74DA38F7C3B2,2026-02-18,16:57:58,18.75,65.0,16.0,24.929,121.378
74DA38F7C600,2026-02-18,16:57:59,21.25,54.0,20.0,25.07,121.586
74DA38F209F8,2026-02-18,16:58:08,16.37,100.0,9.0,23.157,121.4
74DA38F20E34,2026-02-18,16:58:21,20.37,70.0,33.0,22.586,120.313
74DA38F7C3DC,2026-02-18,16:58:24,14.75,100.0,39.0,25.003,121.539
74DA38F20AAA,2026-02-18,16:58:47,13.87,100.0,15.0,24.6,120.999
74DA38F20D2E,2026-02-18,16:58:54,15.5,100.0,0.0,25.06,121.545
74DA38F20A78,2026-02-18,16:59:01,15.62,100.0,8.0,22.904,121.124
74DA38F20B26,2026-02-18,16:59:10,19.62,100.0,37.0,22.783,120.247
74DA38F7C27E,2026-02-18,16:59:15,15.87,92.0,34.0,25.053,121.444
74DA38F20D70,2026-02-18,16:59:19,16.12,100.0,1.0,23.05,121.164
74DA38F20B5C,2026-02-18,16:59:24,-4.0,0.0,42.0,22.798,120.293
74DA38F7C47C,2026-02-18,16:59:24,15.62,98.0,0.0,25.055,121.455
74DA38F209A8,2026-02-18,16:59:30,-4.0,0.0,0.0,22.401,120.577
74DA38F20E6E,2026-02-18,16:59:32,13.37,91.0,0.0,24.41,120.902
74DA38ED05EA,2026-02-18,16:59:34,16.5,100.0,19.0,23.394,121.357
74DA38ED0640,2026-02-18,16:59:34,14.5,100.0,7.0,23.154,121.266
74DA38F20F0A,2026-02-18,16:59:34,20.0,100.0,28.0,22.995,120.635
74DA38F7C30E,2026-02-18,16:59:35,14.87,100.0,26.0,24.949,121.382
74DA38F209A4,2026-02-18,16:59:37,18.37,100.0,0.0,22.702,120.572
74DA38ED0454,2026-02-18,16:59:38,18.25,100.0,15.0,24.053,121.599
74DA38F20AA4,2026-02-18,16:59:39,23.62,86.0,27.0,22.685,120.492
74DA38F20D16,2026-02-18,16:59:40,16.0,100.0,38.0,25.062,121.526
74DA38F7C53C,2026-02-18,16:59:41,14.12,100.0,0.0,25.11,121.804
74DA38F20BCA,2026-02-18,16:59:42,14.75,99.0,1.0,25.079,121.58
74DA38F20976,2026-02-18,16:59:48,15.62,88.0,31.0,25.127,121.746
74DA38F208E2,2026-02-18,16:59:52,14.75,100.0,13.0,24.688,121.766
74DA38F20DC0,2026-02-18,16:59:58,17.87,100.0,5.0,22.711,120.295
74DA38F7C41E,2026-02-18,16:59:59,16.62,74.0,29.0,25.054,121.517
74DA38F7C5CE,2026-02-18,16:59:59,14.87,88.0,1.0,25.066,121.656
74DA38F7C29C,2026-02-18,17:00:03,15.75,100.0,29.0,25.02,121.416
74DA38F7C610,2026-02-18,17:00:04,17.25,79.0,30.0,25.063,121.564
74DA38F7C338,2026-02-18,17:00:05,17.87,91.0,27.0,25.011,121.458
74DA38F20AE6,2026-02-18,17:00:06,24.87,100.0,16.0,22.63,120.348
74DA38F20B80,2026-02-18,17:00:07,18.25,100.0,1.0,22.599,120.35
74DA38ED04F2,2026-02-18,17:00:08,16.75,100.0,21.0,23.468,121.496
74DA38F21054,2026-02-18,17:00:09,24.25,62.0,23.0,22.898,120.627
74DA38F209EE,2026-02-18,17:00:13,19.5,100.0,0.0,23.026,121.33
74DA38F20B82,2026-02-18,17:00:18,-4.0,0.0,4.0,22.847,120.465
74DA38F7C562,2026-02-18,17:00:20,14.12,100.0,31.0,25.021,121.418
74DA38F20C22,2026-02-18,17:00:21,19.12,100.0,3.0,22.729,120.357
74DA38F20DE0,2026-02-18,17:00:40,21.62,98.0,2.0,22.589,120.328
74DA38ED06E0,2026-02-18,17:00:43,18.62,91.0,0.0,23.601,121.521
74DA38F20D4C,2026-02-18,17:00:44,18.0,100.0,0.0,22.971,121.303
74DA38F209DE,2026-02-18,17:00:48,16.0,100.0,2.0,24.861,120.964
74DA38ED059C,2026-02-18,17:00:54,15.62,100.0,13.0,23.706,121.412
74DA38F2113E,2026-02-18,17:00:57,-4.0,0.0,9.0,22.728,120.313
74DA38F7C59C,2026-02-18,17:01:08,15.37,76.0,35.0,25.103,121.487
74DA38F20D1E,2026-02-18,17:01:11,15.75,100.0,39.0,25.048,121.573
74DA38F210E4,2026-02-18,17:01:11,17.87,100.0,19.0,23.24,120.696
74DA38F7C4CC,2026-02-18,17:01:16,14.75,100.0,21.0,25.062,121.451
74DA38F2104E,2026-02-18,17:01:26,19.5,100.0,37.0,23.108,120.7
74DA38ED05B6,2026-02-18,17:01:27,15.62,100.0,25.0,23.43,121.348
74DA38F21136,2026-02-18,17:01:30,15.25,99.0,19.0,25.119,121.505
74DA38F21088,2026-02-18,17:01:32,14.87,100.0,2.0,25.068,121.588
74DA38F7C3DE,2026-02-18,17:01:36,15.87,100.0,324.0,24.972,121.537
74DA38F20EB2,2026-02-18,17:01:37,11.75,100.0,30.0,24.324,120.835
74DA38F21024,2026-02-18,17:01:43,15.62,100.0,0.0,24.93,121.036
74DA38F7C566,2026-02-18,17:01:47,16.5,100.0,0.0,25.051,121.448
74DA38F7C560,2026-02-18,17:01:52,14.87,100.0,1.0,25.079,121.671
74DA38F7C5BE,2026-02-18,17:01:54,16.0,79.0,31.0,25.092,121.523
74DA38F7C31C,2026-02-18,17:01:58,14.62,100.0,7.0,24.93,121.372
74DA38F20E9E,2026-02-18,17:02:00,14.75,100.0,23.0,24.648,121.151
74DA38F20DD0,2026-02-18,17:02:03,19.0,100.0,1.0,22.6080258,120.3229833
74DA38F7C260,2026-02-18,17:02:07,14.87,100.0,0.0,25.065,121.425
74DA38F7C63C,2026-02-18,17:02:07,85.25,100.0,22.0,24.998,121.425
74DA38F209B2,2026-02-18,17:02:12,20.5,100.0,0.0,22.363,120.599
74DA38F7C5E6,2026-02-18,17:02:13,15.62,100.0,19.0,25.107,121.843
74DA38F20BE4,2026-02-18,17:02:14,14.37,100.0,39.0,24.791,120.957
74DA38F210A2,2026-02-18,17:02:18,15.25,100.0,7.0,25.12,121.466
74DA38F20BD0,2026-02-18,17:02:26,-4.0,0.0,30.0,22.688,120.408
74DA38F7C366,2026-02-18,17:02:30,15.25,100.0,17.0,25.002,121.516
74DA38F20A30,2026-02-18,17:02:35,15.12,84.0,0.0,24.948,121.372
74DA38F210F6,2026-02-18,17:02:55,19.0,100.0,9.0,22.757426,121.158891
74DA38F20D1A,2026-02-18,17:03:01,15.75,85.0,0.0,25.078,121.541
74DA38F21048,2026-02-18,17:03:01,19.5,100.0,41.0,22.595,120.341
74DA38F2118E,2026-02-18,17:03:02,12.0,100.0,60.0,26.148,119.935
74DA38F207DE,2026-02-18,17:03:11,19.0,100.0,47.0,22.603,120.34
74DA38F7C464,2026-02-18,17:03:12,13.75,32.0,5.0,25.006,121.413
74DA38F7C3BA,2026-02-18,17:03:25,118.87,46.0,133.0,25.174,121.441
74DA38F20B88,2026-02-18,17:03:30,17.62,100.0,0.0,22.75,120.316
74DA38F7C524,2026-02-18,17:03:36,13.5,100.0,67.0,25.002,121.552
74DA38F7C40C,2026-02-18,17:03:41,15.0,100.0,0.0,24.995,121.52
74DA38F21204,2026-02-18,17:03:43,20.5,100.0,2.0,25.062,121.451
74DA38F7C514,2026-02-18,17:03:43,15.62,98.0,30.0,25.051,121.518
74DA38F7C39A,2026-02-18,17:03:44,15.25,100.0,0.0,25.002,121.414
74DA38ED0630,2026-02-18,17:03:49,18.12,100.0,0.0,23.994,121.594
74DA38F20C26,2026-02-18,17:03:49,21.37,69.0,33.0,22.676,120.342
74DA38F7C3D6,2026-02-18,17:04:01,15.75,100.0,0.0,25.045,121.541
74DA38F7C47E,2026-02-18,17:04:03,15.12,100.0,38.0,25.053963,121.427681
74DA38F20902,2026-02-18,17:04:04,19.62,100.0,1.0,22.204,120.7
74DA38F7C616,2026-02-18,17:04:06,15.62,100.0,0.0,25.031,121.563
74DA38F7C600,2026-02-18,17:04:11,21.25,54.0,20.0,25.07,121.586
74DA38F7C3B2,2026-02-18,17:04:12,18.75,65.0,17.0,24.929,121.378
74DA38F7C37C,2026-02-18,17:04:17,13.37,100.0,0.0,25.111,121.856
74DA38F7C570,2026-02-18,17:04:31,15.37,100.0,0.0,25.239,121.63
74DA38F20D2A,2026-02-18,17:04:33,15.87,71.0,0.0,25.048,121.573
74DA38F20E34,2026-02-18,17:04:40,20.25,71.0,32.0,22.586,120.313
74DA38F209F8,2026-02-18,17:04:41,16.37,100.0,7.0,23.157,121.4
74DA38F7C3DC,2026-02-18,17:04:42,14.75,100.0,38.0,25.003,121.539
74DA38F20AAA,2026-02-18,17:04:59,13.87,100.0,15.0,24.6,120.999
74DA38F20A78,2026-02-18,17:05:15,15.62,100.0,9.0,22.904,121.124
74DA38F20D2E,2026-02-18,17:05:29,15.37,100.0,0.0,25.06,121.545
74DA38F20D70,2026-02-18,17:05:31,16.12,100.0,1.0,23.05,121.164
74DA38F7C27E,2026-02-18,17:05:35,15.87,92.0,34.0,25.053,121.444
74DA38F7C47C,2026-02-18,17:05:38,15.75,98.0,0.0,25.055,121.455
74DA38F20E6E,2026-02-18,17:05:40,13.62,90.0,0.0,24.41,120.902
74DA38F20B26,2026-02-18,17:05:42,19.62,100.0,36.0,22.783,120.247
74DA38F7C30E,2026-02-18,17:05:50,15.0,100.0,27.0,24.949,121.382
74DA38ED05EA,2026-02-18,17:05:51,16.5,100.0,18.0,23.394,121.357
74DA38ED0640,2026-02-18,17:05:51,14.5,100.0,8.0,23.154,121.266
74DA38ED0454,2026-02-18,17:05:52,18.25,100.0,16.0,24.053,121.599
74DA38F20D16,2026-02-18,17:05:58,16.0,100.0,37.0,25.062,121.526
74DA38F20F0A,2026-02-18,17:05:58,20.0,100.0,31.0,22.995,120.635
74DA38F7C5A0,2026-02-18,17:05:58,15.37,89.0,0.0,25.107,121.518
74DA38F20976,2026-02-18,17:06:03,15.62,88.0,30.0,25.127,121.746
74DA38F208E2,2026-02-18,17:06:04,14.75,100.0,11.0,24.688,121.766
74DA38F20AA4,2026-02-18,17:06:10,23.62,86.0,28.0,22.685,120.492
74DA38F209A4,2026-02-18,17:06:12,18.62,100.0,0.0,22.702,120.572
74DA38F7C53C,2026-02-18,17:06:14,14.12,100.0,0.0,25.11,121.804
74DA38F7C41E,2026-02-18,17:06:17,16.5,74.0,30.0,25.054,121.517
74DA38F7C29C,2026-02-18,17:06:18,15.75,100.0,28.0,25.02,121.416
74DA38F20BCA,2026-02-18,17:06:19,14.87,99.0,1.0,25.079,121.58
74DA38F7C610,2026-02-18,17:06:19,17.25,79.0,30.0,25.063,121.564
74DA38F20AE6,2026-02-18,17:06:20,24.87,100.0,16.0,22.63,120.348
74DA38F21054,2026-02-18,17:06:24,24.25,62.0,23.0,22.898,120.627
74DA38ED04F2,2026-02-18,17:06:25,16.75,100.0,8.0,23.468,121.496
74DA38F209EE,2026-02-18,17:06:25,19.5,100.0,0.0,23.026,121.33
74DA38F7C5CE,2026-02-18,17:06:33,14.87,88.0,1.0,25.066,121.656
74DA38F20DC0,2026-02-18,17:06:34,17.75,100.0,3.0,22.711,120.295
74DA38F20B80,2026-02-18,17:06:42,18.25,100.0,1.0,22.599,120.35
74DA38F7C562,2026-02-18,17:06:42,14.25,100.0,32.0,25.021,121.418
74DA38F20C22,2026-02-18,17:06:57,19.25,100.0,1.0,22.729,120.357
74DA38ED06E0,2026-02-18,17:07:01,18.62,91.0,0.0,23.601,121.521
74DA38ED059C,2026-02-18,17:07:07,15.62,100.0,15.0,23.706,121.412
74DA38F20DE0,2026-02-18,17:07:15,21.5,99.0,1.0,22.589,120.328
74DA38F20D4C,2026-02-18,17:07:16,18.12,100.0,0.0,22.971,121.303
74DA38F7C59C,2026-02-18,17:07:22,15.37,76.0,35.0,25.103,121.487
74DA38F209DE,2026-02-18,17:07:23,16.12,100.0,0.0,24.861,120.964
74DA38F210E4,2026-02-18,17:07:26,17.87,100.0,18.0,23.24,120.696
74DA38F7C4DE,2026-02-18,17:07:39,15.62,100.0,0.0,25.09,121.462
74DA38F20D1E,2026-02-18,17:07:40,15.75,100.0,38.0,25.048,121.573
74DA38F21136,2026-02-18,17:07:46,15.12,99.0,20.0,25.119,121.505
74DA38F2104E,2026-02-18,17:07:48,19.75,100.0,39.0,23.108,120.7
74DA38F20EB2,2026-02-18,17:07:55,12.0,100.0,29.0,24.324,120.835
74DA38F21088,2026-02-18,17:08:08,14.75,100.0,1.0,25.068,121.588
74DA38F7C5BE,2026-02-18,17:08:11,15.87,79.0,31.0,25.092,121.523
74DA38F20E9E,2026-02-18,17:08:14,14.75,100.0,24.0,24.648,121.151
74DA38F21024,2026-02-18,17:08:17,15.62,100.0,0.0,24.93,121.036
74DA38F7C566,2026-02-18,17:08:20,16.5,100.0,0.0,25.051,121.448
74DA38F7C63C,2026-02-18,17:08:21,85.25,100.0,21.0,24.998,121.425
74DA38F2113E,2026-02-18,17:08:26,-4.0,0.0,11.0,22.728,120.313
74DA38F7C560,2026-02-18,17:08:28,14.87,100.0,0.0,25.079,121.671
74DA38F210A2,2026-02-18,17:08:31,15.25,100.0,8.0,25.12,121.466
74DA38F7C5E6,2026-02-18,17:08:31,15.75,100.0,18.0,25.107,121.843
74DA38F20BE4,2026-02-18,17:08:32,14.37,100.0,40.0,24.791,120.957
74DA38F7C31C,2026-02-18,17:08:34,14.62,100.0,5.0,24.93,121.372
74DA38F20DD0,2026-02-18,17:08:42,19.25,100.0,1.0,22.6080258,120.3229833
74DA38F7C366,2026-02-18,17:08:44,15.25,100.0,18.0,25.002,121.516
74DA38F209B2,2026-02-18,17:08:46,20.5,100.0,0.0,22.363,120.599
74DA38F20B5C,2026-02-18,17:08:54,-4.0,0.0,41.0,22.798,120.293
74DA38F7C260,2026-02-18,17:09:05,14.87,100.0,0.0,25.065,121.425
74DA38F210F6,2026-02-18,17:09:07,18.87,100.0,9.0,22.757426,121.158891
74DA38F20A30,2026-02-18,17:09:12,15.0,84.0,0.0,24.948,121.372
74DA38F209A8,2026-02-18,17:09:14,-4.0,0.0,0.0,22.401,120.577
74DA38F207DE,2026-02-18,17:09:29,19.0,100.0,45.0,22.603,120.34
74DA38F7C3BA,2026-02-18,17:09:32,118.87,46.0,130.0,25.174,121.441
74DA38F20D1A,2026-02-18,17:09:36,15.75,84.0,0.0,25.078,121.541
74DA38F21048,2026-02-18,17:09:42,19.62,100.0,41.0,22.595,120.341
74DA38F2118E,2026-02-18,17:09:44,11.62,100.0,60.0,26.148,119.935
74DA38F7C464,2026-02-18,17:09:47,13.62,31.0,7.0,25.006,121.413
74DA38F7C40C,2026-02-18,17:09:54,15.0,100.0,0.0,24.995,121.52
74DA38F20B82,2026-02-18,17:09:56,-4.0,0.0,4.0,22.847,120.465
74DA38F7C514,2026-02-18,17:10:00,15.5,98.0,31.0,25.051,121.518
74DA38F20B88,2026-02-18,17:10:05,17.62,100.0,1.0,22.75,120.316
74DA38F20C26,2026-02-18,17:10:06,21.37,69.0,32.0,22.676,120.342
74DA38F21204,2026-02-18,17:10:08,20.5,100.0,3.0,25.062,121.451
74DA38F20902,2026-02-18,17:10:16,19.62,100.0,1.0,22.204,120.7
74DA38F7C39A,2026-02-18,17:10:18,15.37,100.0,0.0,25.002,121.414
74DA38F7C524,2026-02-18,17:10:19,13.5,100.0,67.0,25.002,121.552
74DA38F7C616,2026-02-18,17:10:19,15.5,100.0,0.0,25.031,121.563
74DA38F7C47E,2026-02-18,17:10:22,15.5,100.0,39.0,25.053963,121.427681
74DA38F7C600,2026-02-18,17:10:25,21.37,53.0,21.0,25.07,121.586
74DA38F7C3B2,2026-02-18,17:10:26,18.75,65.0,16.0,24.929,121.378
74DA38ED0630,2026-02-18,17:10:29,18.25,100.0,0.0,23.994,121.594
74DA38F7C3D6,2026-02-18,17:10:35,15.87,100.0,0.0,25.045,121.541
74DA38F7C37C,2026-02-18,17:10:52,13.5,100.0,0.0,25.111,121.856
74DA38F20E34,2026-02-18,17:10:58,20.12,70.0,33.0,22.586,120.313
74DA38F7C3DC,2026-02-18,17:10:58,14.62,100.0,37.0,25.003,121.539
74DA38F7C570,2026-02-18,17:11:07,15.37,100.0,1.0,25.239,121.63
74DA38F20D2A,2026-02-18,17:11:10,16.0,71.0,2.0,25.048,121.573
74DA38F20AAA,2026-02-18,17:11:13,13.75,100.0,15.0,24.6,120.999
74DA38F209F8,2026-02-18,17:11:16,16.37,100.0,7.0,23.157,121.4
74DA38F20A78,2026-02-18,17:11:28,15.75,100.0,9.0,22.904,121.124
74DA38F20D70,2026-02-18,17:11:43,16.0,100.0,1.0,23.05,121.164
74DA38F20E6E,2026-02-18,17:11:47,13.87,90.0,0.0,24.41,120.902
74DA38F7C27E,2026-02-18,17:11:53,16.0,92.0,34.0,25.053,121.444
74DA38F7C47C,2026-02-18,17:11:53,15.75,98.0,0.0,25.055,121.455
74DA38F20D2E,2026-02-18,17:12:02,15.37,100.0,0.0,25.06,121.545
74DA38ED05EA,2026-02-18,17:12:09,16.5,100.0,18.0,23.394,121.357
74DA38ED0454,2026-02-18,17:12:10,18.25,100.0,16.0,24.053,121.599
74DA38ED0640,2026-02-18,17:12:10,14.5,100.0,8.0,23.154,121.266
74DA38F7C30E,2026-02-18,17:12:10,14.87,100.0,28.0,24.949,121.382
74DA38F20B26,2026-02-18,17:12:15,19.87,100.0,36.0,22.783,120.247
74DA38F20D16,2026-02-18,17:12:17,15.87,100.0,37.0,25.062,121.526
74DA38F208E2,2026-02-18,17:12:20,14.37,100.0,20.0,24.688,121.766
74DA38F20F0A,2026-02-18,17:12:22,20.0,100.0,30.0,22.995,120.635
74DA38F20976,2026-02-18,17:12:24,15.5,88.0,30.0,25.127,121.746
74DA38F20AA4,2026-02-18,17:12:26,23.5,86.0,27.0,22.685,120.492
74DA38F20AE6,2026-02-18,17:12:34,24.87,100.0,16.0,22.63,120.348
74DA38F7C610,2026-02-18,17:12:36,17.25,79.0,30.0,25.063,121.564
74DA38F209EE,2026-02-18,17:12:37,19.5,100.0,0.0,23.026,121.33
74DA38F7C41E,2026-02-18,17:12:37,16.37,75.0,30.0,25.054,121.517
74DA38F7C29C,2026-02-18,17:12:38,15.75,100.0,28.0,25.02,121.416
74DA38F21054,2026-02-18,17:12:39,24.12,62.0,23.0,22.898,120.627
74DA38ED04F2,2026-02-18,17:12:40,16.75,100.0,8.0,23.468,121.496
74DA38F209A4,2026-02-18,17:12:47,18.5,100.0,0.0,22.702,120.572
74DA38F7C53C,2026-02-18,17:12:48,14.12,100.0,0.0,25.11,121.804
74DA38F20BCA,2026-02-18,17:12:55,15.0,99.0,1.0,25.079,121.58
74DA38F20BD0,2026-02-18,17:13:08,-4.0,0.0,30.0,22.688,120.408
74DA38F20DC0,2026-02-18,17:13:09,17.75,100.0,3.0,22.711,120.295
74DA38F7C5CE,2026-02-18,17:13:09,14.87,88.0,1.0,25.066,121.656
74DA38F7C562,2026-02-18,17:13:14,14.37,100.0,32.0,25.021,121.418
74DA38ED06E0,2026-02-18,17:13:17,18.62,92.0,0.0,23.601,121.521
74DA38F20B80,2026-02-18,17:13:17,18.25,100.0,1.0,22.599,120.35
74DA38ED059C,2026-02-18,17:13:20,15.62,100.0,14.0,23.706,121.412
74DA38F20C22,2026-02-18,17:13:36,18.87,100.0,1.0,22.729,120.357
74DA38F7C3DE,2026-02-18,17:13:38,15.75,100.0,323.0,24.972,121.537
74DA38F7C59C,2026-02-18,17:13:39,15.37,76.0,35.0,25.103,121.487
74DA38F210E4,2026-02-18,17:13:41,18.0,100.0,17.0,23.24,120.696
74DA38F7C4CC,2026-02-18,17:13:48,14.75,100.0,22.0,25.062,121.451
74DA38ED05B6,2026-02-18,17:13:51,15.75,100.0,25.0,23.43,121.348
74DA38F20D4C,2026-02-18,17:13:51,18.12,100.0,0.0,22.971,121.303
74DA38F20DE0,2026-02-18,17:13:51,21.37,98.0,1.0,22.589,120.328
74DA38F209DE,2026-02-18,17:13:58,16.0,100.0,4.0,24.861,120.964
74DA38F21136,2026-02-18,17:14:00,15.12,99.0,19.0,25.119,121.505
74DA38F7C4DE,2026-02-18,17:14:02,15.62,100.0,0.0,25.09,121.462
74DA38F2104E,2026-02-18,17:14:10,19.75,100.0,40.0,23.108,120.7
74DA38F20EB2,2026-02-18,17:14:15,12.12,100.0,29.0,24.324,120.835
74DA38F20E9E,2026-02-18,17:14:28,14.75,100.0,22.0,24.648,121.151
74DA38F7C5BE,2026-02-18,17:14:28,16.0,78.0,31.0,25.092,121.523
74DA38F7C63C,2026-02-18,17:14:36,85.25,100.0,22.0,24.998,121.425
74DA38F21088,2026-02-18,17:14:42,14.75,100.0,2.0,25.068,121.588
74DA38F210A2,2026-02-18,17:14:43,15.5,100.0,7.0,25.12,121.466
74DA38F7C5E6,2026-02-18,17:14:47,15.62,100.0,19.0,25.107,121.843
74DA38F20BE4,2026-02-18,17:14:49,14.37,100.0,39.0,24.791,120.957
74DA38F21024,2026-02-18,17:14:52,15.62,100.0,1.0,24.93,121.036
74DA38F7C566,2026-02-18,17:14:56,16.37,100.0,0.0,25.051,121.448
74DA38F7C366,2026-02-18,17:14:57,15.25,100.0,17.0,25.002,121.516
74DA38F7C560,2026-02-18,17:15:03,15.0,100.0,0.0,25.079,121.671
74DA38F7C31C,2026-02-18,17:15:11,14.62,100.0,3.0,24.93,121.372
74DA38F210F6,2026-02-18,17:15:18,19.0,100.0,10.0,22.757426,121.158891
74DA38F209B2,2026-02-18,17:15:19,20.25,100.0,0.0,22.363,120.599
74DA38F20DD0,2026-02-18,17:15:21,19.12,100.0,0.0,22.6080258,120.3229833
74DA38F7C3BA,2026-02-18,17:15:40,118.87,46.0,131.0,25.174,121.441
74DA38F7C260,2026-02-18,17:15:43,15.0,100.0,1.0,25.065,121.425
74DA38F207DE,2026-02-18,17:15:49,19.12,100.0,48.0,22.603,120.34
74DA38F20A30,2026-02-18,17:15:51,15.0,84.0,1.0,24.948,121.372
74DA38F2113E,2026-02-18,17:15:55,-4.0,0.0,6.0,22.728,120.313
74DA38F7C40C,2026-02-18,17:16:09,14.87,100.0,0.0,24.995,121.52
74DA38F20D1A,2026-02-18,17:16:11,15.75,84.0,0.0,25.078,121.541
74DA38F7C514,2026-02-18,17:16:17,15.5,99.0,31.0,25.051,121.518
74DA38F21048,2026-02-18,17:16:23,19.62,100.0,41.0,22.595,120.341
74DA38F7C464,2026-02-18,17:16:23,13.87,31.0,2.0,25.006,121.413
74DA38F20C26,2026-02-18,17:16:24,21.37,69.0,33.0,22.676,120.342
74DA38F20902,2026-02-18,17:16:27,19.62,100.0,1.0,22.204,120.7
74DA38F2118E,2026-02-18,17:16:27,11.62,100.0,60.0,26.148,119.935
74DA38F21204,2026-02-18,17:16:29,20.5,100.0,3.0,25.062,121.451
74DA38F7C616,2026-02-18,17:16:34,15.37,100.0,0.0,25.031,121.563
74DA38F7C600,2026-02-18,17:16:38,21.37,53.0,20.0,25.07,121.586
74DA38F20B88,2026-02-18,17:16:39,17.75,100.0,1.0,22.75,120.316
74DA38F7C3B2,2026-02-18,17:16:40,18.75,65.0,15.0,24.929,121.378
74DA38F7C47E,2026-02-18,17:16:40,15.37,100.0,37.0,25.053963,121.427681
74DA38F7C30C,2026-02-18,17:16:54,15.5,93.0,0.0,24.975,121.532
74DA38F7C39A,2026-02-18,17:16:54,15.37,100.0,0.0,25.002,121.414
74DA38F7C524,2026-02-18,17:16:59,13.62,100.0,68.0,25.002,121.552
74DA38ED0630,2026-02-18,17:17:09,18.25,100.0,0.0,23.994,121.594
74DA38F7C3D6,2026-02-18,17:17:10,15.75,100.0,0.0,25.045,121.541
74DA38F7C3DC,2026-02-18,17:17:15,14.5,100.0,38.0,25.003,121.539
74DA38F20E34,2026-02-18,17:17:18,20.12,70.0,32.0,22.586,120.313
74DA38F20AAA,2026-02-18,17:17:26,13.75,100.0,13.0,24.6,120.999
74DA38F7C37C,2026-02-18,17:17:27,13.37,100.0,0.0,25.111,121.856
74DA38F20A78,2026-02-18,17:17:40,15.62,100.0,8.0,22.904,121.124
74DA38F7C570,2026-02-18,17:17:42,15.37,100.0,0.0,25.239,121.63
74DA38F20D2A,2026-02-18,17:17:46,15.75,71.0,2.0,25.048,121.573
74DA38F209F8,2026-02-18,17:17:50,16.37,100.0,7.0,23.157,121.4
74DA38F20E6E,2026-02-18,17:17:54,14.0,89.0,0.0,24.41,120.902
74DA38F20D70,2026-02-18,17:17:55,16.0,100.0,2.0,23.05,121.164
74DA38F7C47C,2026-02-18,17:18:07,15.75,98.0,0.0,25.055,121.455
74DA38F7C27E,2026-02-18,17:18:12,15.87,92.0,33.0,25.053,121.444
74DA38F20B5C,2026-02-18,17:18:24,-4.0,0.0,41.0,22.798,120.293
74DA38ED05EA,2026-02-18,17:18:26,16.37,100.0,17.0,23.394,121.357
74DA38ED0640,2026-02-18,17:18:26,14.25,100.0,8.0,23.154,121.266
74DA38F7C30E,2026-02-18,17:18:33,14.87,100.0,27.0,24.949,121.382
74DA38F20D16,2026-02-18,17:18:34,16.0,100.0,36.0,25.062,121.526
74DA38F208E2,2026-02-18,17:18:37,14.5,100.0,27.0,24.688,121.766
74DA38F20976,2026-02-18,17:18:38,15.62,88.0,31.0,25.127,121.746
74DA38F20D2E,2026-02-18,17:18:38,15.37,100.0,3.0,25.06,121.545
74DA38F20B26,2026-02-18,17:18:41,20.12,100.0,36.0,22.783,120.247
74DA38F20AA4,2026-02-18,17:18:46,23.5,86.0,27.0,22.685,120.492
74DA38F20F0A,2026-02-18,17:18:46,19.87,100.0,31.0,22.995,120.635
74DA38F20AE6,2026-02-18,17:18:47,24.87,100.0,17.0,22.63,120.348
74DA38F209EE,2026-02-18,17:18:49,19.62,100.0,0.0,23.026,121.33
74DA38F21054,2026-02-18,17:18:52,24.12,62.0,23.0,22.898,120.627
74DA38F7C610,2026-02-18,17:18:52,17.25,79.0,29.0,25.063,121.564
74DA38ED04F2,2026-02-18,17:18:53,16.75,100.0,7.0,23.468,121.496
74DA38F7C29C,2026-02-18,17:18:53,15.62,100.0,27.0,25.02,121.416
74DA38F7C41E,2026-02-18,17:18:54,16.25,75.0,30.0,25.054,121.517
74DA38F209A8,2026-02-18,17:19:01,-4.0,0.0,1.0,22.401,120.577
74DA38F7C53C,2026-02-18,17:19:21,14.12,100.0,0.0,25.11,121.804
74DA38F209A4,2026-02-18,17:19:22,18.25,100.0,0.0,22.702,120.572
74DA38F20BCA,2026-02-18,17:19:30,15.0,98.0,1.0,25.079,121.58
74DA38F20B82,2026-02-18,17:19:34,-4.0,0.0,3.0,22.847,120.465
74DA38ED059C,2026-02-18,17:19:35,15.87,100.0,14.0,23.706,121.412
74DA38ED06E0,2026-02-18,17:19:35,18.5,91.0,0.0,23.601,121.521
74DA38F7C3DE,2026-02-18,17:19:39,15.87,100.0,292.0,24.972,121.537
74DA38F7C5CE,2026-02-18,17:19:44,14.87,88.0,1.0,25.066,121.656
74DA38F20DC0,2026-02-18,17:19:47,17.75,100.0,2.0,22.711,120.295
74DA38F7C562,2026-02-18,17:19:50,14.37,100.0,31.0,25.021,121.418
74DA38F20B80,2026-02-18,17:19:51,18.25,100.0,1.0,22.599,120.35
74DA38F7C59C,2026-02-18,17:19:52,15.37,75.0,34.0,25.103,121.487
74DA38F210E4,2026-02-18,17:19:58,18.0,100.0,19.0,23.24,120.696
74DA38F7C4CC,2026-02-18,17:20:02,14.87,100.0,21.0,25.062,121.451
74DA38ED05B6,2026-02-18,17:20:07,15.75,100.0,24.0,23.43,121.348
74DA38F20C22,2026-02-18,17:20:13,18.75,100.0,3.0,22.729,120.357
74DA38F21136,2026-02-18,17:20:15,15.25,99.0,19.0,25.119,121.505
74DA38F7C4DE,2026-02-18,17:20:20,15.5,100.0,0.0,25.09,121.462
74DA38F20D1E,2026-02-18,17:20:24,15.75,100.0,38.0,25.048,121.573
74DA38F20D4C,2026-02-18,17:20:26,18.12,100.0,0.0,22.971,121.303
74DA38F20DE0,2026-02-18,17:20:29,21.37,98.0,3.0,22.589,120.328
74DA38F209DE,2026-02-18,17:20:31,16.0,100.0,0.0,24.861,120.964
74DA38F2104E,2026-02-18,17:20:31,19.87,100.0,38.0,23.108,120.7
74DA38F20EB2,2026-02-18,17:20:34,12.25,100.0,29.0,24.324,120.835
74DA38F20E9E,2026-02-18,17:20:43,14.75,100.0,24.0,24.648,121.151
74DA38F7C5BE,2026-02-18,17:20:47,16.0,78.0,31.0,25.092,121.523
74DA38F7C63C,2026-02-18,17:20:52,85.25,100.0,22.0,24.998,121.425
74DA38F210A2,2026-02-18,17:20:58,15.5,100.0,8.0,25.12,121.466
74DA38F7C5E6,2026-02-18,17:21:00,15.62,100.0,18.0,25.107,121.843
74DA38F20BE4,2026-02-18,17:21:06,14.37,100.0,39.0,24.791,120.957
74DA38F7C366,2026-02-18,17:21:11,15.25,100.0,17.0,25.002,121.516
74DA38F21088,2026-02-18,17:21:15,14.87,100.0,1.0,25.068,121.588
74DA38F21024,2026-02-18,17:21:26,15.62,100.0,0.0,24.93,121.036
74DA38F210F6,2026-02-18,17:21:28,19.0,100.0,9.0,22.757426,121.158891
74DA38F7C566,2026-02-18,17:21:30,16.5,100.0,0.0,25.051,121.448
74DA38F7C560,2026-02-18,17:21:38,15.0,98.0,0.0,25.079,121.671
74DA38F7C3BA,2026-02-18,17:21:45,118.87,46.0,130.0,25.174,121.441
74DA38F7C31C,2026-02-18,17:21:46,14.5,100.0,3.0,24.93,121.372
74DA38F209B2,2026-02-18,17:21:53,20.25,100.0,0.0,22.363,120.599
74DA38F20DD0,2026-02-18,17:21:57,18.87,100.0,1.0,22.6080258,120.3229833
74DA38F207DE,2026-02-18,17:22:09,19.12,100.0,47.0,22.603,120.34
74DA38F7C260,2026-02-18,17:22:19,15.0,100.0,0.0,25.065,121.425
74DA38F7C40C,2026-02-18,17:22:22,14.87,100.0,0.0,24.995,121.52
74DA38F20A30,2026-02-18,17:22:31,15.12,84.0,0.0,24.948,121.372
74DA38F7C514,2026-02-18,17:22:34,15.5,99.0,31.0,25.051,121.518
74DA38F20902,2026-02-18,17:22:41,19.62,100.0,0.0,22.204,120.7
74DA38F21204,2026-02-18,17:22:42,20.37,100.0,3.0,25.062,121.451
74DA38F20C26,2026-02-18,17:22:46,21.12,70.0,32.0,22.676,120.342
74DA38F20D1A,2026-02-18,17:22:46,15.75,84.0,1.0,25.078,121.541
74DA38F7C616,2026-02-18,17:22:48,15.37,100.0,0.0,25.031,121.563
74DA38F7C600,2026-02-18,17:22:50,21.5,51.0,19.0,25.07,121.586
74DA38F7C3B2,2026-02-18,17:22:56,18.75,65.0,17.0,24.929,121.378
74DA38F7C47E,2026-02-18,17:22:59,15.5,100.0,38.0,25.053963,121.427681
74DA38F7C464,2026-02-18,17:23:01,13.87,32.0,3.0,25.006,121.413
74DA38F21048,2026-02-18,17:23:03,19.5,100.0,41.0,22.595,120.341
74DA38F7C30C,2026-02-18,17:23:08,15.5,93.0,0.0,24.975,121.532
74DA38F2118E,2026-02-18,17:23:13,11.75,100.0,61.0,26.148,119.935
74DA38F20B88,2026-02-18,17:23:15,17.62,100.0,0.0,22.75,120.316
74DA38F2113E,2026-02-18,17:23:24,-4.0,0.0,13.0,22.728,120.313
74DA38F7C39A,2026-02-18,17:23:29,15.37,100.0,0.0,25.002,121.414
74DA38F7C3DC,2026-02-18,17:23:29,14.5,100.0,37.0,25.003,121.539
74DA38F20AAA,2026-02-18,17:23:40,13.5,100.0,14.0,24.6,120.999
74DA38F7C524,2026-02-18,17:23:43,13.5,100.0,67.0,25.002,121.552
74DA38F7C3D6,2026-02-18,17:23:47,15.62,100.0,1.0,25.045,121.541
74DA38ED0630,2026-02-18,17:23:48,18.12,100.0,0.0,23.994,121.594
74DA38F20BD0,2026-02-18,17:23:49,-4.0,0.0,31.0,22.688,120.408
74DA38F20A78,2026-02-18,17:23:54,15.62,100.0,10.0,22.904,121.124
74DA38F7C37C,2026-02-18,17:24:01,13.37,100.0,0.0,25.111,121.856
74DA38F20E34,2026-02-18,17:24:02,20.0,70.0,31.0,22.586,120.313
74DA38F20E6E,2026-02-18,17:24:02,13.87,89.0,0.0,24.41,120.902
74DA38F20D70,2026-02-18,17:24:08,16.25,100.0,2.0,23.05,121.164
74DA38F7C570,2026-02-18,17:24:16,15.37,100.0,0.0,25.239,121.63
74DA38F7C47C,2026-02-18,17:24:21,15.75,97.0,0.0,25.055,121.455
74DA38F20D2A,2026-02-18,17:24:23,15.75,71.0,0.0,25.048,121.573
74DA38F209F8,2026-02-18,17:24:26,16.25,100.0,7.0,23.157,121.4
74DA38F7C27E,2026-02-18,17:24:28,15.87,92.0,33.0,25.053,121.444
74DA38ED05EA,2026-02-18,17:24:38,16.37,100.0,16.0,23.394,121.357
74DA38ED0640,2026-02-18,17:24:40,14.37,100.0,8.0,23.154,121.266
74DA38F208E2,2026-02-18,17:24:50,14.62,100.0,14.0,24.688,121.766
74DA38F20976,2026-02-18,17:24:52,15.5,89.0,32.0,25.127,121.746
74DA38F7C30E,2026-02-18,17:24:52,15.0,100.0,28.0,24.949,121.382
74DA38F20D16,2026-02-18,17:24:53,15.87,100.0,36.0,25.062,121.526
74DA38F20AE6,2026-02-18,17:25:00,24.87,100.0,17.0,22.63,120.348
74DA38F209EE,2026-02-18,17:25:01,19.62,100.0,0.0,23.026,121.33
74DA38F20AA4,2026-02-18,17:25:04,23.5,86.0,28.0,22.685,120.492
74DA38F20B26,2026-02-18,17:25:04,20.12,100.0,37.0,22.783,120.247
74DA38F21054,2026-02-18,17:25:06,24.12,62.0,23.0,22.898,120.627
74DA38F7C610,2026-02-18,17:25:08,17.25,79.0,29.0,25.063,121.564
74DA38F7C29C,2026-02-18,17:25:10,15.62,100.0,28.0,25.02,121.416
74DA38ED04F2,2026-02-18,17:25:11,16.62,100.0,7.0,23.468,121.496
74DA38F20F0A,2026-02-18,17:25:11,19.87,100.0,33.0,22.995,120.635
74DA38F7C41E,2026-02-18,17:25:12,16.37,75.0,30.0,25.054,121.517
74DA38F20D2E,2026-02-18,17:25:13,15.37,100.0,0.0,25.06,121.545
74DA38ED0454,2026-02-18,17:25:22,18.37,100.0,17.0,24.053,121.599
74DA38F7C3DE,2026-02-18,17:25:41,15.87,100.0,306.0,24.972,121.537
74DA38ED059C,2026-02-18,17:25:48,15.75,100.0,14.0,23.706,121.412
74DA38ED06E0,2026-02-18,17:25:48,18.5,92.0,0.0,23.601,121.521
74DA38F209A4,2026-02-18,17:25:57,18.25,100.0,0.0,22.702,120.572
74DA38F7C53C,2026-02-18,17:25:57,14.12,100.0,0.0,25.11,121.804
74DA38F20BCA,2026-02-18,17:26:07,14.87,98.0,1.0,25.079,121.58
74DA38F7C59C,2026-02-18,17:26:09,15.37,75.0,34.0,25.103,121.487
74DA38F7C562,2026-02-18,17:26:12,14.12,100.0,31.0,25.021,121.418
74DA38F210E4,2026-02-18,17:26:13,17.87,100.0,20.0,23.24,120.696
74DA38F7C4CC,2026-02-18,17:26:17,15.0,100.0,21.0,25.062,121.451
74DA38F7C5CE,2026-02-18,17:26:19,14.87,88.0,0.0,25.066,121.656
74DA38F20DC0,2026-02-18,17:26:24,17.87,100.0,3.0,22.711,120.295
74DA38ED05B6,2026-02-18,17:26:26,15.62,100.0,25.0,23.43,121.348
74DA38F20B80,2026-02-18,17:26:28,18.12,100.0,2.0,22.599,120.35
74DA38F20D1E,2026-02-18,17:26:45,15.75,100.0,38.0,25.048,121.573
74DA38F7C4DE,2026-02-18,17:26:45,15.5,100.0,0.0,25.09,121.462
74DA38F20C22,2026-02-18,17:26:50,18.37,100.0,3.0,22.729,120.357
74DA38F2104E,2026-02-18,17:26:53,19.75,100.0,39.0,23.108,120.7
74DA38F20D4C,2026-02-18,17:26:59,18.0,100.0,0.0,22.971,121.303
74DA38F20E9E,2026-02-18,17:26:59,14.75,100.0,25.0,24.648,121.151
74DA38F20DE0,2026-02-18,17:27:03,21.37,99.0,0.0,22.589,120.328
74DA38F7C5BE,2026-02-18,17:27:03,16.0,77.0,30.0,25.092,121.523
74DA38F209DE,2026-02-18,17:27:05,16.0,100.0,1.0,24.861,120.964
74DA38F7C63C,2026-02-18,17:27:09,85.25,100.0,22.0,24.998,121.425
74DA38F210A2,2026-02-18,17:27:10,15.5,100.0,7.0,25.12,121.466
74DA38F7C338,2026-02-18,17:27:15,17.87,91.0,27.0,25.011,121.458
74DA38F7C5E6,2026-02-18,17:27:19,15.62,100.0,19.0,25.107,121.843
74DA38F20BE4,2026-02-18,17:27:21,14.37,100.0,38.0,24.791,120.957
74DA38F7C366,2026-02-18,17:27:24,15.25,100.0,17.0,25.002,121.516
74DA38F210F6,2026-02-18,17:27:40,18.87,100.0,10.0,22.757426,121.158891
74DA38F21088,2026-02-18,17:27:50,14.87,100.0,1.0,25.068,121.588
74DA38F7C3BA,2026-02-18,17:27:52,118.87,46.0,126.0,25.174,121.441
74DA38F20B5C,2026-02-18,17:27:57,-4.0,0.0,41.0,22.798,120.293
74DA38F21024,2026-02-18,17:28:00,15.62,100.0,0.0,24.93,121.036
74DA38F7C566,2026-02-18,17:28:07,16.5,100.0,0.0,25.051,121.448
74DA38F7C560,2026-02-18,17:28:14,14.87,97.0,0.0,25.079,121.671
74DA38F7C31C,2026-02-18,17:28:26,14.5,100.0,5.0,24.93,121.372
74DA38F209B2,2026-02-18,17:28:28,20.25,100.0,2.0,22.363,120.599
74DA38F207DE,2026-02-18,17:28:29,18.87,100.0,46.0,22.603,120.34
74DA38F20DD0,2026-02-18,17:28:33,19.0,100.0,1.0,22.6080258,120.3229833
74DA38F7C40C,2026-02-18,17:28:35,14.87,100.0,0.0,24.995,121.52
74DA38F209A8,2026-02-18,17:28:50,-4.0,0.0,1.0,22.401,120.577
74DA38F7C514,2026-02-18,17:28:53,15.37,99.0,30.0,25.051,121.518
74DA38F7C260,2026-02-18,17:28:56,15.12,100.0,1.0,25.065,121.425
74DA38F21204,2026-02-18,17:28:57,20.37,100.0,3.0,25.062,121.451
74DA38F7C616,2026-02-18,17:29:01,15.37,100.0,0.0,25.031,121.563
74DA38F7C600,2026-02-18,17:29:02,21.5,50.0,19.0,25.07,121.586
74DA38F20902,2026-02-18,17:29:04,19.75,100.0,0.0,22.204,120.7
74DA38F20A30,2026-02-18,17:29:06,15.12,84.0,0.0,24.948,121.372
74DA38F20C26,2026-02-18,17:29:08,21.25,69.0,32.0,22.676,120.342
74DA38F20B82,2026-02-18,17:29:11,-4.0,0.0,3.0,22.847,120.465
74DA38F7C3B2,2026-02-18,17:29:11,18.75,66.0,16.0,24.929,121.378
74DA38F7C47E,2026-02-18,17:29:17,15.5,100.0,38.0,25.053963,121.427681
74DA38F20D1A,2026-02-18,17:29:22,15.75,84.0,0.0,25.078,121.541
74DA38F7C30C,2026-02-18,17:29:22,15.37,93.0,0.0,24.975,121.532
74DA38F7C464,2026-02-18,17:29:39,13.87,33.0,3.0,25.006,121.413
74DA38F21048,2026-02-18,17:29:40,19.25,100.0,39.0,22.595,120.341
74DA38F7C3DC,2026-02-18,17:29:45,14.5,100.0,37.0,25.003,121.539
74DA38F20B88,2026-02-18,17:29:51,17.5,100.0,0.0,22.75,120.316
74DA38F20AAA,2026-02-18,17:29:58,13.5,100.0,17.0,24.6,120.999
74DA38F2118E,2026-02-18,17:29:58,11.5,100.0,61.0,26.148,119.935
74DA38F7C39A,2026-02-18,17:30:06,15.37,100.0,1.0,25.002,121.414
74DA38F20A78,2026-02-18,17:30:09,15.62,100.0,11.0,22.904,121.124
74DA38F20E6E,2026-02-18,17:30:09,14.0,89.0,0.0,24.41,120.902
74DA38F20E34,2026-02-18,17:30:19,20.0,71.0,31.0,22.586,120.313
74DA38F20D70,2026-02-18,17:30:21,16.25,100.0,2.0,23.05,121.164
74DA38F7C3D6,2026-02-18,17:30:21,15.62,100.0,0.0,25.045,121.541
74DA38F7C524,2026-02-18,17:30:25,13.62,100.0,67.0,25.002,121.552
74DA38ED0630,2026-02-18,17:30:29,18.0,100.0,0.0,23.994,121.594
74DA38F7C37C,2026-02-18,17:30:37,13.37,100.0,0.0,25.111,121.856
74DA38F7C47C,2026-02-18,17:30:37,15.75,97.0,0.0,25.055,121.455
74DA38F7C27E,2026-02-18,17:30:45,15.87,92.0,33.0,25.053,121.444
74DA38F2113E,2026-02-18,17:30:50,-4.0,0.0,6.0,22.728,120.313
74DA38ED05EA,2026-02-18,17:30:53,16.5,100.0,18.0,23.394,121.357
74DA38ED0640,2026-02-18,17:30:53,14.37,100.0,9.0,23.154,121.266
74DA38F7C570,2026-02-18,17:30:53,15.37,100.0,1.0,25.239,121.63
74DA38F209F8,2026-02-18,17:31:00,16.25,100.0,8.0,23.157,121.4
74DA38F20D2A,2026-02-18,17:31:00,15.62,71.0,0.0,25.048,121.573
74DA38F208E2,2026-02-18,17:31:07,14.62,100.0,27.0,24.688,121.766
74DA38F20976,2026-02-18,17:31:09,15.62,89.0,32.0,25.127,121.746
74DA38F20D16,2026-02-18,17:31:12,15.87,100.0,36.0,25.062,121.526
74DA38F209EE,2026-02-18,17:31:13,19.62,100.0,0.0,23.026,121.33
74DA38F20AE6,2026-02-18,17:31:13,24.87,100.0,17.0,22.63,120.348
74DA38F7C30E,2026-02-18,17:31:16,15.0,100.0,28.0,24.949,121.382
74DA38F21054,2026-02-18,17:31:19,24.12,62.0,23.0,22.898,120.627
74DA38F20AA4,2026-02-18,17:31:21,23.62,86.0,29.0,22.685,120.492
74DA38F7C610,2026-02-18,17:31:24,17.25,79.0,28.0,25.063,121.564
74DA38F20B26,2026-02-18,17:31:25,20.0,100.0,37.0,22.783,120.247
74DA38F7C29C,2026-02-18,17:31:27,15.75,100.0,28.0,25.02,121.416
74DA38F7C41E,2026-02-18,17:31:28,16.37,75.0,29.0,25.054,121.517
74DA38ED04F2,2026-02-18,17:31:29,16.62,100.0,8.0,23.468,121.496
74DA38F20F0A,2026-02-18,17:31:35,19.87,100.0,32.0,22.995,120.635
74DA38ED0454,2026-02-18,17:31:39,18.37,100.0,16.0,24.053,121.599
74DA38F7C3DE,2026-02-18,17:31:43,15.87,100.0,322.0,24.972,121.537
74DA38F20D2E,2026-02-18,17:31:48,15.37,100.0,0.0,25.06,121.545
74DA38ED06E0,2026-02-18,17:32:00,18.5,92.0,0.0,23.601,121.521
74DA38ED059C,2026-02-18,17:32:01,15.62,100.0,13.0,23.706,121.412
74DA38F7C59C,2026-02-18,17:32:25,15.5,75.0,33.0,25.103,121.487
74DA38F210E4,2026-02-18,17:32:30,17.62,100.0,19.0,23.24,120.696
74DA38F7C53C,2026-02-18,17:32:31,14.25,100.0,0.0,25.11,121.804
74DA38F7C4CC,2026-02-18,17:32:32,15.0,100.0,20.0,25.062,121.451
74DA38F209A4,2026-02-18,17:32:34,18.25,100.0,0.0,22.702,120.572
74DA38F20BCA,2026-02-18,17:32:44,14.87,97.0,0.0,25.079,121.58
74DA38F7C5CE,2026-02-18,17:32:54,14.87,88.0,0.0,25.066,121.656
74DA38F7C4DE,2026-02-18,17:32:59,15.37,100.0,0.0,25.09,121.462
74DA38F20DC0,2026-02-18,17:33:02,17.87,100.0,2.0,22.711,120.295
74DA38F20B80,2026-02-18,17:33:03,17.87,100.0,2.0,22.599,120.35
74DA38F20EB2,2026-02-18,17:33:08,12.5,100.0,29.0,24.324,120.835
74DA38F20D1E,2026-02-18,17:33:10,15.62,100.0,37.0,25.048,121.573
74DA38F20E9E,2026-02-18,17:33:14,14.75,100.0,24.0,24.648,121.151
74DA38F2104E,2026-02-18,17:33:14,19.75,100.0,36.0,23.108,120.7
74DA38F210A2,2026-02-18,17:33:23,15.5,100.0,7.0,25.12,121.466
74DA38F7C5BE,2026-02-18,17:33:24,15.87,78.0,30.0,25.092,121.523
74DA38F7C63C,2026-02-18,17:33:24,85.25,100.0,22.0,24.998,121.425
74DA38F20C22,2026-02-18,17:33:27,18.5,100.0,8.0,22.729,120.357
74DA38F20D4C,2026-02-18,17:33:35,18.0,100.0,0.0,22.971,121.303
74DA38F7C5E6,2026-02-18,17:33:36,15.75,100.0,18.0,25.107,121.843
74DA38F20DE0,2026-02-18,17:33:39,21.25,99.0,0.0,22.589,120.328
74DA38F209DE,2026-02-18,17:33:40,15.87,100.0,0.0,24.861,120.964
74DA38F20BE4,2026-02-18,17:33:40,14.5,100.0,39.0,24.791,120.957
74DA38F7C366,2026-02-18,17:33:40,15.12,100.0,18.0,25.002,121.516
74DA38F210F6,2026-02-18,17:33:52,18.87,100.0,10.0,22.757426,121.158891
74DA38F7C3BA,2026-02-18,17:33:59,118.87,46.0,129.0,25.174,121.441
74DA38F21088,2026-02-18,17:34:26,14.87,100.0,1.0,25.068,121.588
74DA38F20BD0,2026-02-18,17:34:35,-4.0,0.0,30.0,22.688,120.408
74DA38F21024,2026-02-18,17:34:35,15.62,100.0,0.0,24.93,121.036
74DA38F7C566,2026-02-18,17:34:41,16.37,100.0,0.0,25.051,121.448
74DA38F7C40C,2026-02-18,17:34:48,14.87,100.0,0.0,24.995,121.52
74DA38F207DE,2026-02-18,17:34:49,18.62,100.0,43.0,22.603,120.34
74DA38F7C560,2026-02-18,17:34:50,14.87,96.0,0.0,25.079,121.671
74DA38F7C31C,2026-02-18,17:35:02,14.5,100.0,4.0,24.93,121.372
74DA38F209B2,2026-02-18,17:35:03,20.25,100.0,0.0,22.363,120.599
74DA38F20DD0,2026-02-18,17:35:08,18.75,100.0,2.0,22.6080258,120.3229833
74DA38F21204,2026-02-18,17:35:10,20.37,100.0,3.0,25.062,121.451
74DA38F7C514,2026-02-18,17:35:11,15.5,99.0,30.0,25.051,121.518
74DA38F7C616,2026-02-18,17:35:15,15.37,100.0,0.0,25.031,121.563
74DA38F7C600,2026-02-18,17:35:16,21.5,49.0,19.0,25.07,121.586
74DA38F20902,2026-02-18,17:35:18,19.75,100.0,1.0,22.204,120.7
74DA38F7C3B2,2026-02-18,17:35:25,18.75,66.0,15.0,24.929,121.378
74DA38F20C26,2026-02-18,17:35:27,21.62,69.0,32.0,22.676,120.342
74DA38F7C260,2026-02-18,17:35:36,15.12,100.0,0.0,25.065,121.425
74DA38F7C30C,2026-02-18,17:35:36,15.37,93.0,0.0,24.975,121.532
74DA38F7C47E,2026-02-18,17:35:38,15.25,100.0,36.0,25.053963,121.427681
74DA38F20A30,2026-02-18,17:35:43,15.12,84.0,0.0,24.948,121.372
74DA38F20D1A,2026-02-18,17:35:58,15.75,84.0,0.0,25.078,121.541
74DA38F7C3DC,2026-02-18,17:35:59,14.5,100.0,36.0,25.003,121.539
74DA38F20AAA,2026-02-18,17:36:12,13.37,100.0,13.0,24.6,120.999
74DA38F7C464,2026-02-18,17:36:15,14.0,31.0,2.0,25.006,121.413
74DA38F20E6E,2026-02-18,17:36:17,13.75,89.0,0.0,24.41,120.902
74DA38F21048,2026-02-18,17:36:18,19.12,100.0,35.0,22.595,120.341
74DA38F20A78,2026-02-18,17:36:21,15.62,100.0,9.0,22.904,121.124
74DA38F20B88,2026-02-18,17:36:28,17.5,100.0,0.0,22.75,120.316
74DA38F20D70,2026-02-18,17:36:33,16.12,100.0,1.0,23.05,121.164
74DA38F7C39A,2026-02-18,17:36:41,15.37,100.0,1.0,25.002,121.414
74DA38F2118E,2026-02-18,17:36:43,11.62,100.0,60.0,26.148,119.935
74DA38F20E34,2026-02-18,17:36:51,19.87,71.0,32.0,22.586,120.313
74DA38F7C47C,2026-02-18,17:36:52,15.75,97.0,0.0,25.055,121.455
74DA38F7C3D6,2026-02-18,17:36:57,15.5,100.0,0.0,25.045,121.541
74DA38F7C27E,2026-02-18,17:37:02,16.0,92.0,33.0,25.053,121.444
74DA38ED05EA,2026-02-18,17:37:07,16.5,100.0,17.0,23.394,121.357
74DA38ED0630,2026-02-18,17:37:07,17.87,100.0,0.0,23.994,121.594
74DA38ED0640,2026-02-18,17:37:07,14.37,100.0,10.0,23.154,121.266
74DA38F7C524,2026-02-18,17:37:08,13.62,100.0,67.0,25.002,121.552
74DA38F7C37C,2026-02-18,17:37:13,13.5,100.0,0.0,25.111,121.856
74DA38F208E2,2026-02-18,17:37:23,14.5,100.0,24.0,24.688,121.766
74DA38F20976,2026-02-18,17:37:23,15.62,88.0,30.0,25.127,121.746
74DA38F209EE,2026-02-18,17:37:26,19.62,100.0,0.0,23.026,121.33
74DA38F20AE6,2026-02-18,17:37:27,24.87,100.0,16.0,22.63,120.348
74DA38F7C570,2026-02-18,17:37:29,15.37,100.0,0.0,25.239,121.63
74DA38F20B5C,2026-02-18,17:37:32,-4.0,0.0,40.0,22.798,120.293
74DA38F20D16,2026-02-18,17:37:32,16.0,100.0,36.0,25.062,121.526
74DA38F21054,2026-02-18,17:37:32,24.12,62.0,23.0,22.898,120.627
74DA38F209F8,2026-02-18,17:37:35,16.25,100.0,8.0,23.157,121.4
74DA38F20AA4,2026-02-18,17:37:35,23.62,86.0,28.0,22.685,120.492
74DA38F20D2A,2026-02-18,17:37:35,15.5,71.0,0.0,25.048,121.573
74DA38F7C30E,2026-02-18,17:37:36,15.12,100.0,28.0,24.949,121.382
74DA38F7C610,2026-02-18,17:37:39,17.12,79.0,28.0,25.063,121.564
74DA38F20B26,2026-02-18,17:37:45,19.87,100.0,37.0,22.783,120.247
74DA38F7C29C,2026-02-18,17:37:45,15.62,100.0,28.0,25.02,121.416
74DA38F7C3DE,2026-02-18,17:37:45,15.87,100.0,303.0,24.972,121.537
74DA38F7C41E,2026-02-18,17:37:45,16.37,75.0,28.0,25.054,121.517
74DA38ED04F2,2026-02-18,17:37:46,16.75,100.0,7.0,23.468,121.496
74DA38ED0454,2026-02-18,17:37:58,18.25,100.0,17.0,24.053,121.599
74DA38F20F0A,2026-02-18,17:38:00,19.87,100.0,38.0,22.995,120.635
74DA38F2113E,2026-02-18,17:38:16,-4.0,0.0,6.0,22.728,120.313
74DA38ED059C,2026-02-18,17:38:17,15.62,100.0,12.0,23.706,121.412
74DA38ED06E0,2026-02-18,17:38:17,18.5,92.0,0.0,23.601,121.521
74DA38F20D2E,2026-02-18,17:38:24,15.37,100.0,0.0,25.06,121.545
74DA38F209A8,2026-02-18,17:38:39,-4.0,0.0,3.0,22.401,120.577
74DA38F7C59C,2026-02-18,17:38:41,15.5,74.0,33.0,25.103,121.487
74DA38F210E4,2026-02-18,17:38:44,17.87,100.0,18.0,23.24,120.696
74DA38F21136,2026-02-18,17:38:45,15.37,97.0,19.0,25.119,121.505
74DA38F7C4CC,2026-02-18,17:38:48,15.12,100.0,21.0,25.062,121.451
74DA38F20B82,2026-02-18,17:38:49,-4.0,0.0,4.0,22.847,120.465
74DA38ED05B6,2026-02-18,17:39:00,15.5,100.0,24.0,23.43,121.348
74DA38F7C53C,2026-02-18,17:39:06,14.12,100.0,0.0,25.11,121.804
74DA38F209A4,2026-02-18,17:39:08,18.12,100.0,0.0,22.702,120.572
74DA38F20BCA,2026-02-18,17:39:20,14.87,98.0,1.0,25.079,121.58
74DA38F7C4DE,2026-02-18,17:39:25,15.37,100.0,0.0,25.09,121.462
74DA38F20EB2,2026-02-18,17:39:26,12.5,100.0,29.0,24.324,120.835
74DA38F20D1E,2026-02-18,17:39:30,15.5,100.0,38.0,25.048,121.573
74DA38F7C5CE,2026-02-18,17:39:30,14.87,88.0,1.0,25.066,121.656
74DA38F20E9E,2026-02-18,17:39:31,14.75,100.0,30.0,24.648,121.151
74DA38F210A2,2026-02-18,17:39:36,15.37,100.0,7.0,25.12,121.466
74DA38F20B80,2026-02-18,17:39:38,17.75,100.0,1.0,22.599,120.35
74DA38F20DC0,2026-02-18,17:39:39,17.75,100.0,5.0,22.711,120.295
74DA38F7C63C,2026-02-18,17:39:40,85.25,100.0,20.0,24.998,121.425
74DA38F7C5BE,2026-02-18,17:39:41,16.12,77.0,30.0,25.092,121.523
74DA38F7C5E6,2026-02-18,17:39:50,15.62,100.0,17.0,25.107,121.843
74DA38F20BE4,2026-02-18,17:39:55,14.5,100.0,38.0,24.791,120.957
74DA38F7C366,2026-02-18,17:39:56,15.0,100.0,18.0,25.002,121.516
74DA38F20C22,2026-02-18,17:40:02,18.87,100.0,6.0,22.729,120.357
74DA38F210F6,2026-02-18,17:40:04,18.75,100.0,10.0,22.757426,121.158891
74DA38F7C3BA,2026-02-18,17:40:07,118.87,46.0,126.0,25.174,121.441
74DA38F20D4C,2026-02-18,17:40:08,18.12,100.0,0.0,22.971,121.303
74DA38F20DE0,2026-02-18,17:40:14,21.12,99.0,0.0,22.589,120.328
74DA38F209DE,2026-02-18,17:40:15,16.12,100.0,0.0,24.861,120.964
74DA38F21088,2026-02-18,17:41:01,14.87,100.0,1.0,25.068,121.588
74DA38F7C40C,2026-02-18,17:41:02,14.87,100.0,0.0,24.995,121.52
74DA38F207DE,2026-02-18,17:41:07,18.62,100.0,44.0,22.603,120.34
74DA38F21024,2026-02-18,17:41:08,15.62,100.0,0.0,24.93,121.036
74DA38F7C566,2026-02-18,17:41:16,16.5,100.0,0.0,25.051,121.448
74DA38F7C560,2026-02-18,17:41:24,14.87,96.0,0.0,25.079,121.671
74DA38F21204,2026-02-18,17:41:27,20.25,100.0,3.0,25.062,121.451
74DA38F7C616,2026-02-18,17:41:29,15.5,100.0,0.0,25.031,121.563
74DA38F20902,2026-02-18,17:41:30,19.75,100.0,0.0,22.204,120.7
74DA38F7C600,2026-02-18,17:41:30,21.25,52.0,19.0,25.07,121.586
74DA38F7C514,2026-02-18,17:41:32,15.5,99.0,30.0,25.051,121.518
74DA38F209B2,2026-02-18,17:41:36,20.25,100.0,0.0,22.363,120.599
74DA38F7C31C,2026-02-18,17:41:38,14.62,100.0,5.0,24.93,121.372
74DA38F7C3B2,2026-02-18,17:41:40,18.75,66.0,17.0,24.929,121.378
74DA38F20DD0,2026-02-18,17:41:44,18.62,100.0,2.0,22.6080258,120.3229833
74DA38F20C26,2026-02-18,17:41:48,21.75,68.0,32.0,22.676,120.342
74DA38F7C30C,2026-02-18,17:41:49,15.5,93.0,0.0,24.975,121.532
74DA38F7C47E,2026-02-18,17:41:58,15.12,100.0,37.0,25.053963,121.427681
74DA38F7C260,2026-02-18,17:42:12,15.12,100.0,0.0,25.065,121.425
74DA38F20A30,2026-02-18,17:42:18,15.12,84.0,0.0,24.948,121.372
74DA38F20AAA,2026-02-18,17:42:26,13.25,100.0,14.0,24.6,120.999
74DA38F20D1A,2026-02-18,17:42:34,15.75,84.0,0.0,25.078,121.541
74DA38F20A78,2026-02-18,17:42:35,15.75,100.0,9.0,22.904,121.124
74DA38F20D70,2026-02-18,17:42:47,16.0,100.0,1.0,23.05,121.164
74DA38F7C464,2026-02-18,17:42:51,14.0,31.0,2.0,25.006,121.413
74DA38F21048,2026-02-18,17:43:00,19.25,100.0,37.0,22.595,120.341
74DA38F20B88,2026-02-18,17:43:01,17.5,100.0,1.0,22.75,120.316
74DA38F7C47C,2026-02-18,17:43:07,15.75,97.0,0.0,25.055,121.455
74DA38F20E34,2026-02-18,17:43:15,20.12,71.0,33.0,22.586,120.313
74DA38F7C27E,2026-02-18,17:43:16,15.87,92.0,32.0,25.053,121.444
74DA38F7C39A,2026-02-18,17:43:19,15.25,100.0,2.0,25.002,121.414
74DA38ED05EA,2026-02-18,17:43:24,16.5,100.0,17.0,23.394,121.357
74DA38ED0640,2026-02-18,17:43:24,14.37,100.0,10.0,23.154,121.266
74DA38F2118E,2026-02-18,17:43:28,11.62,100.0,61.0,26.148,119.935
74DA38F7C3D6,2026-02-18,17:43:33,15.5,100.0,0.0,25.045,121.541
74DA38F20976,2026-02-18,17:43:38,15.62,88.0,31.0,25.127,121.746
74DA38F209EE,2026-02-18,17:43:38,19.62,100.0,0.0,23.026,121.33
74DA38F208E2,2026-02-18,17:43:40,14.37,100.0,14.0,24.688,121.766
74DA38F20AE6,2026-02-18,17:43:42,24.87,100.0,16.0,22.63,120.348
74DA38ED0630,2026-02-18,17:43:43,17.87,100.0,0.0,23.994,121.594
74DA38F7C3DE,2026-02-18,17:43:45,15.87,100.0,312.0,24.972,121.537
74DA38F21054,2026-02-18,17:43:46,24.12,62.0,24.0,22.898,120.627
74DA38F7C37C,2026-02-18,17:43:48,13.5,100.0,0.0,25.111,121.856
74DA38F20D16,2026-02-18,17:43:49,16.0,100.0,34.0,25.062,121.526
74DA38F20AA4,2026-02-18,17:43:50,23.62,86.0,28.0,22.685,120.492
74DA38F7C524,2026-02-18,17:43:50,13.62,100.0,66.0,25.002,121.552
74DA38F7C30E,2026-02-18,17:43:52,15.0,100.0,28.0,24.949,121.382
74DA38F7C610,2026-02-18,17:43:55,17.12,78.0,27.0,25.063,121.564
74DA38ED04F2,2026-02-18,17:43:59,16.62,100.0,8.0,23.468,121.496
74DA38F7C41E,2026-02-18,17:44:01,16.37,75.0,29.0,25.054,121.517
74DA38F7C29C,2026-02-18,17:44:02,15.75,100.0,27.0,25.02,121.416
74DA38F7C570,2026-02-18,17:44:05,15.5,100.0,1.0,25.239,121.63
74DA38F209F8,2026-02-18,17:44:10,16.37,100.0,8.0,23.157,121.4
74DA38F20D2A,2026-02-18,17:44:13,15.5,71.0,0.0,25.048,121.573
74DA38F20B26,2026-02-18,17:44:21,19.87,100.0,36.0,22.783,120.247
74DA38F20F0A,2026-02-18,17:44:25,19.87,100.0,43.0,22.995,120.635
74DA38F2104E,2026-02-18,17:44:26,20.0,100.0,34.0,23.108,120.7
74DA38ED0454,2026-02-18,17:44:27,18.25,100.0,15.0,24.053,121.599
74DA38ED059C,2026-02-18,17:44:35,15.62,100.0,15.0,23.706,121.412
74DA38ED06E0,2026-02-18,17:44:35,18.5,91.0,0.0,23.601,121.521
74DA38F210E4,2026-02-18,17:44:58,17.87,100.0,16.0,23.24,120.696
74DA38F7C59C,2026-02-18,17:44:58,15.37,74.0,33.0,25.103,121.487
74DA38F20D2E,2026-02-18,17:44:59,15.5,100.0,0.0,25.06,121.545
74DA38F7C4CC,2026-02-18,17:45:04,15.25,100.0,22.0,25.062,121.451
74DA38ED05B6,2026-02-18,17:45:14,15.5,100.0,24.0,23.43,121.348
74DA38F20BD0,2026-02-18,17:45:17,-4.0,0.0,32.0,22.688,120.408
74DA38F7C53C,2026-02-18,17:45:41,14.12,100.0,0.0,25.11,121.804
74DA38F2113E,2026-02-18,17:45:42,-4.0,0.0,2.0,22.728,120.313
74DA38F7C4DE,2026-02-18,17:45:43,15.37,100.0,0.0,25.09,121.462
74DA38F209A4,2026-02-18,17:45:45,18.12,100.0,0.0,22.702,120.572
74DA38F20E9E,2026-02-18,17:45:45,14.87,100.0,27.0,24.648,121.151
74DA38F20EB2,2026-02-18,17:45:48,12.62,100.0,29.0,24.324,120.835
74DA38F210A2,2026-02-18,17:45:50,15.25,100.0,7.0,25.12,121.466
74DA38F20D1E,2026-02-18,17:45:54,15.62,100.0,38.0,25.048,121.573
74DA38F7C63C,2026-02-18,17:45:57,85.25,100.0,20.0,24.998,121.425
74DA38F20BCA,2026-02-18,17:45:58,15.0,97.0,0.0,25.079,121.58
74DA38F7C5BE,2026-02-18,17:46:03,15.87,77.0,31.0,25.092,121.523
74DA38F7C5CE,2026-02-18,17:46:06,14.87,88.0,1.0,25.066,121.656
74DA38F20BE4,2026-02-18,17:46:11,14.62,100.0,38.0,24.791,120.957
74DA38F7C366,2026-02-18,17:46:11,14.87,100.0,18.0,25.002,121.516
74DA38F7C5E6,2026-02-18,17:46:11,15.62,100.0,19.0,25.107,121.843
74DA38F20B80,2026-02-18,17:46:13,17.62,100.0,3.0,22.599,120.35
74DA38F20DC0,2026-02-18,17:46:14,17.75,100.0,1.0,22.711,120.295
74DA38F7C3BA,2026-02-18,17:46:15,118.87,46.0,129.0,25.174,121.441
74DA38F210F6,2026-02-18,17:46:16,18.75,100.0,10.0,22.757426,121.158891
74DA38F7C562,2026-02-18,17:46:16,14.5,100.0,30.0,25.021,121.418
74DA38F20C22,2026-02-18,17:46:37,19.25,100.0,2.0,22.729,120.357
74DA38F20D4C,2026-02-18,17:46:41,18.0,100.0,0.0,22.971,121.303
74DA38F209DE,2026-02-18,17:46:49,16.12,100.0,2.0,24.861,120.964
74DA38F20DE0,2026-02-18,17:46:49,21.0,99.0,1.0,22.589,120.328
74DA38F20B5C,2026-02-18,17:47:02,-4.0,0.0,40.0,22.798,120.293
74DA38F7C40C,2026-02-18,17:47:14,14.75,100.0,0.0,24.995,121.52
74DA38F207DE,2026-02-18,17:47:25,18.62,100.0,43.0,22.603,120.34
74DA38F21088,2026-02-18,17:47:34,14.87,100.0,1.0,25.068,121.588
74DA38F20902,2026-02-18,17:47:40,19.75,99.0,1.0,22.204,120.7
74DA38F21024,2026-02-18,17:47:40,15.62,100.0,0.0,24.93,121.036
74DA38F7C600,2026-02-18,17:47:41,21.0,55.0,20.0,25.07,121.586
74DA38F21204,2026-02-18,17:47:43,20.25,100.0,3.0,25.062,121.451
74DA38F7C616,2026-02-18,17:47:43,15.5,100.0,0.0,25.031,121.563
74DA38F7C514,2026-02-18,17:47:46,15.5,99.0,30.0,25.051,121.518
74DA38F7C566,2026-02-18,17:47:47,16.5,100.0,0.0,25.051,121.448
74DA38F7C3B2,2026-02-18,17:47:50,18.75,66.0,16.0,24.929,121.378
74DA38F7C560,2026-02-18,17:47:56,14.87,96.0,0.0,25.079,121.671
74DA38F20C26,2026-02-18,17:48:04,21.5,68.0,32.0,22.676,120.342
74DA38F209B2,2026-02-18,17:48:08,19.37,100.0,1.0,22.363,120.599
74DA38F7C30C,2026-02-18,17:48:08,15.5,93.0,0.0,24.975,121.532
74DA38F7C47E,2026-02-18,17:48:13,15.25,100.0,36.0,25.053963,121.427681
74DA38F7C31C,2026-02-18,17:48:15,14.62,100.0,6.0,24.93,121.372
74DA38F20DD0,2026-02-18,17:48:17,18.87,100.0,1.0,22.6080258,120.3229833
74DA38F209A8,2026-02-18,17:48:22,-4.0,0.0,1.0,22.401,120.577
74DA38F20B82,2026-02-18,17:48:24,-4.0,0.0,3.0,22.847,120.465
74DA38F7C3DC,2026-02-18,17:48:29,14.5,100.0,36.0,25.003,121.539
74DA38F20AAA,2026-02-18,17:48:37,13.25,100.0,13.0,24.6,120.999
74DA38F7C260,2026-02-18,17:48:43,15.12,100.0,0.0,25.065,121.425
74DA38F20A78,2026-02-18,17:48:44,15.75,100.0,9.0,22.904,121.124
74DA38F20A30,2026-02-18,17:48:51,15.25,84.0,0.0,24.948,121.372
74DA38F20D70,2026-02-18,17:48:55,16.0,100.0,1.0,23.05,121.164
74DA38F20D1A,2026-02-18,17:49:05,15.75,84.0,0.0,25.078,121.541
74DA38F7C47C,2026-02-18,17:49:18,15.62,98.0,0.0,25.055,121.455
74DA38F7C464,2026-02-18,17:49:24,14.0,33.0,1.0,25.006,121.413
74DA38F7C27E,2026-02-18,17:49:31,15.87,92.0,32.0,25.053,121.444
74DA38F20B88,2026-02-18,17:49:32,17.5,100.0,0.0,22.75,120.316
74DA38F20E34,2026-02-18,17:49:33,20.0,71.0,33.0,22.586,120.313
74DA38ED05EA,2026-02-18,17:49:34,16.5,100.0,17.0,23.394,121.357
74DA38ED0640,2026-02-18,17:49:34,14.25,100.0,12.0,23.154,121.266
74DA38F21048,2026-02-18,17:49:35,18.87,100.0,35.0,22.595,120.341
74DA38F7C3DE,2026-02-18,17:49:42,15.87,100.0,309.0,24.972,121.537
74DA38F209EE,2026-02-18,17:49:45,19.62,100.0,0.0,23.026,121.33
74DA38F208E2,2026-02-18,17:49:49,14.5,100.0,15.0,24.688,121.766
74DA38F20976,2026-02-18,17:49:49,15.62,87.0,31.0,25.127,121.746
74DA38F20AE6,2026-02-18,17:49:50,24.75,100.0,16.0,22.63,120.348
74DA38F7C39A,2026-02-18,17:49:50,15.37,100.0,0.0,25.002,121.414
74DA38F21054,2026-02-18,17:49:55,24.25,62.0,24.0,22.898,120.627
74DA38F20AA4,2026-02-18,17:49:58,23.62,86.0,28.0,22.685,120.492
74DA38F20D16,2026-02-18,17:50:01,16.0,100.0,34.0,25.062,121.526
74DA38F7C3D6,2026-02-18,17:50:02,15.5,100.0,0.0,25.045,121.541
74DA38F7C30E,2026-02-18,17:50:05,15.0,100.0,30.0,24.949,121.382
74DA38F7C610,2026-02-18,17:50:06,17.12,78.0,27.0,25.063,121.564
74DA38F2118E,2026-02-18,17:50:07,11.5,100.0,61.0,26.148,119.935
74DA38F7C29C,2026-02-18,17:50:13,15.75,100.0,27.0,25.02,121.416
74DA38ED04F2,2026-02-18,17:50:14,16.5,100.0,8.0,23.468,121.496
74DA38ED0630,2026-02-18,17:50:14,18.0,100.0,0.0,23.994,121.594
74DA38F7C41E,2026-02-18,17:50:14,16.37,75.0,29.0,25.054,121.517
74DA38F7C37C,2026-02-18,17:50:19,13.62,100.0,0.0,25.111,121.856
74DA38F7C524,2026-02-18,17:50:28,13.62,100.0,67.0,25.002,121.552
74DA38F7C570,2026-02-18,17:50:35,15.37,100.0,1.0,25.239,121.63
74DA38F209F8,2026-02-18,17:50:40,16.37,100.0,1.0,23.157,121.4
74DA38F2104E,2026-02-18,17:50:40,20.12,100.0,40.0,23.108,120.7
74DA38ED0454,2026-02-18,17:50:41,18.25,100.0,15.0,24.053,121.599
74DA38ED059C,2026-02-18,17:50:43,15.62,100.0,15.0,23.706,121.412
74DA38ED06E0,2026-02-18,17:50:43,18.37,92.0,0.0,23.601,121.521
74DA38F20F0A,2026-02-18,17:50:46,19.75,100.0,39.0,22.995,120.635
74DA38F20D2A,2026-02-18,17:50:47,15.5,71.0,0.0,25.048,121.573
74DA38F21136,2026-02-18,17:50:57,15.25,98.0,18.0,25.119,121.505
74DA38F210E4,2026-02-18,17:51:08,18.12,100.0,16.0,23.24,120.696
74DA38F7C59C,2026-02-18,17:51:09,15.5,74.0,33.0,25.103,121.487
74DA38F7C4CC,2026-02-18,17:51:13,15.25,100.0,21.0,25.062,121.451
74DA38ED05B6,2026-02-18,17:51:24,15.62,100.0,24.0,23.43,121.348
74DA38F20D2E,2026-02-18,17:51:28,15.5,100.0,0.0,25.06,121.545
74DA38F20E9E,2026-02-18,17:51:56,14.75,100.0,27.0,24.648,121.151
74DA38F210A2,2026-02-18,17:51:56,15.5,100.0,6.0,25.12,121.466
74DA38F7C4DE,2026-02-18,17:51:57,15.25,100.0,0.0,25.09,121.462
74DA38F20EB2,2026-02-18,17:52:00,12.5,100.0,29.0,24.324,120.835
74DA38F7C63C,2026-02-18,17:52:05,85.25,100.0,20.0,24.998,121.425
74DA38F7C53C,2026-02-18,17:52:08,14.12,100.0,0.0,25.11,121.804
74DA38F20D1E,2026-02-18,17:52:10,15.62,100.0,37.0,25.048,121.573
74DA38F209A4,2026-02-18,17:52:14,18.0,100.0,0.0,22.702,120.572
74DA38F7C3BA,2026-02-18,17:52:15,118.87,46.0,135.0,25.174,121.441
74DA38F7C5BE,2026-02-18,17:52:15,16.0,77.0,30.0,25.092,121.523
74DA38F7C366,2026-02-18,17:52:18,14.87,100.0,18.0,25.002,121.516
74DA38F7C5E6,2026-02-18,17:52:20,15.62,100.0,18.0,25.107,121.843
74DA38F210F6,2026-02-18,17:52:21,18.75,100.0,10.0,22.757426,121.158891
74DA38F20BE4,2026-02-18,17:52:24,14.75,100.0,38.0,24.791,120.957
74DA38F20BCA,2026-02-18,17:52:26,15.0,97.0,0.0,25.079,121.58
74DA38F7C5CE,2026-02-18,17:52:35,14.87,88.0,2.0,25.066,121.656
74DA38F20B80,2026-02-18,17:52:42,17.75,100.0,1.0,22.599,120.35
74DA38F20DC0,2026-02-18,17:52:45,17.87,100.0,2.0,22.711,120.295
74DA38F2113E,2026-02-18,17:52:59,-4.0,0.0,2.0,22.728,120.313
74DA38F20C22,2026-02-18,17:53:05,19.25,100.0,0.0,22.729,120.357
74DA38F20D4C,2026-02-18,17:53:09,18.12,100.0,0.0,22.971,121.303
74DA38F209DE,2026-02-18,17:53:17,16.12,100.0,0.0,24.861,120.964
74DA38F20DE0,2026-02-18,17:53:20,21.0,99.0,2.0,22.589,120.328
74DA38F7C40C,2026-02-18,17:53:20,14.75,100.0,0.0,24.995,121.52
74DA38F207DE,2026-02-18,17:53:39,18.62,100.0,41.0,22.603,120.34
74DA38F20902,2026-02-18,17:53:45,19.87,98.0,0.0,22.204,120.7
74DA38F7C600,2026-02-18,17:53:47,20.75,55.0,20.0,25.07,121.586
74DA38F21204,2026-02-18,17:53:49,20.25,100.0,3.0,25.062,121.451
74DA38F7C616,2026-02-18,17:53:51,15.5,100.0,0.0,25.031,121.563
74DA38F7C3B2,2026-02-18,17:53:57,18.75,66.0,16.0,24.929,121.378
74DA38F7C514,2026-02-18,17:53:57,15.37,99.0,30.0,25.051,121.518
74DA38F21088,2026-02-18,17:54:05,14.87,100.0,1.0,25.068,121.588
74DA38F21024,2026-02-18,17:54:09,15.62,100.0,0.0,24.93,121.036
74DA38F20C26,2026-02-18,17:54:17,21.62,68.0,32.0,22.676,120.342
74DA38F7C566,2026-02-18,17:54:17,16.37,100.0,0.0,25.051,121.448
74DA38F7C30C,2026-02-18,17:54:22,15.5,93.0,0.0,24.975,121.532
74DA38F7C560,2026-02-18,17:54:25,14.87,95.0,0.0,25.079,121.671
74DA38F7C47E,2026-02-18,17:54:26,15.5,100.0,36.0,25.053963,121.427681
74DA38F20E6E,2026-02-18,17:54:30,13.5,91.0,0.0,24.41,120.902
74DA38F209B2,2026-02-18,17:54:36,19.5,100.0,0.0,22.363,120.599
74DA38F7C3DC,2026-02-18,17:54:41,14.5,100.0,36.0,25.003,121.539
74DA38F20AAA,2026-02-18,17:54:46,13.25,100.0,13.0,24.6,120.999
74DA38F20DD0,2026-02-18,17:54:47,18.75,100.0,0.0,22.6080258,120.3229833
74DA38F20A78,2026-02-18,17:54:50,15.75,100.0,10.0,22.904,121.124
74DA38F7C31C,2026-02-18,17:54:54,14.62,100.0,4.0,24.93,121.372
74DA38F20D70,2026-02-18,17:55:03,16.12,100.0,1.0,23.05,121.164
74DA38F7C260,2026-02-18,17:55:13,15.0,100.0,2.0,25.065,121.425
74DA38F20A30,2026-02-18,17:55:21,15.25,84.0,0.0,24.948,121.372
74DA38F7C47C,2026-02-18,17:55:27,15.87,97.0,0.0,25.055,121.455
74DA38F20D1A,2026-02-18,17:55:32,15.75,84.0,0.0,25.078,121.541
74DA38ED05EA,2026-02-18,17:55:39,16.5,100.0,17.0,23.394,121.357
74DA38F7C3DE,2026-02-18,17:55:39,16.0,100.0,305.0,24.972,121.537
74DA38ED0640,2026-02-18,17:55:41,14.25,100.0,12.0,23.154,121.266
74DA38F7C27E,2026-02-18,17:55:41,15.87,92.0,32.0,25.053,121.444
74DA38F20E34,2026-02-18,17:55:47,19.87,71.0,32.0,22.586,120.313
74DA38F209EE,2026-02-18,17:55:50,19.62,100.0,0.0,23.026,121.33
74DA38F20BD0,2026-02-18,17:55:50,-4.0,0.0,33.0,22.688,120.408
74DA38F208E2,2026-02-18,17:55:57,14.75,100.0,15.0,24.688,121.766
74DA38F20AE6,2026-02-18,17:55:57,24.87,100.0,16.0,22.63,120.348
74DA38F20976,2026-02-18,17:56:00,15.62,88.0,30.0,25.127,121.746
74DA38F20B88,2026-02-18,17:56:00,17.62,100.0,0.0,22.75,120.316
74DA38F21054,2026-02-18,17:56:02,24.12,62.0,24.0,22.898,120.627
74DA38F7C464,2026-02-18,17:56:05,14.0,33.0,0.0,25.006,121.413
74DA38F21048,2026-02-18,17:56:06,18.75,100.0,34.0,22.595,120.341
74DA38F20AA4,2026-02-18,17:56:08,23.5,86.0,29.0,22.685,120.492
74DA38F20D16,2026-02-18,17:56:12,16.0,100.0,34.0,25.062,121.526
74DA38F7C30E,2026-02-18,17:56:16,14.87,100.0,28.0,24.949,121.382
74DA38F7C610,2026-02-18,17:56:18,17.12,78.0,26.0,25.063,121.564
74DA38F7C39A,2026-02-18,17:56:20,15.37,100.0,1.0,25.002,121.414
74DA38ED04F2,2026-02-18,17:56:22,16.5,100.0,8.0,23.468,121.496
74DA38F7C29C,2026-02-18,17:56:23,15.75,100.0,26.0,25.02,121.416
74DA38F7C41E,2026-02-18,17:56:24,16.37,75.0,28.0,25.054,121.517
74DA38F20B5C,2026-02-18,17:56:29,-4.0,0.0,40.0,22.798,120.293
74DA38F7C3D6,2026-02-18,17:56:29,15.5,100.0,0.0,25.045,121.541
74DA38F2118E,2026-02-18,17:56:41,11.62,100.0,60.0,26.148,119.935
74DA38ED0630,2026-02-18,17:56:42,18.0,100.0,0.0,23.994,121.594
74DA38F7C37C,2026-02-18,17:56:48,13.62,100.0,0.0,25.111,121.856
74DA38ED06E0,2026-02-18,17:56:49,18.37,92.0,0.0,23.601,121.521
74DA38ED059C,2026-02-18,17:56:51,15.62,100.0,18.0,23.706,121.412
74DA38F2104E,2026-02-18,17:56:54,20.12,100.0,36.0,23.108,120.7
74DA38ED0454,2026-02-18,17:57:02,18.12,100.0,16.0,24.053,121.599
74DA38F7C524,2026-02-18,17:57:02,13.62,100.0,65.0,25.002,121.552
74DA38F7C570,2026-02-18,17:57:03,15.37,100.0,0.0,25.239,121.63
74DA38F20F0A,2026-02-18,17:57:07,19.75,100.0,30.0,22.995,120.635
74DA38F21136,2026-02-18,17:57:07,15.37,98.0,19.0,25.119,121.505
74DA38F209F8,2026-02-18,17:57:10,16.37,100.0,1.0,23.157,121.4
74DA38F20D2A,2026-02-18,17:57:16,15.5,71.0,0.0,25.048,121.573
74DA38F210E4,2026-02-18,17:57:17,18.37,100.0,21.0,23.24,120.696
74DA38F20B26,2026-02-18,17:57:19,19.87,100.0,36.0,22.783,120.247
74DA38F7C59C,2026-02-18,17:57:19,15.5,74.0,33.0,25.103,121.487
74DA38F7C4CC,2026-02-18,17:57:21,15.25,100.0,20.0,25.062,121.451
74DA38ED05B6,2026-02-18,17:57:30,15.62,100.0,23.0,23.43,121.348
74DA38F20B82,2026-02-18,17:57:56,-4.0,0.0,3.0,22.847,120.465
74DA38F20D2E,2026-02-18,17:57:58,15.37,100.0,1.0,25.06,121.545
74DA38F209A8,2026-02-18,17:58:01,-4.0,0.0,2.0,22.401,120.577
74DA38F210A2,2026-02-18,17:58:03,15.5,100.0,7.0,25.12,121.466
74DA38F20E9E,2026-02-18,17:58:05,14.75,100.0,25.0,24.648,121.151
74DA38F7C4DE,2026-02-18,17:58:10,15.37,100.0,0.0,25.09,121.462
74DA38F20EB2,2026-02-18,17:58:12,12.5,100.0,28.0,24.324,120.835
74DA38F7C63C,2026-02-18,17:58:14,85.25,100.0,21.0,24.998,121.425
74DA38F7C3BA,2026-02-18,17:58:15,118.87,46.0,123.0,25.174,121.441
74DA38F7C366,2026-02-18,17:58:26,14.87,100.0,17.0,25.002,121.516
74DA38F7C5BE,2026-02-18,17:58:26,16.0,77.0,31.0,25.092,121.523
74DA38F210F6,2026-02-18,17:58:27,18.75,100.0,10.0,22.757426,121.158891
74DA38F20D1E,2026-02-18,17:58:29,15.62,100.0,37.0,25.048,121.573
74DA38F7C5E6,2026-02-18,17:58:31,15.75,100.0,19.0,25.107,121.843
74DA38F20BE4,2026-02-18,17:58:32,14.75,100.0,37.0,24.791,120.957
74DA38F7C53C,2026-02-18,17:58:37,14.12,100.0,1.0,25.11,121.804
74DA38F209A4,2026-02-18,17:58:44,18.12,100.0,1.0,22.702,120.572
74DA38F7C5CE,2026-02-18,17:59:02,14.75,88.0,0.0,25.066,121.656
74DA38F20BCA,2026-02-18,17:59:04,15.0,97.0,2.0,25.079,121.58
74DA38F20B80,2026-02-18,17:59:10,17.62,100.0,1.0,22.599,120.35
74DA38F7C562,2026-02-18,17:59:10,14.62,100.0,29.0,25.021,121.418
74DA38F20DC0,2026-02-18,17:59:12,18.0,100.0,0.0,22.711,120.295
74DA38F7C40C,2026-02-18,17:59:27,14.62,100.0,0.0,24.995,121.52
74DA38F20C22,2026-02-18,17:59:34,19.0,100.0,0.0,22.729,120.357
74DA38F20D4C,2026-02-18,17:59:37,18.12,100.0,0.0,22.971,121.303
74DA38F209DE,2026-02-18,17:59:45,16.25,100.0,0.0,24.861,120.964
74DA38F207DE,2026-02-18,17:59:51,18.87,100.0,41.0,22.603,120.34
74DA38F20902,2026-02-18,17:59:52,19.87,98.0,1.0,22.204,120.7
74DA38F20DE0,2026-02-18,17:59:52,21.0,99.0,1.0,22.589,120.328
74DA38F21204,2026-02-18,17:59:55,20.25,100.0,3.0,25.062,121.451
74DA38F7C600,2026-02-18,17:59:55,20.62,55.0,20.0,25.07,121.586
74DA38F7C616,2026-02-18,18:00:02,15.5,100.0,0.0,25.031,121.563
74DA38F7C3B2,2026-02-18,18:00:06,18.75,66.0,17.0,24.929,121.378
74DA38F7C514,2026-02-18,18:00:08,15.5,99.0,29.0,25.051,121.518
74DA38F2113E,2026-02-18,18:00:19,-4.0,0.0,3.0,22.728,120.313
74DA38F20C26,2026-02-18,18:00:30,21.25,69.0,33.0,22.676,120.342
74DA38F20E6E,2026-02-18,18:00:32,13.75,91.0,0.0,24.41,120.902
74DA38F21088,2026-02-18,18:00:34,15.0,100.0,0.0,25.068,121.588
74DA38F21024,2026-02-18,18:00:39,15.62,100.0,1.0,24.93,121.036
74DA38F7C47E,2026-02-18,18:00:39,15.25,100.0,35.0,25.053963,121.427681
74DA38F7C566,2026-02-18,18:00:45,16.5,100.0,0.0,25.051,121.448
74DA38F7C3DC,2026-02-18,18:00:53,14.37,100.0,36.0,25.003,121.539
74DA38F20AAA,2026-02-18,18:00:54,13.25,100.0,13.0,24.6,120.999
74DA38F7C560,2026-02-18,18:00:54,14.87,93.0,0.0,25.079,121.671
74DA38F20A78,2026-02-18,18:00:58,15.62,100.0,10.0,22.904,121.124
74DA38F209B2,2026-02-18,18:01:04,19.62,100.0,0.0,22.363,120.599
74DA38F20D70,2026-02-18,18:01:10,16.25,100.0,1.0,23.05,121.164
74DA38F7C31C,2026-02-18,18:01:23,14.75,100.0,5.0,24.93,121.372
74DA38F7C3DE,2026-02-18,18:01:34,16.0,100.0,316.0,24.972,121.537
74DA38F7C47C,2026-02-18,18:01:36,15.75,98.0,0.0,25.055,121.455
74DA38F7C260,2026-02-18,18:01:44,15.0,100.0,1.0,25.065,121.425
74DA38ED05EA,2026-02-18,18:01:45,16.5,100.0,18.0,23.394,121.357
74DA38ED0640,2026-02-18,18:01:49,14.12,100.0,11.0,23.154,121.266
74DA38F7C27E,2026-02-18,18:01:52,15.87,92.0,32.0,25.053,121.444
74DA38F20A30,2026-02-18,18:01:53,15.25,84.0,0.0,24.948,121.372
74DA38F209EE,2026-02-18,18:01:57,19.62,100.0,0.0,23.026,121.33
74DA38F20E34,2026-02-18,18:02:00,19.75,71.0,30.0,22.586,120.313
74DA38F20D1A,2026-02-18,18:02:02,15.75,84.0,0.0,25.078,121.541
74DA38F208E2,2026-02-18,18:02:04,14.62,100.0,10.0,24.688,121.766
74DA38F20AE6,2026-02-18,18:02:05,24.75,100.0,16.0,22.63,120.348
74DA38F21054,2026-02-18,18:02:08,24.12,62.0,24.0,22.898,120.627
74DA38F20976,2026-02-18,18:02:15,15.75,87.0,31.0,25.127,121.746
74DA38F20AA4,2026-02-18,18:02:21,23.62,87.0,29.0,22.685,120.492
74DA38F20D16,2026-02-18,18:02:23,16.0,100.0,33.0,25.062,121.526
74DA38F7C30E,2026-02-18,18:02:27,15.0,100.0,29.0,24.949,121.382
74DA38F20B88,2026-02-18,18:02:29,17.37,100.0,1.0,22.75,120.316
74DA38F7C610,2026-02-18,18:02:29,17.12,78.0,27.0,25.063,121.564
74DA38F7C29C,2026-02-18,18:02:31,15.75,100.0,27.0,25.02,121.416
74DA38ED04F2,2026-02-18,18:02:32,16.37,100.0,7.0,23.468,121.496
74DA38F7C41E,2026-02-18,18:02:34,16.37,75.0,27.0,25.054,121.517
74DA38F21048,2026-02-18,18:02:39,19.0,100.0,34.0,22.595,120.341
74DA38F7C464,2026-02-18,18:02:39,14.12,35.0,0.0,25.006,121.413
74DA38F7C39A,2026-02-18,18:02:50,15.37,100.0,0.0,25.002,121.414
74DA38ED06E0,2026-02-18,18:02:56,18.37,91.0,0.0,23.601,121.521
74DA38F7C3D6,2026-02-18,18:02:58,15.5,100.0,0.0,25.045,121.541
74DA38ED059C,2026-02-18,18:03:00,15.62,100.0,21.0,23.706,121.412
74DA38F2104E,2026-02-18,18:03:08,20.12,100.0,35.0,23.108,120.7
74DA38ED0630,2026-02-18,18:03:11,18.12,100.0,0.0,23.994,121.594
74DA38F21136,2026-02-18,18:03:15,15.37,97.0,19.0,25.119,121.505
74DA38F7C37C,2026-02-18,18:03:18,13.62,100.0,0.0,25.111,121.856
74DA38F2118E,2026-02-18,18:03:20,11.75,100.0,61.0,26.148,119.935
74DA38F20F0A,2026-02-18,18:03:27,19.75,100.0,32.0,22.995,120.635
74DA38F210E4,2026-02-18,18:03:27,18.5,100.0,31.0,23.24,120.696
74DA38ED0454,2026-02-18,18:03:29,18.12,100.0,16.0,24.053,121.599
74DA38F7C59C,2026-02-18,18:03:29,15.5,74.0,33.0,25.103,121.487
74DA38F7C4CC,2026-02-18,18:03:31,15.25,100.0,18.0,25.062,121.451
74DA38F20B26,2026-02-18,18:03:32,19.75,100.0,36.0,22.783,120.247
74DA38F7C570,2026-02-18,18:03:32,15.37,100.0,0.0,25.239,121.63
74DA38F7C524,2026-02-18,18:03:37,13.62,100.0,66.0,25.002,121.552
74DA38ED05B6,2026-02-18,18:03:38,15.62,100.0,23.0,23.43,121.348
74DA38F209F8,2026-02-18,18:03:38,16.37,100.0,0.0,23.157,121.4
74DA38F20D2A,2026-02-18,18:03:45,15.62,71.0,0.0,25.048,121.573
74DA38F210A2,2026-02-18,18:04:09,15.5,100.0,8.0,25.12,121.466
74DA38F20E9E,2026-02-18,18:04:13,14.75,100.0,26.0,24.648,121.151
74DA38F7C4DE,2026-02-18,18:04:19,15.37,100.0,0.0,25.09,121.462
74DA38F7C3BA,2026-02-18,18:04:21,118.87,46.0,127.0,25.174,121.441
74DA38F7C63C,2026-02-18,18:04:24,85.25,100.0,20.0,24.998,121.425
74DA38F20D2E,2026-02-18,18:04:28,15.5,100.0,1.0,25.06,121.545
74DA38F210F6,2026-02-18,18:04:32,18.87,100.0,9.0,22.757426,121.158891
74DA38F7C366,2026-02-18,18:04:33,14.87,100.0,17.0,25.002,121.516
74DA38F7C5BE,2026-02-18,18:04:38,15.87,77.0,31.0,25.092,121.523
74DA38F20BE4,2026-02-18,18:04:42,14.75,100.0,36.0,24.791,120.957
74DA38F7C5E6,2026-02-18,18:04:42,15.62,100.0,18.0,25.107,121.843
74DA38F20D1E,2026-02-18,18:04:50,15.75,100.0,38.0,25.048,121.573
74DA38F7C53C,2026-02-18,18:05:04,14.12,100.0,0.0,25.11,121.804
74DA38F209A4,2026-02-18,18:05:13,18.12,100.0,0.0,22.702,120.572
74DA38F7C562,2026-02-18,18:05:24,14.75,100.0,30.0,25.021,121.418
74DA38F20BCA,2026-02-18,18:05:32,15.12,97.0,0.0,25.079,121.58
74DA38F7C5CE,2026-02-18,18:05:32,14.62,88.0,1.0,25.066,121.656
74DA38F7C40C,2026-02-18,18:05:34,14.62,100.0,0.0,24.995,121.52
74DA38F20B80,2026-02-18,18:05:37,17.75,100.0,1.0,22.599,120.35
74DA38F20DC0,2026-02-18,18:05:41,18.12,100.0,0.0,22.711,120.295
74DA38F20B5C,2026-02-18,18:05:53,-4.0,0.0,41.0,22.798,120.293
74DA38F20902,2026-02-18,18:05:59,19.87,98.0,1.0,22.204,120.7
74DA38F207DE,2026-02-18,18:06:01,18.87,100.0,42.0,22.603,120.34
74DA38F20C22,2026-02-18,18:06:01,18.5,100.0,3.0,22.729,120.357
74DA38F7C600,2026-02-18,18:06:03,20.62,55.0,20.0,25.07,121.586
74DA38F20D4C,2026-02-18,18:06:06,18.0,100.0,0.0,22.971,121.303
74DA38F21204,2026-02-18,18:06:07,20.37,100.0,3.0,25.062,121.451
74DA38F7C616,2026-02-18,18:06:09,15.5,100.0,0.0,25.031,121.563
74DA38F209DE,2026-02-18,18:06:14,16.37,100.0,0.0,24.861,120.964
74DA38F7C3B2,2026-02-18,18:06:14,18.75,66.0,16.0,24.929,121.378
74DA38F20DE0,2026-02-18,18:06:21,20.87,99.0,0.0,22.589,120.328
74DA38F7C514,2026-02-18,18:06:23,15.5,99.0,29.0,25.051,121.518
74DA38F20BD0,2026-02-18,18:06:25,-4.0,0.0,33.0,22.688,120.408
74DA38F20E6E,2026-02-18,18:06:34,13.87,90.0,0.0,24.41,120.902
74DA38F20C26,2026-02-18,18:06:43,20.37,70.0,32.0,22.676,120.342
74DA38F7C47E,2026-02-18,18:06:50,15.37,100.0,35.0,25.053963,121.427681
74DA38F7C338,2026-02-18,18:06:56,17.87,91.0,27.0,25.011,121.458
74DA38F20AAA,2026-02-18,18:07:03,13.25,100.0,13.0,24.6,120.999
74DA38F21088,2026-02-18,18:07:03,14.87,100.0,1.0,25.068,121.588
74DA38F7C3DC,2026-02-18,18:07:04,14.37,100.0,35.0,25.003,121.539
74DA38F20A78,2026-02-18,18:07:05,15.62,100.0,11.0,22.904,121.124
74DA38F21024,2026-02-18,18:07:09,15.75,100.0,1.0,24.93,121.036
74DA38F7C566,2026-02-18,18:07:14,16.5,100.0,0.0,25.051,121.448
74DA38F20D70,2026-02-18,18:07:16,16.37,100.0,1.0,23.05,121.164
74DA38F7C30C,2026-02-18,18:07:16,15.37,94.0,0.0,24.975,121.532
74DA38F7C560,2026-02-18,18:07:22,15.0,93.0,0.0,25.079,121.671
74DA38F20B82,2026-02-18,18:07:28,-4.0,0.0,3.0,22.847,120.465
74DA38F7C3DE,2026-02-18,18:07:30,16.0,100.0,310.0,24.972,121.537
74DA38F209B2,2026-02-18,18:07:32,19.37,100.0,0.0,22.363,120.599
74DA38F2113E,2026-02-18,18:07:37,-4.0,0.0,3.0,22.728,120.313
74DA38F209A8,2026-02-18,18:07:40,-4.0,0.0,1.0,22.401,120.577
74DA38F7C47C,2026-02-18,18:07:46,15.75,98.0,0.0,25.055,121.455
74DA38ED05EA,2026-02-18,18:07:51,16.37,100.0,19.0,23.394,121.357
74DA38F7C31C,2026-02-18,18:07:53,14.75,100.0,3.0,24.93,121.372
74DA38F20DD0,2026-02-18,18:07:56,18.5,100.0,2.0,22.6080258,120.3229833
74DA38ED0640,2026-02-18,18:07:57,14.12,100.0,10.0,23.154,121.266
74DA38F209EE,2026-02-18,18:08:03,19.75,100.0,0.0,23.026,121.33
74DA38F7C27E,2026-02-18,18:08:03,16.0,92.0,31.0,25.053,121.444
74DA38F208E2,2026-02-18,18:08:09,14.62,100.0,16.0,24.688,121.766
74DA38F20E34,2026-02-18,18:08:11,19.75,71.0,29.0,22.586,120.313
74DA38F20AE6,2026-02-18,18:08:12,24.75,100.0,17.0,22.63,120.348
74DA38F21054,2026-02-18,18:08:15,24.12,62.0,23.0,22.898,120.627
74DA38F7C260,2026-02-18,18:08:19,15.0,100.0,0.0,25.065,121.425
74DA38F20A30,2026-02-18,18:08:22,15.25,84.0,0.0,24.948,121.372
74DA38F20976,2026-02-18,18:08:27,15.75,87.0,30.0,25.127,121.746
74DA38F20D1A,2026-02-18,18:08:30,15.75,84.0,0.0,25.078,121.541
74DA38F20AA4,2026-02-18,18:08:32,23.5,87.0,30.0,22.685,120.492
74DA38F20D16,2026-02-18,18:08:33,16.0,100.0,33.0,25.062,121.526
74DA38F7C610,2026-02-18,18:08:37,17.0,78.0,26.0,25.063,121.564
74DA38F7C29C,2026-02-18,18:08:40,15.75,100.0,26.0,25.02,121.416
74DA38ED04F2,2026-02-18,18:08:41,16.37,100.0,7.0,23.468,121.496
74DA38F7C41E,2026-02-18,18:08:43,16.25,75.0,28.0,25.054,121.517
74DA38F7C30E,2026-02-18,18:08:45,15.0,100.0,28.0,24.949,121.382
74DA38F20B88,2026-02-18,18:08:59,17.37,100.0,0.0,22.75,120.316
74DA38ED06E0,2026-02-18,18:09:02,18.37,92.0,0.0,23.601,121.521
74DA38F7C5A0,2026-02-18,18:09:04,15.25,88.0,1.0,25.107,121.518
74DA38ED059C,2026-02-18,18:09:08,15.62,100.0,18.0,23.706,121.412
74DA38F21048,2026-02-18,18:09:12,19.37,100.0,33.0,22.595,120.341
74DA38F7C39A,2026-02-18,18:09:17,15.37,100.0,0.0,25.002,121.414
74DA38F2104E,2026-02-18,18:09:23,20.12,100.0,34.0,23.108,120.7
74DA38F21136,2026-02-18,18:09:25,15.37,97.0,19.0,25.119,121.505
74DA38F7C3D6,2026-02-18,18:09:26,15.37,100.0,0.0,25.045,121.541
74DA38F7C464,2026-02-18,18:09:37,14.0,34.0,2.0,25.006,121.413
74DA38F7C59C,2026-02-18,18:09:38,15.5,74.0,33.0,25.103,121.487
74DA38ED0630,2026-02-18,18:09:39,18.25,100.0,0.0,23.994,121.594
74DA38F210E4,2026-02-18,18:09:39,18.62,100.0,27.0,23.24,120.696
74DA38F7C4CC,2026-02-18,18:09:41,15.25,100.0,20.0,25.062,121.451
74DA38ED0454,2026-02-18,18:09:42,18.12,100.0,15.0,24.053,121.599
74DA38ED05B6,2026-02-18,18:09:44,15.75,100.0,24.0,23.43,121.348
74DA38F20F0A,2026-02-18,18:09:47,19.75,100.0,32.0,22.995,120.635
74DA38F7C37C,2026-02-18,18:09:47,13.5,100.0,0.0,25.111,121.856
74DA38F2118E,2026-02-18,18:10:00,11.62,100.0,62.0,26.148,119.935
74DA38F7C570,2026-02-18,18:10:00,15.5,100.0,0.0,25.239,121.63
74DA38F209F8,2026-02-18,18:10:07,16.5,100.0,0.0,23.157,121.4
74DA38F20B26,2026-02-18,18:10:11,19.62,100.0,34.0,22.783,120.247
74DA38F7C524,2026-02-18,18:10:13,13.62,100.0,65.0,25.002,121.552
74DA38F20D2A,2026-02-18,18:10:15,15.62,71.0,1.0,25.048,121.573
74DA38F210A2,2026-02-18,18:10:15,15.5,100.0,7.0,25.12,121.466
74DA38F20E9E,2026-02-18,18:10:20,14.75,100.0,23.0,24.648,121.151
74DA38F7C3BA,2026-02-18,18:10:24,118.87,46.0,127.0,25.174,121.441
74DA38F7C4DE,2026-02-18,18:10:33,15.37,100.0,0.0,25.09,121.462
74DA38F7C63C,2026-02-18,18:10:34,85.25,100.0,20.0,24.998,121.425
74DA38F210F6,2026-02-18,18:10:37,18.87,100.0,10.0,22.757426,121.158891
74DA38F7C366,2026-02-18,18:10:42,14.87,100.0,17.0,25.002,121.516
74DA38F20EB2,2026-02-18,18:10:44,12.75,100.0,27.0,24.324,120.835
74DA38F20BE4,2026-02-18,18:10:53,14.75,100.0,37.0,24.791,120.957
74DA38F7C5BE,2026-02-18,18:10:53,16.0,77.0,31.0,25.092,121.523
74DA38F20D2E,2026-02-18,18:10:57,15.5,100.0,1.0,25.06,121.545
74DA38F7C5E6,2026-02-18,18:10:57,15.75,100.0,18.0,25.107,121.843
74DA38F20D1E,2026-02-18,18:11:03,15.75,100.0,37.0,25.048,121.573
74DA38F7C53C,2026-02-18,18:11:33,14.12,100.0,1.0,25.11,121.804
74DA38F7C562,2026-02-18,18:11:39,14.62,100.0,29.0,25.021,121.418
74DA38F7C40C,2026-02-18,18:11:41,14.62,100.0,0.0,24.995,121.52
74DA38F209A4,2026-02-18,18:11:42,18.25,100.0,0.0,22.702,120.572
74DA38F7C5CE,2026-02-18,18:12:00,14.75,88.0,0.0,25.066,121.656
74DA38F20BCA,2026-02-18,18:12:02,15.12,97.0,0.0,25.079,121.58
74DA38F20902,2026-02-18,18:12:05,19.87,97.0,1.0,22.204,120.7
74DA38F20B80,2026-02-18,18:12:05,17.75,100.0,1.0,22.599,120.35
74DA38F20DC0,2026-02-18,18:12:10,18.12,100.0,1.0,22.711,120.295
74DA38F7C600,2026-02-18,18:12:10,20.62,55.0,19.0,25.07,121.586
74DA38F207DE,2026-02-18,18:12:12,18.75,100.0,43.0,22.603,120.34
74DA38F21204,2026-02-18,18:12:13,20.25,100.0,3.0,25.062,121.451
74DA38F7C616,2026-02-18,18:12:21,15.25,100.0,0.0,25.031,121.563
74DA38F7C3B2,2026-02-18,18:12:23,18.75,66.0,17.0,24.929,121.378
74DA38F20C22,2026-02-18,18:12:29,18.5,100.0,12.0,22.729,120.357
74DA38F20D4C,2026-02-18,18:12:33,18.0,100.0,0.0,22.971,121.303
74DA38F7C514,2026-02-18,18:12:33,15.62,99.0,29.0,25.051,121.518
74DA38F20E6E,2026-02-18,18:12:35,14.0,90.0,0.0,24.41,120.902
74DA38F209DE,2026-02-18,18:12:42,16.37,100.0,0.0,24.861,120.964
74DA38F20DE0,2026-02-18,18:12:51,21.12,99.0,1.0,22.589,120.328
74DA38F20C26,2026-02-18,18:12:56,20.37,71.0,32.0,22.676,120.342
74DA38F7C47E,2026-02-18,18:13:01,15.5,100.0,36.0,25.053963,121.427681
74DA38F20AAA,2026-02-18,18:13:20,13.37,100.0,13.0,24.6,120.999
74DA38F20A78,2026-02-18,18:13:22,15.75,100.0,9.0,22.904,121.124
74DA38F7C3DC,2026-02-18,18:13:23,14.37,100.0,34.0,25.003,121.539
74DA38F7C30C,2026-02-18,18:13:36,15.25,94.0,0.0,24.975,121.532
74DA38F20D70,2026-02-18,18:13:37,16.25,100.0,1.0,23.05,121.164
74DA38F7C3DE,2026-02-18,18:13:37,16.0,100.0,301.0,24.972,121.537
74DA38F21088,2026-02-18,18:13:45,14.87,100.0,0.0,25.068,121.588
74DA38F21024,2026-02-18,18:13:52,15.75,100.0,1.0,24.93,121.036
74DA38F7C566,2026-02-18,18:13:57,16.5,100.0,0.0,25.051,121.448
74DA38F7C560,2026-02-18,18:14:02,15.0,91.0,0.0,25.079,121.671
74DA38F7C47C,2026-02-18,18:14:04,15.75,97.0,0.0,25.055,121.455
74DA38F209B2,2026-02-18,18:14:09,19.62,100.0,2.0,22.363,120.599
74DA38ED05EA,2026-02-18,18:14:10,16.37,100.0,19.0,23.394,121.357
74DA38ED0640,2026-02-18,18:14:14,14.0,100.0,9.0,23.154,121.266
74DA38F209EE,2026-02-18,18:14:17,19.62,100.0,0.0,23.026,121.33
74DA38F7C27E,2026-02-18,18:14:21,15.87,92.0,31.0,25.053,121.444
74DA38F208E2,2026-02-18,18:14:25,14.75,100.0,23.0,24.688,121.766
74DA38F20AE6,2026-02-18,18:14:25,24.75,100.0,17.0,22.63,120.348
74DA38F20E34,2026-02-18,18:14:31,19.87,70.0,27.0,22.586,120.313
74DA38F7C31C,2026-02-18,18:14:31,14.75,100.0,6.0,24.93,121.372
74DA38F21054,2026-02-18,18:14:32,24.12,62.0,24.0,22.898,120.627
74DA38F20DD0,2026-02-18,18:14:37,18.25,100.0,2.0,22.6080258,120.3229833
74DA38F20976,2026-02-18,18:14:41,15.62,87.0,30.0,25.127,121.746
74DA38F20AA4,2026-02-18,18:14:50,23.5,87.0,30.0,22.685,120.492
74DA38F20D16,2026-02-18,18:14:52,16.0,100.0,33.0,25.062,121.526
74DA38F7C610,2026-02-18,18:14:53,17.12,78.0,26.0,25.063,121.564
74DA38F7C29C,2026-02-18,18:14:56,15.75,100.0,26.0,25.02,121.416
74DA38ED04F2,2026-02-18,18:14:58,16.37,100.0,7.0,23.468,121.496
74DA38F20A30,2026-02-18,18:15:00,15.25,84.0,0.0,24.948,121.372
74DA38F2113E,2026-02-18,18:15:01,-4.0,0.0,5.0,22.728,120.313
74DA38F7C41E,2026-02-18,18:15:01,16.25,75.0,28.0,25.054,121.517
74DA38F20D1A,2026-02-18,18:15:06,15.75,84.0,0.0,25.078,121.541
74DA38F7C30E,2026-02-18,18:15:06,15.0,100.0,27.0,24.949,121.382
74DA38F7C260,2026-02-18,18:15:17,15.0,100.0,0.0,25.065,121.425
74DA38ED06E0,2026-02-18,18:15:20,18.25,91.0,0.0,23.601,121.521
74DA38ED059C,2026-02-18,18:15:23,15.62,100.0,18.0,23.706,121.412
74DA38F20B5C,2026-02-18,18:15:25,-4.0,0.0,40.0,22.798,120.293
74DA38F20B88,2026-02-18,18:15:33,17.25,100.0,0.0,22.75,120.316
74DA38F2104E,2026-02-18,18:15:46,20.12,100.0,36.0,23.108,120.7
74DA38F21048,2026-02-18,18:15:52,19.12,100.0,33.0,22.595,120.341
74DA38F7C39A,2026-02-18,18:15:54,15.37,100.0,0.0,25.002,121.414
74DA38F210E4,2026-02-18,18:15:55,18.37,100.0,28.0,23.24,120.696
74DA38F7C59C,2026-02-18,18:15:55,15.5,74.0,34.0,25.103,121.487
74DA38ED05B6,2026-02-18,18:15:57,15.75,100.0,24.0,23.43,121.348
74DA38F7C4CC,2026-02-18,18:15:58,15.25,100.0,18.0,25.062,121.451
74DA38F7C3D6,2026-02-18,18:16:01,15.62,100.0,0.0,25.045,121.541
74DA38ED0454,2026-02-18,18:16:09,18.12,100.0,15.0,24.053,121.599
74DA38F20F0A,2026-02-18,18:16:10,19.75,100.0,29.0,22.995,120.635
74DA38ED0630,2026-02-18,18:16:14,18.25,100.0,0.0,23.994,121.594
74DA38F7C464,2026-02-18,18:16:15,14.0,33.0,0.0,25.006,121.413
74DA38F7C37C,2026-02-18,18:16:21,13.5,100.0,0.0,25.111,121.856
74DA38F210A2,2026-02-18,18:16:28,15.62,100.0,7.0,25.12,121.466
74DA38F7C3BA,2026-02-18,18:16:31,118.87,46.0,125.0,25.174,121.441
74DA38F20E9E,2026-02-18,18:16:35,14.75,100.0,23.0,24.648,121.151
74DA38F7C570,2026-02-18,18:16:36,15.37,100.0,1.0,25.239,121.63
74DA38F209F8,2026-02-18,18:16:42,16.5,100.0,0.0,23.157,121.4
74DA38F2118E,2026-02-18,18:16:45,11.62,100.0,61.0,26.148,119.935
74DA38F210F6,2026-02-18,18:16:49,18.87,100.0,10.0,22.757426,121.158891
74DA38F7C63C,2026-02-18,18:16:50,85.25,100.0,20.0,24.998,121.425
74DA38F20D2A,2026-02-18,18:16:51,15.62,71.0,0.0,25.048,121.573
74DA38F7C4DE,2026-02-18,18:16:51,15.37,100.0,0.0,25.09,121.462
74DA38F7C524,2026-02-18,18:16:52,13.75,100.0,64.0,25.002,121.552
74DA38F7C366,2026-02-18,18:16:57,15.0,100.0,17.0,25.002,121.516
74DA38F20EB2,2026-02-18,18:17:05,13.0,100.0,27.0,24.324,120.835
74DA38F20B82,2026-02-18,18:17:07,-4.0,0.0,3.0,22.847,120.465
74DA38F20BD0,2026-02-18,18:17:09,-4.0,0.0,32.0,22.688,120.408
74DA38F7C5BE,2026-02-18,18:17:12,16.0,77.0,31.0,25.092,121.523
74DA38F20BE4,2026-02-18,18:17:13,14.62,100.0,37.0,24.791,120.957
74DA38F7C5E6,2026-02-18,18:17:15,15.75,100.0,18.0,25.107,121.843
74DA38F209A8,2026-02-18,18:17:24,-4.0,0.0,1.0,22.401,120.577
74DA38F20D1E,2026-02-18,18:17:26,15.87,100.0,37.0,25.048,121.573
74DA38F20D2E,2026-02-18,18:17:33,15.5,100.0,0.0,25.06,121.545
74DA38F7C40C,2026-02-18,18:17:55,14.75,100.0,0.0,24.995,121.52
74DA38F7C562,2026-02-18,18:18:02,14.75,92.0,29.0,25.021,121.418
74DA38F7C53C,2026-02-18,18:18:08,14.12,100.0,0.0,25.11,121.804
74DA38F20902,2026-02-18,18:18:17,19.87,97.0,1.0,22.204,120.7
74DA38F209A4,2026-02-18,18:18:17,18.0,100.0,0.0,22.702,120.572
74DA38F7C600,2026-02-18,18:18:23,20.62,54.0,19.0,25.07,121.586
74DA38F21204,2026-02-18,18:18:26,20.37,100.0,3.0,25.062,121.451
74DA38F207DE,2026-02-18,18:18:33,18.87,100.0,44.0,22.603,120.34
74DA38F7C616,2026-02-18,18:18:35,15.37,100.0,0.0,25.031,121.563
74DA38F7C5CE,2026-02-18,18:18:36,14.87,88.0,0.0,25.066,121.656
74DA38F20BCA,2026-02-18,18:18:37,15.12,97.0,1.0,25.079,121.58
74DA38F7C3B2,2026-02-18,18:18:38,18.75,66.0,18.0,24.929,121.378
74DA38F20B80,2026-02-18,18:18:41,17.75,100.0,1.0,22.599,120.35
74DA38F20E6E,2026-02-18,18:18:43,14.12,90.0,0.0,24.41,120.902
74DA38F20DC0,2026-02-18,18:18:46,18.12,100.0,2.0,22.711,120.295
74DA38F7C514,2026-02-18,18:18:50,15.62,99.0,29.0,25.051,121.518
74DA38F20C22,2026-02-18,18:19:06,18.87,100.0,11.0,22.729,120.357
74DA38F20D4C,2026-02-18,18:19:07,18.12,100.0,0.0,22.971,121.303
74DA38F20C26,2026-02-18,18:19:15,20.5,71.0,33.0,22.676,120.342
74DA38F209DE,2026-02-18,18:19:16,16.5,100.0,1.0,24.861,120.964
74DA38F7C47E,2026-02-18,18:19:20,15.5,100.0,36.0,25.053963,121.427681
74DA38F20DE0,2026-02-18,18:19:25,21.12,99.0,1.0,22.589,120.328
74DA38F20A78,2026-02-18,18:19:34,15.62,100.0,9.0,22.904,121.124
74DA38F20AAA,2026-02-18,18:19:34,13.25,100.0,14.0,24.6,120.999
74DA38F7C3DE,2026-02-18,18:19:37,16.0,100.0,306.0,24.972,121.537
74DA38F7C3DC,2026-02-18,18:19:38,14.37,100.0,34.0,25.003,121.539
74DA38F20D70,2026-02-18,18:19:48,16.37,100.0,1.0,23.05,121.164
74DA38F7C30C,2026-02-18,18:19:50,15.25,94.0,0.0,24.975,121.532
74DA38F21088,2026-02-18,18:20:18,15.0,100.0,1.0,25.068,121.588
74DA38F7C47C,2026-02-18,18:20:19,15.87,97.0,0.0,25.055,121.455
74DA38F21024,2026-02-18,18:20:23,15.75,100.0,0.0,24.93,121.036
74DA38ED05EA,2026-02-18,18:20:27,16.37,100.0,18.0,23.394,121.357
74DA38ED0640,2026-02-18,18:20:27,14.0,100.0,8.0,23.154,121.266
74DA38F209EE,2026-02-18,18:20:28,19.62,100.0,0.0,23.026,121.33
74DA38F7C566,2026-02-18,18:20:31,16.5,100.0,0.0,25.051,121.448
74DA38F7C560,2026-02-18,18:20:35,15.0,87.0,0.0,25.079,121.671
74DA38F20AE6,2026-02-18,18:20:37,24.75,100.0,15.0,22.63,120.348
74DA38F7C27E,2026-02-18,18:20:38,16.0,92.0,31.0,25.053,121.444
74DA38F208E2,2026-02-18,18:20:40,14.87,100.0,18.0,24.688,121.766
74DA38F209B2,2026-02-18,18:20:43,19.5,100.0,0.0,22.363,120.599
74DA38F20E34,2026-02-18,18:20:48,20.0,70.0,28.0,22.586,120.313
74DA38F21054,2026-02-18,18:20:48,24.12,62.0,24.0,22.898,120.627
74DA38F20976,2026-02-18,18:20:58,15.75,88.0,30.0,25.127,121.746
74DA38F20AA4,2026-02-18,18:21:05,23.5,87.0,31.0,22.685,120.492
74DA38F7C31C,2026-02-18,18:21:05,14.75,100.0,2.0,24.93,121.372
74DA38F7C610,2026-02-18,18:21:07,17.12,78.0,26.0,25.063,121.564
74DA38F20D16,2026-02-18,18:21:10,16.0,100.0,32.0,25.062,121.526
74DA38F20DD0,2026-02-18,18:21:12,18.62,100.0,1.0,22.6080258,120.3229833
74DA38F7C29C,2026-02-18,18:21:12,15.87,100.0,26.0,25.02,121.416
74DA38F7C41E,2026-02-18,18:21:16,16.37,75.0,28.0,25.054,121.517
74DA38ED04F2,2026-02-18,18:21:19,16.37,100.0,6.0,23.468,121.496
74DA38F7C30E,2026-02-18,18:21:23,15.0,100.0,29.0,24.949,121.382
74DA38F20A30,2026-02-18,18:21:36,15.25,85.0,0.0,24.948,121.372
74DA38ED059C,2026-02-18,18:21:38,15.62,100.0,17.0,23.706,121.412
74DA38ED06E0,2026-02-18,18:21:38,18.25,92.0,0.0,23.601,121.521
74DA38F20D1A,2026-02-18,18:21:42,15.75,84.0,0.0,25.078,121.541
74DA38F21136,2026-02-18,18:21:45,15.37,98.0,19.0,25.119,121.505
74DA38F7C260,2026-02-18,18:22:05,15.0,100.0,0.0,25.065,121.425
74DA38F20B88,2026-02-18,18:22:08,17.25,100.0,0.0,22.75,120.316
74DA38F2104E,2026-02-18,18:22:08,20.12,100.0,37.0,23.108,120.7
74DA38ED05B6,2026-02-18,18:22:11,15.87,100.0,24.0,23.43,121.348
74DA38F7C59C,2026-02-18,18:22:11,15.5,74.0,34.0,25.103,121.487
74DA38F210E4,2026-02-18,18:22:12,18.25,100.0,32.0,23.24,120.696
74DA38F7C4CC,2026-02-18,18:22:13,15.25,100.0,19.0,25.062,121.451
74DA38F2113E,2026-02-18,18:22:22,-4.0,0.0,2.0,22.728,120.313
74DA38F20F0A,2026-02-18,18:22:24,19.75,100.0,22.0,22.995,120.635
74DA38ED0454,2026-02-18,18:22:28,18.12,100.0,14.0,24.053,121.599
74DA38F7C39A,2026-02-18,18:22:29,15.37,100.0,0.0,25.002,121.414
74DA38F21048,2026-02-18,18:22:30,19.25,100.0,31.0,22.595,120.341
74DA38F7C3D6,2026-02-18,18:22:35,15.62,100.0,0.0,25.045,121.541
74DA38F210A2,2026-02-18,18:22:40,15.75,100.0,7.0,25.12,121.466
74DA38F7C3BA,2026-02-18,18:22:40,118.87,46.0,129.0,25.174,121.441
74DA38F20E9E,2026-02-18,18:22:49,14.75,100.0,27.0,24.648,121.151
74DA38F7C464,2026-02-18,18:22:49,14.0,32.0,1.0,25.006,121.413
74DA38ED0630,2026-02-18,18:22:54,18.25,100.0,0.0,23.994,121.594
74DA38F7C37C,2026-02-18,18:22:57,13.5,100.0,0.0,25.111,121.856
74DA38F210F6,2026-02-18,18:23:01,18.75,100.0,10.0,22.757426,121.158891
74DA38F7C63C,2026-02-18,18:23:07,85.25,100.0,20.0,24.998,121.425
74DA38F7C366,2026-02-18,18:23:10,15.0,100.0,16.0,25.002,121.516
74DA38F7C570,2026-02-18,18:23:10,15.5,100.0,1.0,25.239,121.63
74DA38F7C4DE,2026-02-18,18:23:11,15.37,100.0,0.0,25.09,121.462
74DA38F209F8,2026-02-18,18:23:16,16.62,100.0,0.0,23.157,121.4
74DA38F20EB2,2026-02-18,18:23:24,13.25,100.0,27.0,24.324,120.835
74DA38F20D2A,2026-02-18,18:23:26,15.62,71.0,0.0,25.048,121.573
74DA38F2118E,2026-02-18,18:23:29,11.62,100.0,61.0,26.148,119.935
74DA38F20BE4,2026-02-18,18:23:32,14.75,100.0,38.0,24.791,120.957
74DA38F7C5BE,2026-02-18,18:23:32,16.0,77.0,31.0,25.092,121.523
74DA38F7C5E6,2026-02-18,18:23:32,15.75,100.0,18.0,25.107,121.843
74DA38F7C524,2026-02-18,18:23:33,13.75,100.0,65.0,25.002,121.552
74DA38F20D1E,2026-02-18,18:23:49,15.87,100.0,36.0,25.048,121.573
74DA38F20D2E,2026-02-18,18:24:07,15.5,100.0,0.0,25.06,121.545
74DA38F7C40C,2026-02-18,18:24:08,14.75,100.0,0.0,24.995,121.52
74DA38F7C562,2026-02-18,18:24:18,14.75,100.0,29.0,25.021,121.418
74DA38F20902,2026-02-18,18:24:35,20.0,96.0,1.0,22.204,120.7
74DA38F7C600,2026-02-18,18:24:36,20.75,54.0,20.0,25.07,121.586
74DA38F21204,2026-02-18,18:24:41,20.37,100.0,2.0,25.062,121.451
74DA38F7C53C,2026-02-18,18:24:43,14.25,100.0,0.0,25.11,121.804
74DA38F207DE,2026-02-18,18:24:51,18.75,100.0,42.0,22.603,120.34
74DA38F7C616,2026-02-18,18:24:51,15.37,100.0,0.0,25.031,121.563
74DA38F209A4,2026-02-18,18:24:52,17.75,100.0,0.0,22.702,120.572
74DA38F20E6E,2026-02-18,18:24:52,14.12,89.0,0.0,24.41,120.902
74DA38F7C3B2,2026-02-18,18:24:53,18.75,66.0,18.0,24.929,121.378
74DA38F20B5C,2026-02-18,18:24:54,-4.0,0.0,41.0,22.798,120.293
74DA38F7C514,2026-02-18,18:25:08,15.75,98.0,29.0,25.051,121.518
74DA38F7C5CE,2026-02-18,18:25:11,14.87,88.0,1.0,25.066,121.656
74DA38F20BCA,2026-02-18,18:25:12,15.12,97.0,0.0,25.079,121.58
74DA38F20B80,2026-02-18,18:25:17,17.75,100.0,1.0,22.599,120.35
74DA38F20DC0,2026-02-18,18:25:23,18.12,100.0,1.0,22.711,120.295
74DA38F20C26,2026-02-18,18:25:31,20.62,71.0,32.0,22.676,120.342
74DA38F7C47E,2026-02-18,18:25:38,15.5,100.0,35.0,25.053963,121.427681
74DA38F7C3DE,2026-02-18,18:25:39,16.0,100.0,324.0,24.972,121.537
74DA38F20D4C,2026-02-18,18:25:42,18.12,100.0,0.0,22.971,121.303
74DA38F20A78,2026-02-18,18:25:47,15.75,100.0,10.0,22.904,121.124
74DA38F20AAA,2026-02-18,18:25:47,13.37,100.0,14.0,24.6,120.999
74DA38F209DE,2026-02-18,18:25:52,16.5,100.0,1.0,24.861,120.964
74DA38F7C3DC,2026-02-18,18:25:54,14.5,100.0,35.0,25.003,121.539
74DA38F20C22,2026-02-18,18:25:57,19.25,100.0,5.0,22.729,120.357
74DA38F20DE0,2026-02-18,18:26:00,21.25,99.0,1.0,22.589,120.328
74DA38F20D70,2026-02-18,18:26:01,16.37,100.0,1.0,23.05,121.164
74DA38F7C30C,2026-02-18,18:26:04,15.25,94.0,0.0,24.975,121.532
74DA38F209EE,2026-02-18,18:26:39,19.75,100.0,0.0,23.026,121.33
74DA38ED05EA,2026-02-18,18:26:45,16.25,100.0,18.0,23.394,121.357
74DA38ED0640,2026-02-18,18:26:45,14.12,100.0,8.0,23.154,121.266
74DA38F20B82,2026-02-18,18:26:45,-4.0,0.0,3.0,22.847,120.465
74DA38F20AE6,2026-02-18,18:26:50,24.75,100.0,17.0,22.63,120.348
74DA38F21088,2026-02-18,18:26:52,15.0,100.0,1.0,25.068,121.588
74DA38F7C27E,2026-02-18,18:26:54,16.0,92.0,31.0,25.053,121.444
74DA38F208E2,2026-02-18,18:26:55,14.87,100.0,29.0,24.688,121.766
74DA38F21024,2026-02-18,18:26:57,15.75,100.0,0.0,24.93,121.036
74DA38F21054,2026-02-18,18:27:03,24.0,63.0,23.0,22.898,120.627
74DA38F7C338,2026-02-18,18:27:03,18.0,91.0,25.0,25.011,121.458
74DA38F20E34,2026-02-18,18:27:04,20.12,70.0,27.0,22.586,120.313
74DA38F7C566,2026-02-18,18:27:04,16.5,100.0,0.0,25.051,121.448
74DA38F209A8,2026-02-18,18:27:08,-4.0,0.0,1.0,22.401,120.577
74DA38F7C560,2026-02-18,18:27:10,15.12,85.0,0.0,25.079,121.671
74DA38F20976,2026-02-18,18:27:17,15.75,88.0,30.0,25.127,121.746
74DA38F209B2,2026-02-18,18:27:17,19.75,100.0,1.0,22.363,120.599
74DA38F20AA4,2026-02-18,18:27:19,23.37,88.0,31.0,22.685,120.492
74DA38F7C610,2026-02-18,18:27:24,17.12,78.0,26.0,25.063,121.564
74DA38F20D16,2026-02-18,18:27:27,16.0,100.0,32.0,25.062,121.526
74DA38F7C29C,2026-02-18,18:27:30,15.87,100.0,26.0,25.02,121.416
74DA38ED04F2,2026-02-18,18:27:32,16.37,100.0,6.0,23.468,121.496
74DA38F7C41E,2026-02-18,18:27:34,16.37,75.0,27.0,25.054,121.517
74DA38F7C31C,2026-02-18,18:27:41,14.75,100.0,5.0,24.93,121.372
74DA38F20DD0,2026-02-18,18:27:47,18.75,100.0,0.0,22.6080258,120.3229833
74DA38F20BD0,2026-02-18,18:27:54,-4.0,0.0,33.0,22.688,120.408
74DA38ED059C,2026-02-18,18:27:55,15.75,100.0,17.0,23.706,121.412
74DA38ED06E0,2026-02-18,18:27:55,18.12,91.0,0.0,23.601,121.521
74DA38F7C30E,2026-02-18,18:27:57,15.0,100.0,28.0,24.949,121.382
74DA38F20A30,2026-02-18,18:28:11,15.25,84.0,0.0,24.948,121.372
74DA38F20D1A,2026-02-18,18:28:17,15.75,83.0,0.0,25.078,121.541
74DA38ED05B6,2026-02-18,18:28:25,16.12,100.0,23.0,23.43,121.348
74DA38F210E4,2026-02-18,18:28:27,18.37,100.0,30.0,23.24,120.696
74DA38F7C59C,2026-02-18,18:28:27,15.5,74.0,33.0,25.103,121.487
74DA38F7C4CC,2026-02-18,18:28:28,15.37,100.0,18.0,25.062,121.451
74DA38F2104E,2026-02-18,18:28:30,20.12,100.0,35.0,23.108,120.7
74DA38F20B88,2026-02-18,18:28:44,17.5,100.0,0.0,22.75,120.316
74DA38ED0454,2026-02-18,18:28:45,18.12,100.0,12.0,24.053,121.599
74DA38F210A2,2026-02-18,18:28:52,15.75,100.0,7.0,25.12,121.466
74DA38F20E9E,2026-02-18,18:29:02,14.75,100.0,25.0,24.648,121.151
74DA38F7C3BA,2026-02-18,18:29:03,118.87,46.0,126.0,25.174,121.441
74DA38F7C39A,2026-02-18,18:29:04,15.37,100.0,0.0,25.002,121.414
74DA38F21048,2026-02-18,18:29:09,19.75,100.0,31.0,22.595,120.341
74DA38F7C260,2026-02-18,18:29:09,15.0,100.0,1.0,25.065,121.425
74DA38F7C3D6,2026-02-18,18:29:09,15.62,100.0,0.0,25.045,121.541
74DA38F210F6,2026-02-18,18:29:13,18.75,100.0,10.0,22.757426,121.158891
74DA38F7C366,2026-02-18,18:29:24,15.0,100.0,16.0,25.002,121.516
74DA38F7C63C,2026-02-18,18:29:25,85.25,100.0,20.0,24.998,121.425
74DA38F7C464,2026-02-18,18:29:26,14.12,33.0,1.0,25.006,121.413
74DA38ED0630,2026-02-18,18:29:30,18.12,100.0,0.0,23.994,121.594
74DA38F7C37C,2026-02-18,18:29:31,13.62,100.0,0.0,25.111,121.856
74DA38F7C4DE,2026-02-18,18:29:33,15.37,100.0,0.0,25.09,121.462
74DA38F20EB2,2026-02-18,18:29:43,13.5,100.0,25.0,24.324,120.835
74DA38F7C570,2026-02-18,18:29:44,15.5,100.0,0.0,25.239,121.63
74DA38F2113E,2026-02-18,18:29:47,-4.0,0.0,3.0,22.728,120.313
74DA38F20BE4,2026-02-18,18:29:48,14.75,100.0,37.0,24.791,120.957
74DA38F7C5E6,2026-02-18,18:29:48,15.75,100.0,18.0,25.107,121.843
74DA38F209F8,2026-02-18,18:29:50,16.62,100.0,0.0,23.157,121.4
74DA38F7C5BE,2026-02-18,18:29:53,16.12,77.0,31.0,25.092,121.523
74DA38F20D2A,2026-02-18,18:30:03,15.62,71.0,0.0,25.048,121.573
74DA38F2118E,2026-02-18,18:30:13,11.62,100.0,62.0,26.148,119.935
74DA38F7C5A0,2026-02-18,18:30:13,15.37,88.0,0.0,25.107,121.518
74DA38F7C524,2026-02-18,18:30:14,13.75,100.0,63.0,25.002,121.552
74DA38F20B26,2026-02-18,18:30:20,19.12,100.0,33.0,22.783,120.247
74DA38F7C40C,2026-02-18,18:30:21,14.62,100.0,0.0,24.995,121.52
74DA38F20D1E,2026-02-18,18:30:23,15.75,100.0,37.0,25.048,121.573
74DA38F7C562,2026-02-18,18:30:40,15.0,83.0,28.0,25.021,121.418
74DA38F20D2E,2026-02-18,18:30:43,15.5,100.0,0.0,25.06,121.545
74DA38F20902,2026-02-18,18:30:48,20.0,96.0,0.0,22.204,120.7
74DA38F7C600,2026-02-18,18:30:50,20.87,54.0,21.0,25.07,121.586
74DA38F20E6E,2026-02-18,18:31:01,14.25,89.0,0.0,24.41,120.902
74DA38F21204,2026-02-18,18:31:06,20.37,100.0,2.0,25.062,121.451
74DA38F7C3B2,2026-02-18,18:31:08,18.75,66.0,18.0,24.929,121.378
74DA38F207DE,2026-02-18,18:31:09,18.87,100.0,40.0,22.603,120.34
74DA38F7C616,2026-02-18,18:31:09,15.37,100.0,0.0,25.031,121.563
74DA38F7C53C,2026-02-18,18:31:18,14.25,100.0,1.0,25.11,121.804
74DA38F209A4,2026-02-18,18:31:26,17.62,100.0,0.0,22.702,120.572
74DA38F7C514,2026-02-18,18:31:26,15.75,98.0,28.0,25.051,121.518
74DA38F7C3DE,2026-02-18,18:31:40,16.0,100.0,300.0,24.972,121.537
74DA38F7C5CE,2026-02-18,18:31:46,14.87,88.0,1.0,25.066,121.656
74DA38F20BCA,2026-02-18,18:31:49,15.12,97.0,1.0,25.079,121.58
74DA38F20C26,2026-02-18,18:31:49,21.12,71.0,32.0,22.676,120.342
74DA38F20B80,2026-02-18,18:31:52,17.87,100.0,0.0,22.599,120.35
74DA38F7C47E,2026-02-18,18:31:57,15.62,100.0,36.0,25.053963,121.427681
74DA38F20DC0,2026-02-18,18:31:58,18.37,100.0,0.0,22.711,120.295
74DA38F20A78,2026-02-18,18:32:00,15.75,100.0,10.0,22.904,121.124
74DA38F20AAA,2026-02-18,18:32:00,13.5,100.0,13.0,24.6,120.999
74DA38F7C3DC,2026-02-18,18:32:10,14.62,100.0,33.0,25.003,121.539
74DA38F20D70,2026-02-18,18:32:12,16.37,100.0,1.0,23.05,121.164
74DA38F20D4C,2026-02-18,18:32:16,18.12,100.0,0.0,22.971,121.303
74DA38F7C30C,2026-02-18,18:32:17,15.37,94.0,0.0,24.975,121.532
74DA38F209DE,2026-02-18,18:32:27,16.62,100.0,1.0,24.861,120.964
74DA38F20C22,2026-02-18,18:32:36,19.37,100.0,1.0,22.729,120.357
74DA38F20DE0,2026-02-18,18:32:36,21.25,99.0,2.0,22.589,120.328
74DA38F209EE,2026-02-18,18:32:51,19.75,100.0,0.0,23.026,121.33
74DA38F7C47C,2026-02-18,18:32:59,16.0,97.0,0.0,25.055,121.455
74DA38ED05EA,2026-02-18,18:33:02,16.37,100.0,18.0,23.394,121.357
74DA38ED0640,2026-02-18,18:33:02,14.0,100.0,9.0,23.154,121.266
74DA38F20AE6,2026-02-18,18:33:03,24.75,100.0,16.0,22.63,120.348
74DA38F208E2,2026-02-18,18:33:08,15.0,100.0,29.0,24.688,121.766
74DA38F7C27E,2026-02-18,18:33:14,16.0,92.0,31.0,25.053,121.444
74DA38F21054,2026-02-18,18:33:18,24.12,63.0,24.0,22.898,120.627
74DA38F20E34,2026-02-18,18:33:20,20.25,70.0,27.0,22.586,120.313
74DA38F21088,2026-02-18,18:33:28,15.12,100.0,1.0,25.068,121.588
74DA38F20976,2026-02-18,18:33:33,15.75,89.0,29.0,25.127,121.746
74DA38F21024,2026-02-18,18:33:33,15.75,100.0,0.0,24.93,121.036
74DA38F20AA4,2026-02-18,18:33:38,23.37,88.0,31.0,22.685,120.492
74DA38F7C566,2026-02-18,18:33:39,16.5,100.0,0.0,25.051,121.448
74DA38F7C610,2026-02-18,18:33:43,17.12,78.0,27.0,25.063,121.564
74DA38F20D16,2026-02-18,18:33:45,16.0,100.0,32.0,25.062,121.526
74DA38F7C29C,2026-02-18,18:33:45,15.87,100.0,25.0,25.02,121.416
74DA38F7C560,2026-02-18,18:33:47,15.0,81.0,0.0,25.079,121.671
74DA38ED04F2,2026-02-18,18:33:48,16.37,100.0,6.0,23.468,121.496
74DA38F209B2,2026-02-18,18:33:51,19.87,100.0,1.0,22.363,120.599
74DA38F7C41E,2026-02-18,18:33:51,16.37,75.0,27.0,25.054,121.517
74DA38ED059C,2026-02-18,18:34:13,15.75,100.0,17.0,23.706,121.412
74DA38ED06E0,2026-02-18,18:34:13,18.12,91.0,0.0,23.601,121.521
74DA38F7C338,2026-02-18,18:34:13,17.87,91.0,25.0,25.011,121.458
74DA38F7C30E,2026-02-18,18:34:16,15.0,100.0,28.0,24.949,121.382
74DA38F7C31C,2026-02-18,18:34:17,14.75,100.0,5.0,24.93,121.372
74DA38F20B5C,2026-02-18,18:34:23,-4.0,0.0,41.0,22.798,120.293
74DA38F20DD0,2026-02-18,18:34:23,18.62,100.0,1.0,22.6080258,120.3229833
74DA38ED05B6,2026-02-18,18:34:41,16.25,100.0,24.0,23.43,121.348
74DA38F7C59C,2026-02-18,18:34:41,15.5,74.0,33.0,25.103,121.487
74DA38F7C4CC,2026-02-18,18:34:42,15.37,100.0,17.0,25.062,121.451
74DA38F210E4,2026-02-18,18:34:43,18.37,100.0,31.0,23.24,120.696
74DA38F20A30,2026-02-18,18:34:48,15.25,85.0,1.0,24.948,121.372
74DA38F2104E,2026-02-18,18:34:53,20.0,100.0,36.0,23.108,120.7
74DA38F20D1A,2026-02-18,18:34:55,15.75,84.0,1.0,25.078,121.541
74DA38F20F0A,2026-02-18,18:34:56,19.5,100.0,23.0,22.995,120.635
74DA38F210A2,2026-02-18,18:35:04,15.62,100.0,6.0,25.12,121.466
74DA38ED0454,2026-02-18,18:35:15,18.12,100.0,12.0,24.053,121.599
74DA38F20E9E,2026-02-18,18:35:17,14.75,100.0,23.0,24.648,121.151
74DA38F20B88,2026-02-18,18:35:19,17.62,100.0,0.0,22.75,120.316
74DA38F210F6,2026-02-18,18:35:25,18.75,100.0,10.0,22.757426,121.158891
74DA38F7C3BA,2026-02-18,18:35:27,118.87,46.0,124.0,25.174,121.441
74DA38F7C366,2026-02-18,18:35:41,15.12,100.0,16.0,25.002,121.516
74DA38F7C39A,2026-02-18,18:35:41,15.37,100.0,1.0,25.002,121.414
74DA38F7C63C,2026-02-18,18:35:41,85.25,100.0,20.0,24.998,121.425
74DA38F7C3D6,2026-02-18,18:35:43,15.5,100.0,0.0,25.045,121.541
74DA38F21048,2026-02-18,18:35:46,19.62,100.0,32.0,22.595,120.341
74DA38F7C4DE,2026-02-18,18:35:47,15.5,100.0,0.0,25.09,121.462
74DA38F20EB2,2026-02-18,18:36:02,13.5,100.0,26.0,24.324,120.835
74DA38F20BE4,2026-02-18,18:36:04,14.75,100.0,37.0,24.791,120.957
74DA38F7C5E6,2026-02-18,18:36:04,15.75,100.0,18.0,25.107,121.843
74DA38ED0630,2026-02-18,18:36:05,18.25,100.0,0.0,23.994,121.594
74DA38F7C464,2026-02-18,18:36:06,14.12,36.0,1.0,25.006,121.413
74DA38F7C37C,2026-02-18,18:36:07,13.5,100.0,0.0,25.111,121.856
74DA38F7C5BE,2026-02-18,18:36:11,16.12,77.0,31.0,25.092,121.523
74DA38F7C570,2026-02-18,18:36:21,15.5,100.0,1.0,25.239,121.63
74DA38F7C260,2026-02-18,18:36:22,15.0,100.0,0.0,25.065,121.425
74DA38F20B82,2026-02-18,18:36:24,-4.0,0.0,3.0,22.847,120.465
74DA38F209F8,2026-02-18,18:36:25,16.75,100.0,0.0,23.157,121.4
74DA38F7C40C,2026-02-18,18:36:34,14.62,100.0,0.0,24.995,121.52
74DA38F20D2A,2026-02-18,18:36:38,15.5,71.0,1.0,25.048,121.573
74DA38F20B26,2026-02-18,18:36:39,19.25,100.0,33.0,22.783,120.247
74DA38F7C524,2026-02-18,18:36:52,13.75,100.0,64.0,25.002,121.552
74DA38F209A8,2026-02-18,18:36:55,-4.0,0.0,1.0,22.401,120.577
74DA38F2118E,2026-02-18,18:36:58,11.5,100.0,62.0,26.148,119.935
74DA38F7C562,2026-02-18,18:36:59,15.25,85.0,28.0,25.021,121.418
74DA38F7C600,2026-02-18,18:37:04,21.0,54.0,20.0,25.07,121.586
74DA38F20902,2026-02-18,18:37:07,20.0,96.0,0.0,22.204,120.7
74DA38F20E6E,2026-02-18,18:37:09,14.12,89.0,0.0,24.41,120.902
74DA38F20D1E,2026-02-18,18:37:10,15.75,100.0,37.0,25.048,121.573
74DA38F20D2E,2026-02-18,18:37:16,15.5,100.0,0.0,25.06,121.545
74DA38F2113E,2026-02-18,18:37:16,-4.0,0.0,2.0,22.728,120.313
74DA38F7C3B2,2026-02-18,18:37:22,18.75,66.0,17.0,24.929,121.378
74DA38F21204,2026-02-18,18:37:27,20.37,100.0,3.0,25.062,121.451
74DA38F7C616,2026-02-18,18:37:28,15.5,100.0,0.0,25.031,121.563
74DA38F207DE,2026-02-18,18:37:29,19.0,100.0,40.0,22.603,120.34
74DA38F7C3DE,2026-02-18,18:37:43,16.0,100.0,328.0,24.972,121.537
74DA38F7C514,2026-02-18,18:37:46,15.75,98.0,28.0,25.051,121.518
74DA38F7C53C,2026-02-18,18:37:52,14.25,100.0,1.0,25.11,121.804
74DA38F209A4,2026-02-18,18:38:01,17.5,100.0,0.0,22.702,120.572
74DA38F20C26,2026-02-18,18:38:08,21.37,69.0,32.0,22.676,120.342
74DA38F20AAA,2026-02-18,18:38:12,13.5,100.0,13.0,24.6,120.999
74DA38F20A78,2026-02-18,18:38:13,15.62,100.0,9.0,22.904,121.124
74DA38F7C47E,2026-02-18,18:38:14,15.75,100.0,35.0,25.053963,121.427681
74DA38F7C5CE,2026-02-18,18:38:22,14.87,88.0,1.0,25.066,121.656
74DA38F20BCA,2026-02-18,18:38:25,15.25,97.0,0.0,25.079,121.58
74DA38F20D70,2026-02-18,18:38:25,16.0,100.0,1.0,23.05,121.164
74DA38F20B80,2026-02-18,18:38:27,18.0,100.0,0.0,22.599,120.35
74DA38F7C3DC,2026-02-18,18:38:27,14.62,100.0,35.0,25.003,121.539
74DA38F20DC0,2026-02-18,18:38:32,18.37,100.0,0.0,22.711,120.295
74DA38F20BD0,2026-02-18,18:38:35,-4.0,0.0,32.0,22.688,120.408
74DA38F7C30C,2026-02-18,18:38:35,15.25,95.0,0.0,24.975,121.532
74DA38F20D4C,2026-02-18,18:38:50,18.12,100.0,0.0,22.971,121.303
74DA38F209DE,2026-02-18,18:38:59,16.62,100.0,0.0,24.861,120.964
74DA38F209EE,2026-02-18,18:39:03,19.87,100.0,0.0,23.026,121.33
74DA38F20DE0,2026-02-18,18:39:12,21.25,99.0,1.0,22.589,120.328
74DA38F7C47C,2026-02-18,18:39:14,15.87,97.0,0.0,25.055,121.455
74DA38F20AE6,2026-02-18,18:39:15,24.75,100.0,16.0,22.63,120.348
74DA38F20C22,2026-02-18,18:39:15,19.0,100.0,1.0,22.729,120.357
74DA38ED05EA,2026-02-18,18:39:20,16.37,100.0,16.0,23.394,121.357
74DA38ED0640,2026-02-18,18:39:20,14.0,100.0,9.0,23.154,121.266
74DA38F208E2,2026-02-18,18:39:23,15.0,100.0,30.0,24.688,121.766
74DA38F7C27E,2026-02-18,18:39:28,16.0,92.0,30.0,25.053,121.444
74DA38F21054,2026-02-18,18:39:31,24.0,63.0,23.0,22.898,120.627
74DA38F20E34,2026-02-18,18:39:37,20.25,70.0,27.0,22.586,120.313
74DA38F20976,2026-02-18,18:39:50,15.87,88.0,30.0,25.127,121.746
74DA38F20AA4,2026-02-18,18:39:51,23.37,88.0,31.0,22.685,120.492
74DA38F7C610,2026-02-18,18:39:59,17.12,78.0,26.0,25.063,121.564
74DA38F7C29C,2026-02-18,18:40:00,15.87,100.0,26.0,25.02,121.416
74DA38ED04F2,2026-02-18,18:40:02,16.25,100.0,6.0,23.468,121.496
74DA38F20D16,2026-02-18,18:40:04,16.0,100.0,32.0,25.062,121.526
74DA38F21088,2026-02-18,18:40:04,15.0,100.0,2.0,25.068,121.588
74DA38F21024,2026-02-18,18:40:07,15.87,100.0,0.0,24.93,121.036
74DA38F7C41E,2026-02-18,18:40:07,16.37,75.0,27.0,25.054,121.517
74DA38F21136,2026-02-18,18:40:11,15.25,97.0,20.0,25.119,121.505
74DA38F7C566,2026-02-18,18:40:14,16.5,100.0,0.0,25.051,121.448
74DA38F7C560,2026-02-18,18:40:22,14.87,80.0,0.0,25.079,121.671
74DA38F209B2,2026-02-18,18:40:25,19.37,100.0,0.0,22.363,120.599
74DA38ED059C,2026-02-18,18:40:30,15.75,100.0,16.0,23.706,121.412
74DA38ED06E0,2026-02-18,18:40:31,18.0,91.0,0.0,23.601,121.521
74DA38F7C30E,2026-02-18,18:40:32,15.0,100.0,28.0,24.949,121.382
74DA38ED05B6,2026-02-18,18:40:57,16.37,100.0,24.0,23.43,121.348
74DA38F210E4,2026-02-18,18:40:57,18.25,100.0,34.0,23.24,120.696
74DA38F7C31C,2026-02-18,18:40:57,14.87,100.0,7.0,24.93,121.372
74DA38F7C4CC,2026-02-18,18:40:57,15.5,100.0,19.0,25.062,121.451
74DA38F20DD0,2026-02-18,18:40:59,18.62,100.0,1.0,22.6080258,120.3229833
74DA38F7C59C,2026-02-18,18:41:00,15.5,74.0,34.0,25.103,121.487
74DA38F20F0A,2026-02-18,18:41:11,19.5,100.0,22.0,22.995,120.635
74DA38F2104E,2026-02-18,18:41:15,20.0,100.0,35.0,23.108,120.7
74DA38F210A2,2026-02-18,18:41:15,15.62,100.0,7.0,25.12,121.466
74DA38F20A30,2026-02-18,18:41:23,15.25,85.0,0.0,24.948,121.372
74DA38F20E9E,2026-02-18,18:41:29,14.75,100.0,21.0,24.648,121.151
74DA38F20D1A,2026-02-18,18:41:30,15.87,83.0,0.0,25.078,121.541
74DA38F210F6,2026-02-18,18:41:36,18.75,100.0,10.0,22.757426,121.158891
74DA38F20B88,2026-02-18,18:41:53,17.5,100.0,0.0,22.75,120.316
74DA38F7C63C,2026-02-18,18:41:55,85.25,100.0,20.0,24.998,121.425
74DA38F7C366,2026-02-18,18:41:56,15.0,100.0,16.0,25.002,121.516
74DA38F7C4DE,2026-02-18,18:42:04,15.5,100.0,0.0,25.09,121.462
74DA38F7C39A,2026-02-18,18:42:17,15.37,100.0,2.0,25.002,121.414
74DA38F7C3D6,2026-02-18,18:42:17,15.62,100.0,0.0,25.045,121.541
74DA38F20BE4,2026-02-18,18:42:20,14.75,100.0,37.0,24.791,120.957
74DA38F20EB2,2026-02-18,18:42:22,13.5,100.0,28.0,24.324,120.835
74DA38F7C5E6,2026-02-18,18:42:22,15.75,100.0,17.0,25.107,121.843
74DA38F21048,2026-02-18,18:42:28,19.75,100.0,32.0,22.595,120.341
74DA38ED0630,2026-02-18,18:42:39,18.25,100.0,0.0,23.994,121.594
74DA38F7C37C,2026-02-18,18:42:40,13.62,100.0,0.0,25.111,121.856
74DA38F7C464,2026-02-18,18:42:41,14.12,32.0,1.0,25.006,121.413
74DA38F7C40C,2026-02-18,18:42:47,14.62,100.0,0.0,24.995,121.52
74DA38F7C570,2026-02-18,18:42:55,15.5,100.0,1.0,25.239,121.63
74DA38F20B26,2026-02-18,18:43:01,19.25,100.0,34.0,22.783,120.247
74DA38F209F8,2026-02-18,18:43:02,16.75,100.0,0.0,23.157,121.4
74DA38F20D2A,2026-02-18,18:43:14,15.62,71.0,0.0,25.048,121.573
74DA38F20E6E,2026-02-18,18:43:17,14.25,89.0,0.0,24.41,120.902
74DA38F7C600,2026-02-18,18:43:17,21.12,53.0,20.0,25.07,121.586
74DA38F20902,2026-02-18,18:43:18,19.87,96.0,1.0,22.204,120.7
74DA38F7C562,2026-02-18,18:43:19,15.12,90.0,28.0,25.021,121.418
74DA38F20D1E,2026-02-18,18:43:29,15.62,100.0,36.0,25.048,121.573
74DA38F7C524,2026-02-18,18:43:35,13.75,100.0,64.0,25.002,121.552
74DA38F7C3B2,2026-02-18,18:43:37,18.75,66.0,17.0,24.929,121.378
74DA38F21204,2026-02-18,18:43:40,20.37,100.0,3.0,25.062,121.451
74DA38F7C616,2026-02-18,18:43:40,15.5,100.0,0.0,25.031,121.563
74DA38F2118E,2026-02-18,18:43:44,11.62,100.0,62.0,26.148,119.935
74DA38F7C3DE,2026-02-18,18:43:44,16.0,100.0,305.0,24.972,121.537
74DA38F7C5A0,2026-02-18,18:43:44,15.5,88.0,1.0,25.107,121.518
74DA38F207DE,2026-02-18,18:43:47,19.0,100.0,40.0,22.603,120.34
74DA38F20D2E,2026-02-18,18:43:51,15.5,100.0,1.0,25.06,121.545
74DA38F20B5C,2026-02-18,18:43:55,-4.0,0.0,39.0,22.798,120.293
74DA38F7C514,2026-02-18,18:44:04,15.75,98.0,28.0,25.051,121.518
74DA38F20A78,2026-02-18,18:44:26,15.75,100.0,10.0,22.904,121.124
74DA38F20AAA,2026-02-18,18:44:26,13.5,100.0,13.0,24.6,120.999
74DA38F7C53C,2026-02-18,18:44:26,14.25,100.0,0.0,25.11,121.804
74DA38F20C26,2026-02-18,18:44:28,20.87,70.0,34.0,22.676,120.342
74DA38F7C47E,2026-02-18,18:44:33,15.75,100.0,35.0,25.053963,121.427681
74DA38F209A4,2026-02-18,18:44:37,17.5,100.0,0.0,22.702,120.572
74DA38F20D70,2026-02-18,18:44:37,15.87,100.0,0.0,23.05,121.164
74DA38F2113E,2026-02-18,18:44:41,-4.0,0.0,3.0,22.728,120.313
74DA38F7C3DC,2026-02-18,18:44:43,14.62,100.0,35.0,25.003,121.539
74DA38F7C30C,2026-02-18,18:44:49,15.37,95.0,0.0,24.975,121.532
74DA38F7C5CE,2026-02-18,18:44:56,14.87,88.0,0.0,25.066,121.656
74DA38F20B80,2026-02-18,18:45:00,18.25,100.0,0.0,22.599,120.35
74DA38F20BCA,2026-02-18,18:45:02,15.37,97.0,1.0,25.079,121.58
74DA38F20DC0,2026-02-18,18:45:09,18.25,100.0,2.0,22.711,120.295
74DA38F209EE,2026-02-18,18:45:13,19.87,100.0,0.0,23.026,121.33
74DA38F20D4C,2026-02-18,18:45:21,18.12,100.0,0.0,22.971,121.303
74DA38F7C47C,2026-02-18,18:45:27,16.0,97.0,0.0,25.055,121.455
74DA38F20AE6,2026-02-18,18:45:28,24.75,100.0,18.0,22.63,120.348
74DA38ED05EA,2026-02-18,18:45:30,16.5,100.0,16.0,23.394,121.357
74DA38ED0640,2026-02-18,18:45:30,13.87,100.0,9.0,23.154,121.266
74DA38F209DE,2026-02-18,18:45:30,16.62,100.0,0.0,24.861,120.964
74DA38F208E2,2026-02-18,18:45:33,15.12,100.0,29.0,24.688,121.766
74DA38F21054,2026-02-18,18:45:41,24.0,63.0,23.0,22.898,120.627
74DA38F20DE0,2026-02-18,18:45:43,21.25,99.0,1.0,22.589,120.328
74DA38F20C22,2026-02-18,18:45:49,18.37,100.0,3.0,22.729,120.357
74DA38F7C27E,2026-02-18,18:45:50,16.0,92.0,31.0,25.053,121.444
74DA38F7C5BE,2026-02-18,18:45:51,16.0,78.0,31.0,25.092,121.523
74DA38F20E34,2026-02-18,18:45:52,20.25,70.0,27.0,22.586,120.313
74DA38F20B82,2026-02-18,18:45:56,-4.0,0.0,4.0,22.847,120.465
74DA38F20976,2026-02-18,18:46:02,15.87,88.0,28.0,25.127,121.746
74DA38F20AA4,2026-02-18,18:46:02,23.25,88.0,30.0,22.685,120.492
74DA38F7C29C,2026-02-18,18:46:10,15.87,100.0,26.0,25.02,121.416
74DA38F7C610,2026-02-18,18:46:10,17.12,78.0,27.0,25.063,121.564
74DA38ED04F2,2026-02-18,18:46:13,16.25,100.0,6.0,23.468,121.496
74DA38F20D16,2026-02-18,18:46:19,16.0,100.0,33.0,25.062,121.526
74DA38F7C41E,2026-02-18,18:46:19,16.37,75.0,27.0,25.054,121.517
74DA38F21024,2026-02-18,18:46:34,15.87,100.0,0.0,24.93,121.036
74DA38F21088,2026-02-18,18:46:35,15.12,100.0,0.0,25.068,121.588
74DA38F209A8,2026-02-18,18:46:38,-4.0,0.0,1.0,22.401,120.577
74DA38ED06E0,2026-02-18,18:46:39,18.0,90.0,0.0,23.601,121.521
74DA38ED059C,2026-02-18,18:46:41,15.5,100.0,16.0,23.706,121.412
74DA38F7C30E,2026-02-18,18:46:43,15.12,100.0,27.0,24.949,121.382
74DA38F7C566,2026-02-18,18:46:44,16.62,100.0,1.0,25.051,121.448
74DA38F7C560,2026-02-18,18:46:52,14.87,82.0,0.0,25.079,121.671
74DA38F209B2,2026-02-18,18:46:55,19.0,100.0,1.0,22.363,120.599
74DA38F7C4CC,2026-02-18,18:47:06,15.5,100.0,20.0,25.062,121.451
74DA38ED05B6,2026-02-18,18:47:07,16.25,100.0,24.0,23.43,121.348
74DA38F210E4,2026-02-18,18:47:08,18.0,100.0,30.0,23.24,120.696
74DA38F7C59C,2026-02-18,18:47:13,15.5,74.0,34.0,25.103,121.487
74DA38F20F0A,2026-02-18,18:47:20,19.37,100.0,21.0,22.995,120.635
74DA38F210A2,2026-02-18,18:47:23,15.5,100.0,7.0,25.12,121.466
74DA38F7C31C,2026-02-18,18:47:27,14.87,100.0,4.0,24.93,121.372
74DA38F20DD0,2026-02-18,18:47:29,18.62,100.0,1.0,22.6080258,120.3229833
74DA38F2104E,2026-02-18,18:47:32,20.0,100.0,37.0,23.108,120.7
74DA38F20E9E,2026-02-18,18:47:40,14.75,100.0,23.0,24.648,121.151
74DA38F210F6,2026-02-18,18:47:42,18.75,100.0,10.0,22.757426,121.158891
74DA38ED0454,2026-02-18,18:47:46,18.25,100.0,12.0,24.053,121.599
74DA38F7C3BA,2026-02-18,18:47:47,118.87,46.0,124.0,25.174,121.441
74DA38F20A30,2026-02-18,18:47:58,15.25,85.0,0.0,24.948,121.372
74DA38F20D1A,2026-02-18,18:48:01,15.87,84.0,1.0,25.078,121.541
74DA38F7C63C,2026-02-18,18:48:04,85.25,100.0,19.0,24.998,121.425
74DA38F7C366,2026-02-18,18:48:06,15.12,100.0,17.0,25.002,121.516
74DA38F7C4DE,2026-02-18,18:48:17,15.62,100.0,0.0,25.09,121.462
74DA38F20B88,2026-02-18,18:48:24,17.5,100.0,0.0,22.75,120.316
74DA38F20BE4,2026-02-18,18:48:34,14.75,100.0,38.0,24.791,120.957
74DA38F20EB2,2026-02-18,18:48:34,13.75,100.0,28.0,24.324,120.835
74DA38F7C5E6,2026-02-18,18:48:37,15.75,100.0,17.0,25.107,121.843
74DA38F7C3D6,2026-02-18,18:48:45,15.62,100.0,0.0,25.045,121.541
74DA38F7C39A,2026-02-18,18:48:49,15.37,100.0,0.0,25.002,121.414
74DA38F7C40C,2026-02-18,18:48:55,14.62,100.0,0.0,24.995,121.52
74DA38F21048,2026-02-18,18:49:02,19.75,100.0,32.0,22.595,120.341
74DA38ED0630,2026-02-18,18:49:10,18.37,100.0,0.0,23.994,121.594
74DA38F20BD0,2026-02-18,18:49:10,-4.0,0.0,31.0,22.688,120.408
74DA38F7C464,2026-02-18,18:49:10,14.12,33.0,1.0,25.006,121.413
74DA38F7C37C,2026-02-18,18:49:11,13.62,100.0,1.0,25.111,121.856
74DA38F20E6E,2026-02-18,18:49:19,14.25,89.0,0.0,24.41,120.902
74DA38F20902,2026-02-18,18:49:25,19.87,97.0,1.0,22.204,120.7
74DA38F7C570,2026-02-18,18:49:25,15.5,100.0,1.0,25.239,121.63
74DA38F7C600,2026-02-18,18:49:25,21.25,53.0,19.0,25.07,121.586
74DA38F20B26,2026-02-18,18:49:30,19.37,100.0,33.0,22.783,120.247
74DA38F209F8,2026-02-18,18:49:31,16.75,100.0,0.0,23.157,121.4
74DA38F7C562,2026-02-18,18:49:32,14.62,97.0,28.0,25.021,121.418
74DA38F7C3DE,2026-02-18,18:49:41,16.12,100.0,298.0,24.972,121.537
74DA38F20D1E,2026-02-18,18:49:43,15.5,100.0,36.0,25.048,121.573
74DA38F7C3B2,2026-02-18,18:49:47,18.75,66.0,17.0,24.929,121.378
74DA38F20D2A,2026-02-18,18:49:51,15.62,71.0,1.0,25.048,121.573
74DA38F7C616,2026-02-18,18:49:57,15.5,100.0,0.0,25.031,121.563
74DA38F7C260,2026-02-18,18:49:58,15.12,100.0,1.0,25.065,121.425
74DA38F207DE,2026-02-18,18:50:00,19.0,100.0,40.0,22.603,120.34
74DA38F21204,2026-02-18,18:50:01,20.37,100.0,3.0,25.062,121.451
74DA38F7C524,2026-02-18,18:50:12,13.75,100.0,64.0,25.002,121.552
74DA38F7C514,2026-02-18,18:50:17,15.75,98.0,28.0,25.051,121.518
74DA38F20D2E,2026-02-18,18:50:21,15.5,100.0,1.0,25.06,121.545
74DA38F2118E,2026-02-18,18:50:22,11.62,100.0,62.0,26.148,119.935
74DA38F7C5A0,2026-02-18,18:50:22,15.5,88.0,1.0,25.107,121.518
74DA38F20A78,2026-02-18,18:50:34,15.75,100.0,9.0,22.904,121.124
74DA38F20AAA,2026-02-18,18:50:34,13.5,100.0,13.0,24.6,120.999
74DA38F20C26,2026-02-18,18:50:40,20.5,71.0,35.0,22.676,120.342
74DA38F20D70,2026-02-18,18:50:44,15.75,100.0,1.0,23.05,121.164
74DA38F7C47E,2026-02-18,18:50:47,15.75,100.0,35.0,25.053963,121.427681
74DA38F7C3DC,2026-02-18,18:50:53,14.5,100.0,34.0,25.003,121.539
74DA38F7C53C,2026-02-18,18:50:54,14.37,100.0,0.0,25.11,121.804
74DA38F7C30C,2026-02-18,18:50:58,15.37,95.0,0.0,24.975,121.532
74DA38F209A4,2026-02-18,18:51:06,17.62,100.0,0.0,22.702,120.572
74DA38F209EE,2026-02-18,18:51:19,19.87,100.0,0.0,23.026,121.33
74DA38F7C5CE,2026-02-18,18:51:27,14.87,88.0,1.0,25.066,121.656
74DA38F20B80,2026-02-18,18:51:29,18.12,100.0,0.0,22.599,120.35
74DA38F20BCA,2026-02-18,18:51:32,15.37,97.0,1.0,25.079,121.58
74DA38F20AE6,2026-02-18,18:51:37,24.75,100.0,16.0,22.63,120.348
74DA38F7C47C,2026-02-18,18:51:37,16.12,96.0,0.0,25.055,121.455
74DA38ED05EA,2026-02-18,18:51:38,16.5,100.0,17.0,23.394,121.357
74DA38ED0640,2026-02-18,18:51:39,13.75,100.0,9.0,23.154,121.266
74DA38F20DC0,2026-02-18,18:51:39,18.25,100.0,1.0,22.711,120.295
74DA38F208E2,2026-02-18,18:51:41,15.12,100.0,28.0,24.688,121.766
74DA38F20D4C,2026-02-18,18:51:49,18.0,100.0,0.0,22.971,121.303
74DA38F21054,2026-02-18,18:51:49,24.0,63.0,22.0,22.898,120.627
74DA38F209DE,2026-02-18,18:51:57,16.62,100.0,0.0,24.861,120.964
74DA38F2113E,2026-02-18,18:51:59,-4.0,0.0,2.0,22.728,120.313
74DA38F7C27E,2026-02-18,18:52:01,16.12,92.0,31.0,25.053,121.444
74DA38F7C5BE,2026-02-18,18:52:04,16.0,78.0,31.0,25.092,121.523
74DA38F20E34,2026-02-18,18:52:07,20.25,70.0,26.0,22.586,120.313
74DA38F20AA4,2026-02-18,18:52:14,23.25,88.0,31.0,22.685,120.492
74DA38F20976,2026-02-18,18:52:15,15.87,88.0,29.0,25.127,121.746
74DA38F20DE0,2026-02-18,18:52:15,21.12,99.0,1.0,22.589,120.328
74DA38F7C29C,2026-02-18,18:52:20,15.87,100.0,25.0,25.02,121.416
74DA38F20C22,2026-02-18,18:52:21,18.62,100.0,10.0,22.729,120.357
74DA38F7C610,2026-02-18,18:52:22,17.12,78.0,26.0,25.063,121.564
74DA38ED04F2,2026-02-18,18:52:27,16.25,100.0,7.0,23.468,121.496
74DA38F21136,2026-02-18,18:52:27,15.25,98.0,21.0,25.119,121.505
74DA38F7C41E,2026-02-18,18:52:31,16.5,75.0,27.0,25.054,121.517
74DA38F20D16,2026-02-18,18:52:33,16.0,100.0,32.0,25.062,121.526
74DA38ED06E0,2026-02-18,18:52:48,18.0,90.0,0.0,23.601,121.521
74DA38ED059C,2026-02-18,18:52:50,15.62,100.0,13.0,23.706,121.412
74DA38F7C30E,2026-02-18,18:52:57,15.12,100.0,28.0,24.949,121.382
74DA38F21088,2026-02-18,18:53:04,15.0,100.0,1.0,25.068,121.588
74DA38F21024,2026-02-18,18:53:05,15.87,100.0,1.0,24.93,121.036
74DA38F7C566,2026-02-18,18:53:13,16.5,100.0,0.0,25.051,121.448
74DA38ED05B6,2026-02-18,18:53:15,16.12,100.0,23.0,23.43,121.348
74DA38F7C4CC,2026-02-18,18:53:17,15.5,100.0,20.0,25.062,121.451
74DA38F210E4,2026-02-18,18:53:19,18.12,100.0,24.0,23.24,120.696
74DA38F7C560,2026-02-18,18:53:22,15.0,84.0,0.0,25.079,121.671
74DA38F20B5C,2026-02-18,18:53:23,-4.0,0.0,39.0,22.798,120.293
74DA38F7C59C,2026-02-18,18:53:24,15.5,74.0,34.0,25.103,121.487
74DA38F209B2,2026-02-18,18:53:25,19.0,100.0,1.0,22.363,120.599
74DA38F20F0A,2026-02-18,18:53:27,19.25,100.0,18.0,22.995,120.635
74DA38F210A2,2026-02-18,18:53:32,15.5,100.0,7.0,25.12,121.466
74DA38F210F6,2026-02-18,18:53:48,18.75,100.0,10.0,22.757426,121.158891
74DA38F7C3BA,2026-02-18,18:53:48,118.87,46.0,122.0,25.174,121.441
74DA38F20E9E,2026-02-18,18:53:51,14.75,100.0,23.0,24.648,121.151
74DA38F7C31C,2026-02-18,18:53:56,14.87,100.0,5.0,24.93,121.372
74DA38F20DD0,2026-02-18,18:54:02,18.75,100.0,1.0,22.6080258,120.3229833
74DA38ED0454,2026-02-18,18:54:12,18.25,100.0,11.0,24.053,121.599
74DA38F7C63C,2026-02-18,18:54:15,85.25,100.0,20.0,24.998,121.425
74DA38F7C366,2026-02-18,18:54:16,15.25,100.0,16.0,25.002,121.516
74DA38F7C338,2026-02-18,18:54:25,17.87,91.0,25.0,25.011,121.458
74DA38F20A30,2026-02-18,18:54:31,15.37,85.0,0.0,24.948,121.372
74DA38F20D1A,2026-02-18,18:54:31,15.87,84.0,0.0,25.078,121.541
74DA38F7C4DE,2026-02-18,18:54:34,15.62,100.0,0.0,25.09,121.462
74DA38F20BE4,2026-02-18,18:54:46,14.87,100.0,36.0,24.791,120.957
74DA38F7C5E6,2026-02-18,18:54:48,15.75,100.0,17.0,25.107,121.843
74DA38F20EB2,2026-02-18,18:54:52,13.75,100.0,25.0,24.324,120.835
74DA38F20B88,2026-02-18,18:54:54,17.0,100.0,1.0,22.75,120.316
74DA38F7C40C,2026-02-18,18:55:03,14.75,100.0,0.0,24.995,121.52
74DA38F7C3D6,2026-02-18,18:55:14,15.75,100.0,0.0,25.045,121.541
74DA38F7C39A,2026-02-18,18:55:19,15.5,100.0,0.0,25.002,121.414
74DA38F20E6E,2026-02-18,18:55:21,14.25,89.0,0.0,24.41,120.902
74DA38F20B82,2026-02-18,18:55:30,-4.0,0.0,3.0,22.847,120.465
74DA38F7C600,2026-02-18,18:55:33,21.25,53.0,19.0,25.07,121.586
74DA38F20902,2026-02-18,18:55:34,19.87,97.0,1.0,22.204,120.7
74DA38F7C3DE,2026-02-18,18:55:36,16.12,100.0,311.0,24.972,121.537
74DA38F21048,2026-02-18,18:55:37,19.87,100.0,32.0,22.595,120.341
74DA38F7C37C,2026-02-18,18:55:40,13.5,100.0,0.0,25.111,121.856
74DA38ED0630,2026-02-18,18:55:41,18.25,100.0,0.0,23.994,121.594
74DA38F7C464,2026-02-18,18:55:43,14.12,33.0,1.0,25.006,121.413
74DA38F20B26,2026-02-18,18:55:51,19.25,100.0,34.0,22.783,120.247
74DA38F20D1E,2026-02-18,18:55:55,15.5,100.0,36.0,25.048,121.573
74DA38F7C570,2026-02-18,18:55:55,15.5,100.0,2.0,25.239,121.63
74DA38F7C3B2,2026-02-18,18:55:58,18.75,66.0,18.0,24.929,121.378
74DA38F209F8,2026-02-18,18:55:59,16.75,100.0,0.0,23.157,121.4
74DA38F21204,2026-02-18,18:56:08,20.37,100.0,3.0,25.062,121.451
74DA38F207DE,2026-02-18,18:56:15,19.0,100.0,42.0,22.603,120.34
74DA38F209A8,2026-02-18,18:56:16,-4.0,0.0,0.0,22.401,120.577
74DA38F20D2A,2026-02-18,18:56:23,15.62,71.0,3.0,25.048,121.573
74DA38F7C514,2026-02-18,18:56:29,15.75,98.0,29.0,25.051,121.518
74DA38F20A78,2026-02-18,18:56:43,15.62,100.0,8.0,22.904,121.124
74DA38F20AAA,2026-02-18,18:56:43,13.37,100.0,14.0,24.6,120.999
74DA38F7C524,2026-02-18,18:56:51,13.87,100.0,64.0,25.002,121.552
74DA38F20D2E,2026-02-18,18:56:52,15.5,100.0,0.0,25.06,121.545
74DA38F20D70,2026-02-18,18:56:56,15.87,100.0,1.0,23.05,121.164
74DA38F20C26,2026-02-18,18:57:00,20.25,72.0,37.0,22.676,120.342
74DA38F7C47E,2026-02-18,18:57:00,15.5,100.0,35.0,25.053963,121.427681
74DA38F2118E,2026-02-18,18:57:02,11.62,100.0,61.0,26.148,119.935
74DA38F7C3DC,2026-02-18,18:57:05,14.62,100.0,35.0,25.003,121.539
74DA38F7C5A0,2026-02-18,18:57:05,15.62,88.0,1.0,25.107,121.518
74DA38F7C30C,2026-02-18,18:57:09,15.5,95.0,0.0,24.975,121.532
74DA38F7C53C,2026-02-18,18:57:25,14.37,100.0,1.0,25.11,121.804
74DA38F209EE,2026-02-18,18:57:26,19.87,100.0,0.0,23.026,121.33
74DA38F209A4,2026-02-18,18:57:35,17.62,100.0,0.0,22.702,120.572
74DA38F20AE6,2026-02-18,18:57:44,24.75,100.0,16.0,22.63,120.348
74DA38F7C47C,2026-02-18,18:57:47,16.12,96.0,0.0,25.055,121.455
74DA38ED05EA,2026-02-18,18:57:48,16.5,100.0,16.0,23.394,121.357
74DA38ED0640,2026-02-18,18:57:48,13.75,100.0,9.0,23.154,121.266
74DA38F208E2,2026-02-18,18:57:53,15.25,100.0,28.0,24.688,121.766
74DA38F7C5CE,2026-02-18,18:57:56,14.87,88.0,0.0,25.066,121.656
74DA38F21054,2026-02-18,18:57:58,24.0,63.0,23.0,22.898,120.627
74DA38F20B80,2026-02-18,18:58:00,18.12,100.0,1.0,22.599,120.35
74DA38F20BCA,2026-02-18,18:58:03,15.37,97.0,0.0,25.079,121.58
74DA38F20DC0,2026-02-18,18:58:12,18.25,100.0,0.0,22.711,120.295
74DA38F7C27E,2026-02-18,18:58:13,16.12,92.0,31.0,25.053,121.444
74DA38F7C5BE,2026-02-18,18:58:14,16.0,78.0,30.0,25.092,121.523
74DA38F20D4C,2026-02-18,18:58:18,18.12,100.0,0.0,22.971,121.303
74DA38F20E34,2026-02-18,18:58:19,20.25,70.0,26.0,22.586,120.313
74DA38F20AA4,2026-02-18,18:58:22,23.25,89.0,31.0,22.685,120.492
74DA38F20976,2026-02-18,18:58:26,15.87,88.0,29.0,25.127,121.746
74DA38F209DE,2026-02-18,18:58:26,16.62,100.0,0.0,24.861,120.964
74DA38F7C29C,2026-02-18,18:58:30,16.0,100.0,26.0,25.02,121.416
74DA38F7C610,2026-02-18,18:58:31,17.12,78.0,27.0,25.063,121.564
74DA38F21136,2026-02-18,18:58:38,15.37,99.0,19.0,25.119,121.505
74DA38ED04F2,2026-02-18,18:58:42,16.37,100.0,8.0,23.468,121.496
74DA38F7C41E,2026-02-18,18:58:42,16.5,75.0,27.0,25.054,121.517
74DA38F20DE0,2026-02-18,18:58:45,21.25,99.0,1.0,22.589,120.328
74DA38F20D16,2026-02-18,18:58:49,16.0,100.0,32.0,25.062,121.526
74DA38ED06E0,2026-02-18,18:58:57,17.87,90.0,0.0,23.601,121.521
74DA38F20C22,2026-02-18,18:59:00,18.37,100.0,22.0,22.729,120.357
74DA38ED059C,2026-02-18,18:59:01,15.5,100.0,12.0,23.706,121.412
74DA38F7C30E,2026-02-18,18:59:12,15.12,100.0,28.0,24.949,121.382
74DA38F2113E,2026-02-18,18:59:17,-4.0,0.0,2.0,22.728,120.313
74DA38ED05B6,2026-02-18,18:59:25,16.12,100.0,25.0,23.43,121.348
74DA38F7C4CC,2026-02-18,18:59:26,15.5,100.0,19.0,25.062,121.451
74DA38F210E4,2026-02-18,18:59:29,18.12,100.0,19.0,23.24,120.696
74DA38F21024,2026-02-18,18:59:34,15.87,100.0,0.0,24.93,121.036
74DA38F21088,2026-02-18,18:59:35,15.12,100.0,0.0,25.068,121.588
74DA38F7C59C,2026-02-18,18:59:35,15.5,74.0,34.0,25.103,121.487
74DA38F20F0A,2026-02-18,18:59:36,19.25,100.0,18.0,22.995,120.635
74DA38F210A2,2026-02-18,18:59:40,15.62,100.0,8.0,25.12,121.466
74DA38F7C566,2026-02-18,18:59:43,16.62,100.0,0.0,25.051,121.448
74DA38F20BD0,2026-02-18,18:59:46,-4.0,0.0,29.0,22.688,120.408
74DA38F7C3BA,2026-02-18,18:59:48,118.87,46.0,126.0,25.174,121.441
74DA38F7C560,2026-02-18,18:59:52,15.0,83.0,0.0,25.079,121.671
74DA38F209B2,2026-02-18,18:59:53,19.0,100.0,0.0,22.363,120.599
74DA38F210F6,2026-02-18,18:59:55,18.62,100.0,9.0,22.757426,121.158891
74DA38F20E9E,2026-02-18,19:00:02,14.87,100.0,24.0,24.648,121.151
74DA38F7C366,2026-02-18,19:00:24,15.37,100.0,16.0,25.002,121.516
74DA38F7C31C,2026-02-18,19:00:27,14.75,100.0,4.0,24.93,121.372
74DA38F7C63C,2026-02-18,19:00:27,85.25,100.0,21.0,24.998,121.425
74DA38ED0454,2026-02-18,19:00:29,18.25,100.0,10.0,24.053,121.599
74DA38F20DD0,2026-02-18,19:00:32,18.75,100.0,0.0,22.6080258,120.3229833
74DA38F7C4DE,2026-02-18,19:00:41,15.62,100.0,0.0,25.09,121.462
74DA38F20BE4,2026-02-18,19:00:57,14.87,100.0,38.0,24.791,120.957
74DA38F20A30,2026-02-18,19:00:59,15.37,85.0,0.0,24.948,121.372
74DA38F20D1A,2026-02-18,19:00:59,15.87,84.0,0.0,25.078,121.541
74DA38F7C5E6,2026-02-18,19:00:59,15.75,100.0,18.0,25.107,121.843
74DA38F7C338,2026-02-18,19:01:03,17.87,92.0,26.0,25.011,121.458
74DA38F20EB2,2026-02-18,19:01:04,13.87,100.0,27.0,24.324,120.835
74DA38F7C40C,2026-02-18,19:01:11,14.75,100.0,0.0,24.995,121.52
74DA38F20B88,2026-02-18,19:01:23,16.87,100.0,1.0,22.75,120.316
74DA38F20E6E,2026-02-18,19:01:24,14.25,90.0,0.0,24.41,120.902
74DA38F7C3DE,2026-02-18,19:01:32,16.12,100.0,295.0,24.972,121.537
74DA38F20D6C,2026-02-18,19:01:33,20.12,74.0,0.0,22.661,120.301
74DA38F20902,2026-02-18,19:01:40,20.0,96.0,1.0,22.204,120.7
74DA38F7C3D6,2026-02-18,19:01:44,15.62,100.0,0.0,25.045,121.541
74DA38F7C39A,2026-02-18,19:01:50,15.5,100.0,1.0,25.002,121.414
74DA38F20B26,2026-02-18,19:02:06,19.12,100.0,34.0,22.783,120.247
74DA38F7C3B2,2026-02-18,19:02:06,18.75,66.0,17.0,24.929,121.378
74DA38F7C37C,2026-02-18,19:02:08,13.5,100.0,0.0,25.111,121.856
74DA38ED0630,2026-02-18,19:02:11,18.25,100.0,0.0,23.994,121.594
74DA38F20D1E,2026-02-18,19:02:11,15.5,100.0,36.0,25.048,121.573
74DA38F21048,2026-02-18,19:02:11,19.62,100.0,33.0,22.595,120.341
74DA38F7C464,2026-02-18,19:02:12,14.0,33.0,3.0,25.006,121.413
74DA38F21204,2026-02-18,19:02:16,20.25,100.0,2.0,25.062,121.451
74DA38F7C562,2026-02-18,19:02:18,15.0,100.0,28.0,25.021,121.418
74DA38F2104E,2026-02-18,19:02:22,19.87,100.0,36.0,23.108,120.7
74DA38F7C570,2026-02-18,19:02:24,15.5,100.0,0.0,25.239,121.63
74DA38F209F8,2026-02-18,19:02:28,16.87,100.0,0.0,23.157,121.4
74DA38F207DE,2026-02-18,19:02:32,19.0,100.0,44.0,22.603,120.34
74DA38F7C514,2026-02-18,19:02:39,15.75,98.0,28.0,25.051,121.518
74DA38F20A78,2026-02-18,19:02:50,15.75,100.0,8.0,22.904,121.124
74DA38F20B5C,2026-02-18,19:02:50,-4.0,0.0,40.0,22.798,120.293
74DA38F20AAA,2026-02-18,19:02:54,13.37,100.0,16.0,24.6,120.999
74DA38F20D2A,2026-02-18,19:02:55,15.62,71.0,1.0,25.048,121.573
74DA38F20D70,2026-02-18,19:03:03,16.0,100.0,1.0,23.05,121.164
74DA38F7C47E,2026-02-18,19:03:14,15.25,100.0,35.0,25.053963,121.427681
74DA38F7C3DC,2026-02-18,19:03:17,14.62,100.0,34.0,25.003,121.539
74DA38F7C30C,2026-02-18,19:03:18,15.5,95.0,0.0,24.975,121.532
74DA38F20C26,2026-02-18,19:03:20,20.12,72.0,37.0,22.676,120.342
74DA38F20D2E,2026-02-18,19:03:21,15.62,100.0,0.0,25.06,121.545
74DA38F7C524,2026-02-18,19:03:28,13.87,100.0,64.0,25.002,121.552
74DA38F209EE,2026-02-18,19:03:33,19.87,100.0,0.0,23.026,121.33
74DA38F7C260,2026-02-18,19:03:33,15.12,100.0,0.0,25.065,121.425
74DA38F2118E,2026-02-18,19:03:39,11.37,100.0,62.0,26.148,119.935
74DA38F20AE6,2026-02-18,19:03:54,24.75,100.0,17.0,22.63,120.348
74DA38F7C53C,2026-02-18,19:03:54,14.37,100.0,0.0,25.11,121.804
74DA38ED05EA,2026-02-18,19:03:56,16.5,100.0,17.0,23.394,121.357
74DA38ED0640,2026-02-18,19:03:56,13.87,100.0,9.0,23.154,121.266
74DA38F7C47C,2026-02-18,19:03:57,16.0,96.0,0.0,25.055,121.455
74DA38F208E2,2026-02-18,19:04:04,15.12,100.0,27.0,24.688,121.766
74DA38F209A4,2026-02-18,19:04:05,17.75,100.0,1.0,22.702,120.572
74DA38F21054,2026-02-18,19:04:05,24.0,63.0,22.0,22.898,120.627
74DA38F7C5CE,2026-02-18,19:04:23,14.87,88.0,1.0,25.066,121.656
74DA38F7C27E,2026-02-18,19:04:24,16.12,92.0,31.0,25.053,121.444
74DA38F20B80,2026-02-18,19:04:26,18.0,100.0,0.0,22.599,120.35
74DA38F7C5BE,2026-02-18,19:04:27,16.12,79.0,31.0,25.092,121.523
74DA38F20E34,2026-02-18,19:04:33,20.12,71.0,26.0,22.586,120.313
74DA38F20AA4,2026-02-18,19:04:34,23.12,89.0,31.0,22.685,120.492
74DA38F20BCA,2026-02-18,19:04:34,15.37,97.0,2.0,25.079,121.58
74DA38F20976,2026-02-18,19:04:35,15.87,88.0,29.0,25.127,121.746
74DA38F20DC0,2026-02-18,19:04:41,18.37,100.0,0.0,22.711,120.295
74DA38F7C29C,2026-02-18,19:04:42,16.0,100.0,25.0,25.02,121.416
74DA38F7C610,2026-02-18,19:04:43,17.12,78.0,26.0,25.063,121.564
74DA38F20D4C,2026-02-18,19:04:46,18.0,100.0,0.0,22.971,121.303
74DA38F21136,2026-02-18,19:04:48,15.37,99.0,20.0,25.119,121.505
74DA38F7C41E,2026-02-18,19:04:51,16.5,75.0,27.0,25.054,121.517
74DA38F209DE,2026-02-18,19:04:54,16.62,100.0,1.0,24.861,120.964
74DA38ED04F2,2026-02-18,19:04:55,16.37,100.0,7.0,23.468,121.496
74DA38F20D16,2026-02-18,19:05:00,16.0,100.0,32.0,25.062,121.526
74DA38F20B82,2026-02-18,19:05:03,-4.0,0.0,3.0,22.847,120.465
74DA38ED06E0,2026-02-18,19:05:05,17.87,91.0,0.0,23.601,121.521
74DA38ED059C,2026-02-18,19:05:10,15.25,100.0,16.0,23.706,121.412
74DA38F20DE0,2026-02-18,19:05:15,21.12,99.0,1.0,22.589,120.328
74DA38F7C30E,2026-02-18,19:05:21,15.12,100.0,27.0,24.949,121.382
74DA38F20C22,2026-02-18,19:05:32,18.25,100.0,22.0,22.729,120.357
74DA38ED05B6,2026-02-18,19:05:35,15.75,100.0,24.0,23.43,121.348
74DA38F7C4CC,2026-02-18,19:05:36,15.5,100.0,20.0,25.062,121.451
74DA38F210E4,2026-02-18,19:05:39,18.12,100.0,26.0,23.24,120.696
74DA38F20F0A,2026-02-18,19:05:44,19.12,100.0,17.0,22.995,120.635
74DA38F7C59C,2026-02-18,19:05:45,15.62,75.0,33.0,25.103,121.487
74DA38F210A2,2026-02-18,19:05:47,15.62,100.0,6.0,25.12,121.466
74DA38F7C3BA,2026-02-18,19:05:51,118.87,46.0,130.0,25.174,121.441
74DA38F209A8,2026-02-18,19:05:57,-4.0,0.0,0.0,22.401,120.577
74DA38F21024,2026-02-18,19:06:01,15.87,100.0,0.0,24.93,121.036
74DA38F210F6,2026-02-18,19:06:01,18.5,100.0,10.0,22.757426,121.158891
74DA38F21088,2026-02-18,19:06:04,15.12,100.0,0.0,25.068,121.588
74DA38F20E9E,2026-02-18,19:06:13,14.87,100.0,23.0,24.648,121.151
74DA38F7C566,2026-02-18,19:06:13,16.62,100.0,0.0,25.051,121.448
74DA38F209B2,2026-02-18,19:06:21,19.25,100.0,0.0,22.363,120.599
74DA38F7C560,2026-02-18,19:06:24,15.12,86.0,0.0,25.079,121.671
74DA38F7C366,2026-02-18,19:06:34,15.37,100.0,17.0,25.002,121.516
74DA38F2113E,2026-02-18,19:06:36,-4.0,0.0,2.0,22.728,120.313
74DA38F7C63C,2026-02-18,19:06:38,85.25,100.0,20.0,24.998,121.425
74DA38F7C4DE,2026-02-18,19:06:53,15.5,100.0,0.0,25.09,121.462
74DA38F7C31C,2026-02-18,19:06:58,14.75,100.0,5.0,24.93,121.372
74DA38ED0454,2026-02-18,19:07:04,18.25,100.0,10.0,24.053,121.599
74DA38F20DD0,2026-02-18,19:07:07,19.0,100.0,0.0,22.6080258,120.3229833
74DA38F20BE4,2026-02-18,19:07:10,15.0,100.0,36.0,24.791,120.957
74DA38F20EB2,2026-02-18,19:07:19,13.87,100.0,28.0,24.324,120.835
74DA38F7C40C,2026-02-18,19:07:19,14.87,100.0,0.0,24.995,121.52
74DA38F7C5E6,2026-02-18,19:07:26,15.75,100.0,17.0,25.107,121.843
74DA38F20E6E,2026-02-18,19:07:27,14.25,90.0,0.0,24.41,120.902
74DA38F7C3DE,2026-02-18,19:07:28,16.12,100.0,300.0,24.972,121.537
74DA38F20D1A,2026-02-18,19:07:29,15.87,84.0,0.0,25.078,121.541
74DA38F20A30,2026-02-18,19:07:30,15.37,85.0,0.0,24.948,121.372
74DA38F7C600,2026-02-18,19:07:44,21.5,53.0,20.0,25.07,121.586
74DA38F20902,2026-02-18,19:07:47,20.0,97.0,1.0,22.204,120.7
74DA38F20B88,2026-02-18,19:07:52,17.12,100.0,0.0,22.75,120.316
74DA38F7C3D6,2026-02-18,19:08:13,15.75,100.0,0.0,25.045,121.541
74DA38F7C3B2,2026-02-18,19:08:14,18.75,66.0,17.0,24.929,121.378
74DA38F7C39A,2026-02-18,19:08:21,15.37,100.0,1.0,25.002,121.414
74DA38F20B26,2026-02-18,19:08:22,19.25,100.0,34.0,22.783,120.247
74DA38F21204,2026-02-18,19:08:26,20.25,100.0,3.0,25.062,121.451
74DA38F7C562,2026-02-18,19:08:31,14.62,100.0,28.0,25.021,121.418
74DA38F2104E,2026-02-18,19:08:37,19.5,100.0,34.0,23.108,120.7
74DA38F7C37C,2026-02-18,19:08:37,13.62,100.0,0.0,25.111,121.856
74DA38ED0630,2026-02-18,19:08:42,18.12,100.0,0.0,23.994,121.594
74DA38F20D1E,2026-02-18,19:08:42,15.5,100.0,36.0,25.048,121.573
74DA38F207DE,2026-02-18,19:08:43,19.0,100.0,42.0,22.603,120.34
74DA38F21048,2026-02-18,19:08:43,19.62,100.0,32.0,22.595,120.341
74DA38F7C464,2026-02-18,19:08:43,14.12,33.0,1.0,25.006,121.413
74DA38F7C514,2026-02-18,19:08:52,15.62,98.0,28.0,25.051,121.518
74DA38F7C570,2026-02-18,19:08:55,15.5,100.0,2.0,25.239,121.63
74DA38F209F8,2026-02-18,19:08:58,16.87,100.0,0.0,23.157,121.4
74DA38F20A78,2026-02-18,19:08:58,15.75,100.0,7.0,22.904,121.124
74DA38F20AAA,2026-02-18,19:09:02,13.12,100.0,13.0,24.6,120.999
74DA38F20D70,2026-02-18,19:09:09,16.12,100.0,1.0,23.05,121.164
74DA38F20D2A,2026-02-18,19:09:27,15.75,71.0,0.0,25.048,121.573
74DA38F7C3DC,2026-02-18,19:09:27,14.75,100.0,33.0,25.003,121.539
74DA38F7C30C,2026-02-18,19:09:28,15.5,95.0,0.0,24.975,121.532
74DA38F7C47E,2026-02-18,19:09:31,15.25,100.0,34.0,25.053963,121.427681
74DA38F209EE,2026-02-18,19:09:40,19.87,100.0,0.0,23.026,121.33
74DA38F20C26,2026-02-18,19:09:42,20.25,72.0,36.0,22.676,120.342
74DA38F20D2E,2026-02-18,19:09:50,15.5,100.0,1.0,25.06,121.545
74DA38ED05EA,2026-02-18,19:10:04,16.5,100.0,17.0,23.394,121.357
74DA38F20AE6,2026-02-18,19:10:04,24.75,100.0,16.0,22.63,120.348
74DA38ED0640,2026-02-18,19:10:05,13.87,100.0,8.0,23.154,121.266
74DA38F7C524,2026-02-18,19:10:06,13.87,100.0,63.0,25.002,121.552
74DA38F7C47C,2026-02-18,19:10:07,16.0,96.0,0.0,25.055,121.455
74DA38F21054,2026-02-18,19:10:13,24.0,63.0,23.0,22.898,120.627
74DA38F208E2,2026-02-18,19:10:14,15.12,100.0,26.0,24.688,121.766
74DA38F2118E,2026-02-18,19:10:16,11.37,100.0,62.0,26.148,119.935
74DA38F20BD0,2026-02-18,19:10:18,-4.0,0.0,28.0,22.688,120.408
74DA38F7C260,2026-02-18,19:10:18,15.12,100.0,0.0,25.065,121.425
74DA38F7C53C,2026-02-18,19:10:23,14.5,100.0,0.0,25.11,121.804
74DA38F209A4,2026-02-18,19:10:35,17.87,100.0,0.0,22.702,120.572
74DA38F7C27E,2026-02-18,19:10:36,16.0,92.0,31.0,25.053,121.444
74DA38F7C5BE,2026-02-18,19:10:42,16.12,79.0,31.0,25.092,121.523
74DA38F20976,2026-02-18,19:10:47,16.0,88.0,29.0,25.127,121.746
74DA38F20E34,2026-02-18,19:10:47,20.12,71.0,25.0,22.586,120.313
74DA38F20AA4,2026-02-18,19:10:48,23.25,88.0,30.0,22.685,120.492
74DA38F7C5CE,2026-02-18,19:10:52,15.0,88.0,0.0,25.066,121.656
74DA38F7C29C,2026-02-18,19:10:53,16.0,100.0,25.0,25.02,121.416
74DA38F7C610,2026-02-18,19:10:56,17.12,79.0,26.0,25.063,121.564
74DA38F21136,2026-02-18,19:10:58,15.5,100.0,18.0,25.119,121.505
74DA38F20B80,2026-02-18,19:11:01,18.0,100.0,0.0,22.599,120.35
74DA38F7C5A0,2026-02-18,19:11:02,15.37,89.0,1.0,25.107,121.518
74DA38F7C41E,2026-02-18,19:11:04,16.5,75.0,27.0,25.054,121.517
74DA38F20BCA,2026-02-18,19:11:06,15.25,97.0,1.0,25.079,121.58
74DA38ED04F2,2026-02-18,19:11:09,16.37,100.0,7.0,23.468,121.496
74DA38F20DC0,2026-02-18,19:11:10,18.25,100.0,0.0,22.711,120.295
74DA38F20D16,2026-02-18,19:11:12,16.0,100.0,32.0,25.062,121.526
74DA38F20D4C,2026-02-18,19:11:13,18.12,100.0,0.0,22.971,121.303
74DA38ED06E0,2026-02-18,19:11:15,17.75,91.0,0.0,23.601,121.521
74DA38ED059C,2026-02-18,19:11:20,15.12,100.0,15.0,23.706,121.412
74DA38F209DE,2026-02-18,19:11:23,16.62,100.0,0.0,24.861,120.964
74DA38F7C30E,2026-02-18,19:11:44,15.12,100.0,28.0,24.949,121.382
74DA38F20DE0,2026-02-18,19:11:46,21.12,99.0,1.0,22.589,120.328
74DA38F7C4CC,2026-02-18,19:11:48,15.5,100.0,20.0,25.062,121.451
74DA38ED05B6,2026-02-18,19:11:49,15.62,100.0,24.0,23.43,121.348
74DA38F210E4,2026-02-18,19:11:50,18.0,100.0,21.0,23.24,120.696
74DA38F210A2,2026-02-18,19:11:55,15.75,100.0,7.0,25.12,121.466
74DA38F7C3BA,2026-02-18,19:11:55,118.87,46.0,123.0,25.174,121.441
74DA38F20F0A,2026-02-18,19:11:56,19.12,100.0,19.0,22.995,120.635
74DA38F7C59C,2026-02-18,19:11:57,15.5,75.0,33.0,25.103,121.487
74DA38F20C22,2026-02-18,19:12:05,18.12,100.0,16.0,22.729,120.357
74DA38F210F6,2026-02-18,19:12:09,18.62,100.0,9.0,22.757426,121.158891
74DA38F20B5C,2026-02-18,19:12:19,-4.0,0.0,39.0,22.798,120.293
74DA38F20E9E,2026-02-18,19:12:22,14.87,100.0,17.0,24.648,121.151
74DA38F21024,2026-02-18,19:12:31,16.0,100.0,1.0,24.93,121.036
74DA38F21088,2026-02-18,19:12:33,15.12,100.0,1.0,25.068,121.588
74DA38F7C366,2026-02-18,19:12:43,15.25,100.0,16.0,25.002,121.516
74DA38F7C566,2026-02-18,19:12:44,16.5,100.0,0.0,25.051,121.448
74DA38F7C63C,2026-02-18,19:12:48,85.25,100.0,20.0,24.998,121.425
74DA38F209B2,2026-02-18,19:12:50,19.0,100.0,0.0,22.363,120.599
74DA38F7C560,2026-02-18,19:12:55,15.12,86.0,0.0,25.079,121.671
74DA38F7C4DE,2026-02-18,19:13:02,15.62,100.0,0.0,25.09,121.462
74DA38F20D6C,2026-02-18,19:13:07,19.87,74.0,0.0,22.661,120.301
74DA38ED0454,2026-02-18,19:13:13,18.25,100.0,10.0,24.053,121.599
74DA38F20BE4,2026-02-18,19:13:22,14.87,100.0,36.0,24.791,120.957
74DA38F7C3DE,2026-02-18,19:13:26,16.12,100.0,296.0,24.972,121.537
74DA38F7C40C,2026-02-18,19:13:27,14.75,100.0,0.0,24.995,121.52
74DA38F20E6E,2026-02-18,19:13:30,14.25,90.0,0.0,24.41,120.902
74DA38F7C31C,2026-02-18,19:13:31,14.87,100.0,5.0,24.93,121.372
74DA38F20EB2,2026-02-18,19:13:36,13.87,100.0,29.0,24.324,120.835
74DA38F20DD0,2026-02-18,19:13:40,19.12,100.0,0.0,22.6080258,120.3229833
74DA38F7C5E6,2026-02-18,19:13:42,15.75,100.0,17.0,25.107,121.843
74DA38F7C600,2026-02-18,19:13:52,21.5,52.0,20.0,25.07,121.586
74DA38F20902,2026-02-18,19:13:55,20.0,96.0,1.0,22.204,120.7
74DA38F2113E,2026-02-18,19:13:55,-4.0,0.0,3.0,22.728,120.313
74DA38F20D1A,2026-02-18,19:13:58,15.87,84.0,0.0,25.078,121.541
74DA38F20A30,2026-02-18,19:14:03,15.37,85.0,0.0,24.948,121.372
74DA38F20B88,2026-02-18,19:14:21,17.12,100.0,0.0,22.75,120.316
74DA38F7C3B2,2026-02-18,19:14:24,18.75,66.0,17.0,24.929,121.378
74DA38F20B82,2026-02-18,19:14:37,-4.0,0.0,3.0,22.847,120.465
74DA38F7C3D6,2026-02-18,19:14:41,15.75,100.0,0.0,25.045,121.541
74DA38F21204,2026-02-18,19:14:48,20.25,100.0,3.0,25.062,121.451
74DA38F2104E,2026-02-18,19:14:52,19.5,100.0,35.0,23.108,120.7
74DA38F7C39A,2026-02-18,19:14:52,15.5,100.0,0.0,25.002,121.414
74DA38F207DE,2026-02-18,19:14:54,19.0,100.0,42.0,22.603,120.34
74DA38F20D1E,2026-02-18,19:15:01,15.62,100.0,36.0,25.048,121.573
74DA38F7C514,2026-02-18,19:15:03,15.62,99.0,28.0,25.051,121.518
74DA38F7C37C,2026-02-18,19:15:05,13.5,100.0,0.0,25.111,121.856
74DA38F20A78,2026-02-18,19:15:06,15.75,100.0,5.0,22.904,121.124
74DA38F7C562,2026-02-18,19:15:08,14.87,100.0,29.0,25.021,121.418
74DA38F20AAA,2026-02-18,19:15:11,13.0,100.0,11.0,24.6,120.999
74DA38F7C464,2026-02-18,19:15:13,14.12,32.0,2.0,25.006,121.413
74DA38ED0630,2026-02-18,19:15:14,18.12,100.0,0.0,23.994,121.594
74DA38F21048,2026-02-18,19:15:16,19.62,100.0,32.0,22.595,120.341
74DA38F20D70,2026-02-18,19:15:19,16.12,100.0,1.0,23.05,121.164
74DA38F7C570,2026-02-18,19:15:26,15.5,100.0,1.0,25.239,121.63
74DA38F209F8,2026-02-18,19:15:27,16.87,100.0,0.0,23.157,121.4
74DA38F7C3DC,2026-02-18,19:15:37,14.75,100.0,35.0,25.003,121.539
74DA38F209A8,2026-02-18,19:15:39,-4.0,0.0,1.0,22.401,120.577
74DA38F7C30C,2026-02-18,19:15:39,15.5,95.0,0.0,24.975,121.532
74DA38F7C47E,2026-02-18,19:15:45,15.5,100.0,35.0,25.053963,121.427681
74DA38F209EE,2026-02-18,19:15:47,20.0,100.0,0.0,23.026,121.33
74DA38F20C26,2026-02-18,19:15:56,20.25,72.0,32.0,22.676,120.342
74DA38F20D2A,2026-02-18,19:15:58,15.75,71.0,0.0,25.048,121.573
74DA38F20AE6,2026-02-18,19:16:12,24.75,100.0,17.0,22.63,120.348
74DA38ED05EA,2026-02-18,19:16:13,16.5,100.0,16.0,23.394,121.357
74DA38ED0640,2026-02-18,19:16:13,13.75,100.0,9.0,23.154,121.266
74DA38F7C47C,2026-02-18,19:16:17,15.87,97.0,0.0,25.055,121.455
74DA38F20D2E,2026-02-18,19:16:20,15.5,100.0,0.0,25.06,121.545
74DA38F21054,2026-02-18,19:16:21,24.0,63.0,22.0,22.898,120.627
74DA38F208E2,2026-02-18,19:16:24,15.12,100.0,27.0,24.688,121.766
74DA38F7C524,2026-02-18,19:16:43,13.87,100.0,64.0,25.002,121.552
74DA38F7C27E,2026-02-18,19:16:47,16.0,92.0,31.0,25.053,121.444
74DA38F7C53C,2026-02-18,19:16:52,14.5,100.0,0.0,25.11,121.804
74DA38F2118E,2026-02-18,19:16:53,11.25,100.0,61.0,26.148,119.935
74DA38F7C260,2026-02-18,19:16:54,15.12,100.0,0.0,25.065,121.425
74DA38F7C5BE,2026-02-18,19:16:54,16.0,79.0,30.0,25.092,121.523
74DA38F20AA4,2026-02-18,19:16:56,23.12,88.0,30.0,22.685,120.492
74DA38F20976,2026-02-18,19:16:57,16.0,87.0,29.0,25.127,121.746
74DA38F20E34,2026-02-18,19:17:02,20.25,71.0,25.0,22.586,120.313
74DA38F7C29C,2026-02-18,19:17:03,16.0,100.0,25.0,25.02,121.416
74DA38F209A4,2026-02-18,19:17:04,18.25,100.0,0.0,22.702,120.572
74DA38F21136,2026-02-18,19:17:07,15.37,100.0,19.0,25.119,121.505
74DA38F7C610,2026-02-18,19:17:08,17.12,79.0,26.0,25.063,121.564
74DA38F7C41E,2026-02-18,19:17:15,16.5,75.0,26.0,25.054,121.517
74DA38ED04F2,2026-02-18,19:17:23,16.37,100.0,7.0,23.468,121.496
74DA38ED06E0,2026-02-18,19:17:24,17.87,91.0,0.0,23.601,121.521
74DA38F7C5CE,2026-02-18,19:17:24,15.0,88.0,2.0,25.066,121.656
74DA38F20D16,2026-02-18,19:17:27,16.12,100.0,32.0,25.062,121.526
74DA38ED059C,2026-02-18,19:17:30,15.25,100.0,13.0,23.706,121.412
74DA38F20B80,2026-02-18,19:17:31,18.0,100.0,0.0,22.599,120.35
74DA38F20BCA,2026-02-18,19:17:37,15.25,97.0,0.0,25.079,121.58
74DA38F20DC0,2026-02-18,19:17:40,18.25,100.0,2.0,22.711,120.295
74DA38F20D4C,2026-02-18,19:17:43,18.12,100.0,0.0,22.971,121.303
74DA38F209DE,2026-02-18,19:17:51,16.62,100.0,0.0,24.861,120.964
74DA38F7C3BA,2026-02-18,19:17:57,118.87,46.0,124.0,25.174,121.441
74DA38ED05B6,2026-02-18,19:17:58,15.5,100.0,25.0,23.43,121.348
74DA38F7C4CC,2026-02-18,19:17:58,15.5,100.0,19.0,25.062,121.451
74DA38F210E4,2026-02-18,19:18:00,17.87,100.0,18.0,23.24,120.696
74DA38F210A2,2026-02-18,19:18:03,15.75,100.0,7.0,25.12,121.466
74DA38F20F0A,2026-02-18,19:18:04,19.12,100.0,18.0,22.995,120.635
74DA38F7C59C,2026-02-18,19:18:08,15.62,75.0,33.0,25.103,121.487
74DA38F20DE0,2026-02-18,19:18:15,21.0,100.0,0.0,22.589,120.328
74DA38F210F6,2026-02-18,19:18:18,18.62,100.0,10.0,22.757426,121.158891
74DA38F7C30E,2026-02-18,19:18:27,15.12,100.0,26.0,24.949,121.382
74DA38F20E9E,2026-02-18,19:18:31,14.87,100.0,17.0,24.648,121.151
74DA38F20C22,2026-02-18,19:18:37,18.62,100.0,37.0,22.729,120.357
74DA38F7C616,2026-02-18,19:18:37,14.12,100.0,0.0,25.031,121.563
74DA38F7C366,2026-02-18,19:18:53,15.25,100.0,16.0,25.002,121.516
74DA38F7C63C,2026-02-18,19:18:58,85.25,100.0,20.0,24.998,121.425
74DA38F21024,2026-02-18,19:19:00,16.0,100.0,0.0,24.93,121.036
74DA38F21088,2026-02-18,19:19:03,15.12,100.0,1.0,25.068,121.588
74DA38F7C4DE,2026-02-18,19:19:11,15.62,100.0,0.0,25.09,121.462
74DA38F7C566,2026-02-18,19:19:14,16.5,100.0,0.0,25.051,121.448
74DA38F209B2,2026-02-18,19:19:18,19.37,100.0,1.0,22.363,120.599
74DA38F7C3DE,2026-02-18,19:19:24,16.12,100.0,301.0,24.972,121.537
74DA38F7C560,2026-02-18,19:19:25,15.12,86.0,0.0,25.079,121.671
74DA38F20E6E,2026-02-18,19:19:34,14.37,90.0,0.0,24.41,120.902
74DA38ED0454,2026-02-18,19:19:35,18.25,100.0,10.0,24.053,121.599
74DA38F7C40C,2026-02-18,19:19:35,14.87,100.0,0.0,24.995,121.52
74DA38F20BE4,2026-02-18,19:19:37,15.0,100.0,36.0,24.791,120.957
74DA38F20EB2,2026-02-18,19:19:52,13.87,100.0,28.0,24.324,120.835
74DA38F7C5E6,2026-02-18,19:19:52,15.75,100.0,17.0,25.107,121.843
74DA38F7C600,2026-02-18,19:19:59,21.5,50.0,21.0,25.07,121.586
74DA38F20902,2026-02-18,19:20:01,20.0,96.0,1.0,22.204,120.7
74DA38F7C31C,2026-02-18,19:20:02,14.87,100.0,4.0,24.93,121.372
74DA38F20DD0,2026-02-18,19:20:08,19.0,100.0,0.0,22.6080258,120.3229833
74DA38F20D1A,2026-02-18,19:20:28,15.87,84.0,1.0,25.078,121.541
74DA38F20A30,2026-02-18,19:20:32,15.37,86.0,0.0,24.948,121.372
74DA38F7C3B2,2026-02-18,19:20:34,18.75,66.0,17.0,24.929,121.378
74DA38F20B88,2026-02-18,19:20:50,17.25,100.0,0.0,22.75,120.316
74DA38F20BD0,2026-02-18,19:20:53,-4.0,0.0,30.0,22.688,120.408
74DA38F7C338,2026-02-18,19:21:04,17.87,92.0,25.0,25.011,121.458
74DA38F207DE,2026-02-18,19:21:08,19.12,100.0,41.0,22.603,120.34
74DA38F2104E,2026-02-18,19:21:08,19.5,100.0,35.0,23.108,120.7
74DA38F21204,2026-02-18,19:21:10,20.25,100.0,2.0,25.062,121.451
74DA38F7C3D6,2026-02-18,19:21:11,15.75,100.0,0.0,25.045,121.541
74DA38F20B26,2026-02-18,19:21:12,19.25,100.0,33.0,22.783,120.247
74DA38F20A78,2026-02-18,19:21:14,15.87,100.0,5.0,22.904,121.124
74DA38F2113E,2026-02-18,19:21:15,-4.0,0.0,4.0,22.728,120.313
74DA38F20D1E,2026-02-18,19:21:17,15.62,100.0,37.0,25.048,121.573
74DA38F7C514,2026-02-18,19:21:17,15.75,99.0,28.0,25.051,121.518
74DA38F20AAA,2026-02-18,19:21:19,12.87,100.0,12.0,24.6,120.999
74DA38F7C39A,2026-02-18,19:21:23,15.5,100.0,0.0,25.002,121.414
74DA38F7C562,2026-02-18,19:21:23,14.75,100.0,28.0,25.021,121.418
74DA38F20D70,2026-02-18,19:21:26,16.12,100.0,1.0,23.05,121.164
74DA38F7C37C,2026-02-18,19:21:36,13.5,100.0,0.0,25.111,121.856
74DA38ED0630,2026-02-18,19:21:45,18.12,100.0,0.0,23.994,121.594
74DA38F20B5C,2026-02-18,19:21:45,-4.0,0.0,39.0,22.798,120.293
74DA38F7C464,2026-02-18,19:21:45,14.12,32.0,1.0,25.006,121.413
74DA38F7C30C,2026-02-18,19:21:48,15.5,95.0,0.0,24.975,121.532
74DA38F7C3DC,2026-02-18,19:21:48,14.62,100.0,34.0,25.003,121.539
74DA38F21048,2026-02-18,19:21:50,19.62,100.0,34.0,22.595,120.341
74DA38F209EE,2026-02-18,19:21:53,20.0,100.0,0.0,23.026,121.33
74DA38F7C570,2026-02-18,19:21:57,15.5,100.0,2.0,25.239,121.63
74DA38F209F8,2026-02-18,19:21:58,16.87,100.0,0.0,23.157,121.4
74DA38F7C47E,2026-02-18,19:21:59,15.5,100.0,34.0,25.053963,121.427681
74DA38F20C26,2026-02-18,19:22:12,20.0,72.0,33.0,22.676,120.342
74DA38F20AE6,2026-02-18,19:22:21,24.75,100.0,16.0,22.63,120.348
74DA38ED05EA,2026-02-18,19:22:23,16.5,100.0,16.0,23.394,121.357
74DA38ED0640,2026-02-18,19:22:23,13.75,100.0,10.0,23.154,121.266
74DA38F7C47C,2026-02-18,19:22:27,15.87,97.0,0.0,25.055,121.455
74DA38F20D2A,2026-02-18,19:22:28,15.75,71.0,0.0,25.048,121.573
74DA38F208E2,2026-02-18,19:22:32,15.25,100.0,26.0,24.688,121.766
74DA38F21054,2026-02-18,19:22:32,24.0,63.0,23.0,22.898,120.627
74DA38F20D2E,2026-02-18,19:22:50,15.62,100.0,0.0,25.06,121.545
74DA38F7C27E,2026-02-18,19:23:01,16.0,92.0,31.0,25.053,121.444
74DA38F20AA4,2026-02-18,19:23:05,23.12,88.0,30.0,22.685,120.492
74DA38F20976,2026-02-18,19:23:08,16.0,88.0,28.0,25.127,121.746
74DA38F7C5BE,2026-02-18,19:23:08,16.12,80.0,30.0,25.092,121.523
74DA38F7C29C,2026-02-18,19:23:11,16.0,100.0,24.0,25.02,121.416
74DA38F20E34,2026-02-18,19:23:14,20.37,71.0,24.0,22.586,120.313
74DA38F21136,2026-02-18,19:23:17,15.37,100.0,19.0,25.119,121.505
74DA38F7C524,2026-02-18,19:23:19,13.87,100.0,64.0,25.002,121.552
74DA38F7C610,2026-02-18,19:23:19,17.25,79.0,25.0,25.063,121.564
74DA38F7C53C,2026-02-18,19:23:21,14.62,100.0,0.0,25.11,121.804
74DA38F7C41E,2026-02-18,19:23:26,16.5,75.0,26.0,25.054,121.517
74DA38F2118E,2026-02-18,19:23:29,11.25,100.0,60.0,26.148,119.935
74DA38F7C260,2026-02-18,19:23:30,15.12,100.0,0.0,25.065,121.425
74DA38ED06E0,2026-02-18,19:23:33,17.75,91.0,0.0,23.601,121.521
74DA38F209A4,2026-02-18,19:23:34,18.0,100.0,1.0,22.702,120.572
74DA38ED04F2,2026-02-18,19:23:36,16.37,100.0,8.0,23.468,121.496
74DA38F20D16,2026-02-18,19:23:39,16.25,100.0,32.0,25.062,121.526
74DA38ED059C,2026-02-18,19:23:40,15.37,100.0,12.0,23.706,121.412
74DA38F7C5CE,2026-02-18,19:23:53,15.12,88.0,0.0,25.066,121.656
74DA38F7C3BA,2026-02-18,19:23:56,118.87,46.0,132.0,25.174,121.441
74DA38F20B80,2026-02-18,19:23:58,18.12,100.0,0.0,22.599,120.35
74DA38F7C4CC,2026-02-18,19:24:07,15.5,100.0,19.0,25.062,121.451
74DA38ED05B6,2026-02-18,19:24:08,15.5,100.0,25.0,23.43,121.348
74DA38F20BCA,2026-02-18,19:24:08,15.25,97.0,0.0,25.079,121.58
74DA38F20B82,2026-02-18,19:24:09,-4.0,0.0,4.0,22.847,120.465
74DA38F210E4,2026-02-18,19:24:11,17.75,100.0,19.0,23.24,120.696
74DA38F210A2,2026-02-18,19:24:12,15.75,100.0,7.0,25.12,121.466
74DA38F20D4C,2026-02-18,19:24:13,18.12,100.0,0.0,22.971,121.303
74DA38F20DC0,2026-02-18,19:24:14,18.25,100.0,0.0,22.711,120.295
74DA38F20F0A,2026-02-18,19:24:14,19.0,100.0,20.0,22.995,120.635
74DA38F7C59C,2026-02-18,19:24:17,15.62,76.0,32.0,25.103,121.487
74DA38F209DE,2026-02-18,19:24:19,16.62,100.0,0.0,24.861,120.964
74DA38F210F6,2026-02-18,19:24:25,18.62,100.0,9.0,22.757426,121.158891
74DA38F7C30E,2026-02-18,19:24:38,15.25,100.0,26.0,24.949,121.382
74DA38F20E9E,2026-02-18,19:24:39,15.0,100.0,16.0,24.648,121.151
74DA38F7C616,2026-02-18,19:24:45,14.75,100.0,0.0,25.031,121.563
74DA38F20DE0,2026-02-18,19:24:47,21.0,99.0,1.0,22.589,120.328
74DA38F7C366,2026-02-18,19:25:03,15.37,100.0,16.0,25.002,121.516
74DA38F7C63C,2026-02-18,19:25:08,85.25,100.0,19.0,24.998,121.425
74DA38F20C22,2026-02-18,19:25:10,18.87,100.0,10.0,22.729,120.357
74DA38F209A8,2026-02-18,19:25:17,-4.0,0.0,1.0,22.401,120.577
74DA38F7C3DE,2026-02-18,19:25:21,16.12,100.0,299.0,24.972,121.537
74DA38F21024,2026-02-18,19:25:27,16.12,100.0,0.0,24.93,121.036
74DA38F7C4DE,2026-02-18,19:25:27,15.62,100.0,0.0,25.09,121.462
74DA38F21088,2026-02-18,19:25:35,15.12,100.0,1.0,25.068,121.588
74DA38F20E6E,2026-02-18,19:25:38,14.5,90.0,0.0,24.41,120.902
74DA38F7C40C,2026-02-18,19:25:43,14.87,100.0,0.0,24.995,121.52
74DA38F7C566,2026-02-18,19:25:43,16.5,100.0,0.0,25.051,121.448
74DA38F209B2,2026-02-18,19:25:46,19.75,100.0,0.0,22.363,120.599
74DA38F20BE4,2026-02-18,19:25:47,15.0,100.0,36.0,24.791,120.957
74DA38F7C560,2026-02-18,19:25:54,15.12,86.0,0.0,25.079,121.671
74DA38ED0454,2026-02-18,19:25:56,18.25,100.0,9.0,24.053,121.599
74DA38F7C5E6,2026-02-18,19:26:02,15.87,100.0,16.0,25.107,121.843
74DA38F20EB2,2026-02-18,19:26:05,13.75,100.0,27.0,24.324,120.835
74DA38F7C600,2026-02-18,19:26:07,21.37,49.0,20.0,25.07,121.586
74DA38F20902,2026-02-18,19:26:08,20.0,96.0,1.0,22.204,120.7
74DA38F7C31C,2026-02-18,19:26:32,15.0,100.0,3.0,24.93,121.372
74DA38F20DD0,2026-02-18,19:26:40,18.87,100.0,0.0,22.6080258,120.3229833
74DA38F7C3B2,2026-02-18,19:26:43,18.75,66.0,17.0,24.929,121.378
74DA38F20D1A,2026-02-18,19:26:56,16.0,85.0,0.0,25.078,121.541
74DA38F20A30,2026-02-18,19:27:08,15.37,85.0,0.0,24.948,121.372
74DA38F20B88,2026-02-18,19:27:19,17.0,100.0,0.0,22.75,120.316
74DA38F20A78,2026-02-18,19:27:22,16.0,100.0,5.0,22.904,121.124
74DA38F2104E,2026-02-18,19:27:25,19.62,100.0,33.0,23.108,120.7
74DA38F20AAA,2026-02-18,19:27:29,12.75,100.0,12.0,24.6,120.999
74DA38F21204,2026-02-18,19:27:31,20.25,100.0,2.0,25.062,121.451
74DA38F7C514,2026-02-18,19:27:31,15.62,99.0,28.0,25.051,121.518
74DA38F20D70,2026-02-18,19:27:33,16.25,100.0,1.0,23.05,121.164
74DA38F207DE,2026-02-18,19:27:34,19.12,100.0,41.0,22.603,120.34
74DA38F7C562,2026-02-18,19:27:35,15.12,100.0,29.0,25.021,121.418
74DA38F7C3D6,2026-02-18,19:27:41,15.75,100.0,0.0,25.045,121.541
74DA38F7C39A,2026-02-18,19:27:52,15.5,100.0,0.0,25.002,121.414
74DA38F7C3DC,2026-02-18,19:27:57,14.75,100.0,34.0,25.003,121.539
74DA38F209EE,2026-02-18,19:28:00,20.0,100.0,0.0,23.026,121.33
74DA38F7C37C,2026-02-18,19:28:05,13.5,100.0,0.0,25.111,121.856
74DA38F7C47E,2026-02-18,19:28:11,15.75,100.0,35.0,25.053963,121.427681
74DA38F7C464,2026-02-18,19:28:15,14.25,31.0,0.0,25.006,121.413
74DA38ED0630,2026-02-18,19:28:16,18.12,100.0,0.0,23.994,121.594
74DA38F21048,2026-02-18,19:28:22,19.62,100.0,35.0,22.595,120.341
74DA38F7C30C,2026-02-18,19:28:22,15.5,96.0,0.0,24.975,121.532
74DA38F209F8,2026-02-18,19:28:27,16.87,100.0,0.0,23.157,121.4
74DA38F20C26,2026-02-18,19:28:27,19.5,73.0,33.0,22.676,120.342
74DA38F7C570,2026-02-18,19:28:27,15.5,100.0,0.0,25.239,121.63
74DA38F20AE6,2026-02-18,19:28:30,24.75,100.0,17.0,22.63,120.348
74DA38ED0640,2026-02-18,19:28:32,13.87,100.0,9.0,23.154,121.266
74DA38ED05EA,2026-02-18,19:28:35,16.37,100.0,18.0,23.394,121.357
74DA38F2113E,2026-02-18,19:28:36,-4.0,0.0,5.0,22.728,120.313
74DA38F7C47C,2026-02-18,19:28:37,16.0,97.0,0.0,25.055,121.455
74DA38F208E2,2026-02-18,19:28:40,15.12,100.0,26.0,24.688,121.766
74DA38F21054,2026-02-18,19:28:41,24.0,63.0,23.0,22.898,120.627
74DA38F20D2A,2026-02-18,19:29:07,15.75,71.0,0.0,25.048,121.573
74DA38F7C27E,2026-02-18,19:29:12,16.12,92.0,30.0,25.053,121.444
74DA38F20AA4,2026-02-18,19:29:14,23.12,89.0,30.0,22.685,120.492
74DA38F20D2E,2026-02-18,19:29:18,15.62,100.0,0.0,25.06,121.545
74DA38F20976,2026-02-18,19:29:19,16.0,88.0,28.0,25.127,121.746
74DA38F7C5BE,2026-02-18,19:29:20,16.12,80.0,31.0,25.092,121.523
74DA38F7C29C,2026-02-18,19:29:23,16.0,100.0,25.0,25.02,121.416
74DA38F20E34,2026-02-18,19:29:25,20.37,71.0,23.0,22.586,120.313
74DA38F21136,2026-02-18,19:29:26,15.62,100.0,18.0,25.119,121.505
74DA38F7C610,2026-02-18,19:29:29,17.25,79.0,26.0,25.063,121.564
74DA38ED06E0,2026-02-18,19:29:41,17.87,91.0,0.0,23.601,121.521
74DA38F7C41E,2026-02-18,19:29:41,16.62,75.0,27.0,25.054,121.517
74DA38ED04F2,2026-02-18,19:29:46,16.37,100.0,7.0,23.468,121.496
74DA38ED059C,2026-02-18,19:29:49,15.37,100.0,11.0,23.706,121.412
74DA38F7C53C,2026-02-18,19:29:51,14.5,100.0,0.0,25.11,121.804
74DA38F20D16,2026-02-18,19:29:52,16.25,100.0,32.0,25.062,121.526
74DA38F7C524,2026-02-18,19:29:58,13.87,100.0,65.0,25.002,121.552
74DA38F7C260,2026-02-18,19:30:02,15.12,100.0,0.0,25.065,121.425
74DA38F7C3BA,2026-02-18,19:30:02,118.87,46.0,124.0,25.174,121.441
74DA38F209A4,2026-02-18,19:30:04,17.75,100.0,0.0,22.702,120.572
74DA38F2118E,2026-02-18,19:30:08,11.25,100.0,61.0,26.148,119.935
74DA38ED05B6,2026-02-18,19:30:17,15.62,100.0,25.0,23.43,121.348
74DA38F7C4CC,2026-02-18,19:30:18,15.37,100.0,19.0,25.062,121.451
74DA38F210A2,2026-02-18,19:30:20,15.5,100.0,7.0,25.12,121.466
74DA38F210E4,2026-02-18,19:30:20,17.75,100.0,19.0,23.24,120.696
74DA38F7C5CE,2026-02-18,19:30:23,15.12,88.0,1.0,25.066,121.656
74DA38F20F0A,2026-02-18,19:30:26,19.0,100.0,19.0,22.995,120.635
74DA38F20B80,2026-02-18,19:30:27,18.12,100.0,1.0,22.599,120.35
74DA38F7C59C,2026-02-18,19:30:28,15.5,76.0,33.0,25.103,121.487
74DA38F210F6,2026-02-18,19:30:31,18.62,100.0,8.0,22.757426,121.158891
74DA38F20BCA,2026-02-18,19:30:38,15.25,98.0,0.0,25.079,121.58
74DA38F20D4C,2026-02-18,19:30:40,18.25,100.0,0.0,22.971,121.303
74DA38F20DC0,2026-02-18,19:30:44,18.25,100.0,0.0,22.711,120.295
74DA38F20E9E,2026-02-18,19:30:46,14.87,100.0,17.0,24.648,121.151
74DA38F209DE,2026-02-18,19:30:47,16.62,100.0,0.0,24.861,120.964
74DA38F7C30E,2026-02-18,19:30:49,15.37,100.0,26.0,24.949,121.382
74DA38F7C616,2026-02-18,19:30:56,15.12,100.0,0.0,25.031,121.563
74DA38F20B5C,2026-02-18,19:31:10,-4.0,0.0,40.0,22.798,120.293
74DA38F7C366,2026-02-18,19:31:11,15.5,100.0,15.0,25.002,121.516
74DA38F20DE0,2026-02-18,19:31:17,21.0,99.0,0.0,22.589,120.328
74DA38F7C3DE,2026-02-18,19:31:18,16.12,100.0,301.0,24.972,121.537
74DA38F7C63C,2026-02-18,19:31:21,85.25,100.0,20.0,24.998,121.425
74DA38F20BD0,2026-02-18,19:31:32,-4.0,0.0,32.0,22.688,120.408
74DA38F7C4DE,2026-02-18,19:31:35,15.62,100.0,0.0,25.09,121.462
74DA38F20E6E,2026-02-18,19:31:40,14.37,90.0,0.0,24.41,120.902
74DA38F7C40C,2026-02-18,19:31:51,14.87,100.0,0.0,24.995,121.52
74DA38F20C22,2026-02-18,19:31:54,18.87,100.0,9.0,22.729,120.357
74DA38F21024,2026-02-18,19:31:55,16.12,100.0,0.0,24.93,121.036
74DA38F20BE4,2026-02-18,19:31:59,15.0,100.0,36.0,24.791,120.957
74DA38F21088,2026-02-18,19:32:05,15.0,100.0,1.0,25.068,121.588
74DA38ED0454,2026-02-18,19:32:08,18.25,100.0,10.0,24.053,121.599
74DA38F7C5A0,2026-02-18,19:32:08,15.62,90.0,0.0,25.107,121.518
74DA38F209B2,2026-02-18,19:32:13,20.0,100.0,0.0,22.363,120.599
74DA38F7C566,2026-02-18,19:32:13,16.5,100.0,0.0,25.051,121.448
74DA38F7C5E6,2026-02-18,19:32:13,15.87,100.0,16.0,25.107,121.843
74DA38F7C600,2026-02-18,19:32:14,21.37,48.0,19.0,25.07,121.586
74DA38F20902,2026-02-18,19:32:16,20.0,96.0,1.0,22.204,120.7
74DA38F20EB2,2026-02-18,19:32:19,13.75,100.0,26.0,24.324,120.835
74DA38F7C560,2026-02-18,19:32:25,15.12,88.0,0.0,25.079,121.671
74DA38F7C3B2,2026-02-18,19:32:52,18.75,66.0,16.0,24.929,121.378
74DA38F7C31C,2026-02-18,19:33:02,15.0,100.0,2.0,24.93,121.372
74DA38F20DD0,2026-02-18,19:33:10,19.12,100.0,0.0,22.6080258,120.3229833
74DA38F20D1A,2026-02-18,19:33:27,15.87,85.0,0.0,25.078,121.541
74DA38F20A78,2026-02-18,19:33:30,16.12,100.0,5.0,22.904,121.124
74DA38F20AAA,2026-02-18,19:33:37,12.62,100.0,11.0,24.6,120.999
74DA38F20A30,2026-02-18,19:33:38,15.5,86.0,0.0,24.948,121.372
74DA38F21204,2026-02-18,19:33:38,20.37,100.0,2.0,25.062,121.451
74DA38F20D70,2026-02-18,19:33:39,16.12,100.0,1.0,23.05,121.164
74DA38F20D6C,2026-02-18,19:33:40,19.87,74.0,0.0,22.661,120.301
74DA38F7C514,2026-02-18,19:33:41,15.75,99.0,28.0,25.051,121.518
74DA38F20B82,2026-02-18,19:33:42,-4.0,0.0,3.0,22.847,120.465
74DA38F20B88,2026-02-18,19:33:46,17.0,100.0,0.0,22.75,120.316
74DA38F207DE,2026-02-18,19:33:47,19.25,100.0,41.0,22.603,120.34
74DA38F7C562,2026-02-18,19:33:47,15.25,100.0,27.0,25.021,121.418
74DA38F20B26,2026-02-18,19:33:54,19.25,100.0,33.0,22.783,120.247
74DA38F20D1E,2026-02-18,19:33:55,15.5,100.0,36.0,25.048,121.573
74DA38F209EE,2026-02-18,19:34:06,20.0,100.0,0.0,23.026,121.33
74DA38F7C3DC,2026-02-18,19:34:07,14.75,100.0,35.0,25.003,121.539
74DA38F7C3D6,2026-02-18,19:34:11,15.75,100.0,0.0,25.045,121.541
74DA38F7C39A,2026-02-18,19:34:23,15.5,100.0,1.0,25.002,121.414
74DA38F7C47E,2026-02-18,19:34:24,15.75,100.0,34.0,25.053963,121.427681
74DA38F7C30C,2026-02-18,19:34:31,15.5,96.0,0.0,24.975,121.532
74DA38F7C37C,2026-02-18,19:34:34,13.5,100.0,0.0,25.111,121.856
74DA38F20AE6,2026-02-18,19:34:37,24.75,100.0,16.0,22.63,120.348
74DA38ED0640,2026-02-18,19:34:41,13.87,100.0,9.0,23.154,121.266
74DA38ED05EA,2026-02-18,19:34:43,16.5,100.0,16.0,23.394,121.357
74DA38F7C464,2026-02-18,19:34:45,14.25,34.0,1.0,25.006,121.413
74DA38ED0630,2026-02-18,19:34:47,18.12,100.0,0.0,23.994,121.594
74DA38F7C47C,2026-02-18,19:34:47,16.0,97.0,0.0,25.055,121.455
74DA38F20C26,2026-02-18,19:34:49,19.37,74.0,33.0,22.676,120.342
74DA38F208E2,2026-02-18,19:34:50,15.0,100.0,27.0,24.688,121.766
74DA38F21054,2026-02-18,19:34:51,24.0,63.0,23.0,22.898,120.627
74DA38F209A8,2026-02-18,19:34:55,-4.0,0.0,1.0,22.401,120.577
74DA38F21048,2026-02-18,19:34:55,19.75,100.0,34.0,22.595,120.341
74DA38F209F8,2026-02-18,19:34:57,16.87,100.0,0.0,23.157,121.4
74DA38F7C570,2026-02-18,19:34:57,15.5,100.0,1.0,25.239,121.63
74DA38F20AA4,2026-02-18,19:35:24,23.12,89.0,30.0,22.685,120.492
74DA38F7C27E,2026-02-18,19:35:25,16.12,93.0,30.0,25.053,121.444
74DA38F20976,2026-02-18,19:35:31,16.0,88.0,28.0,25.127,121.746
74DA38F7C29C,2026-02-18,19:35:31,16.12,100.0,24.0,25.02,121.416
74DA38F7C5BE,2026-02-18,19:35:34,16.12,80.0,29.0,25.092,121.523
74DA38F21136,2026-02-18,19:35:36,15.62,100.0,20.0,25.119,121.505
74DA38F7C610,2026-02-18,19:35:37,17.25,79.0,25.0,25.063,121.564
74DA38F20D2A,2026-02-18,19:35:46,15.75,72.0,0.0,25.048,121.573
74DA38F20D2E,2026-02-18,19:35:48,15.62,100.0,0.0,25.06,121.545
74DA38ED06E0,2026-02-18,19:35:49,18.0,91.0,0.0,23.601,121.521
74DA38F7C41E,2026-02-18,19:35:51,16.62,75.0,25.0,25.054,121.517
74DA38F2113E,2026-02-18,19:35:56,-4.0,0.0,5.0,22.728,120.313
74DA38ED04F2,2026-02-18,19:35:58,16.37,100.0,6.0,23.468,121.496
74DA38ED059C,2026-02-18,19:35:58,15.5,100.0,12.0,23.706,121.412
74DA38F20D16,2026-02-18,19:36:02,16.25,100.0,32.0,25.062,121.526
74DA38F7C3BA,2026-02-18,19:36:04,118.87,46.0,123.0,25.174,121.441
74DA38F7C53C,2026-02-18,19:36:20,14.5,100.0,0.0,25.11,121.804
74DA38ED05B6,2026-02-18,19:36:25,15.87,100.0,25.0,23.43,121.348
74DA38F210A2,2026-02-18,19:36:27,15.62,100.0,8.0,25.12,121.466
74DA38F7C4CC,2026-02-18,19:36:28,15.5,100.0,20.0,25.062,121.451
74DA38F210E4,2026-02-18,19:36:30,17.5,100.0,17.0,23.24,120.696
74DA38F209A4,2026-02-18,19:36:33,17.62,100.0,0.0,22.702,120.572
74DA38F7C524,2026-02-18,19:36:33,13.87,100.0,64.0,25.002,121.552
74DA38F20F0A,2026-02-18,19:36:36,18.75,100.0,19.0,22.995,120.635
74DA38F7C59C,2026-02-18,19:36:37,15.5,76.0,32.0,25.103,121.487
74DA38F210F6,2026-02-18,19:36:38,18.62,100.0,8.0,22.757426,121.158891
74DA38F2118E,2026-02-18,19:36:44,11.37,100.0,61.0,26.148,119.935
74DA38F7C260,2026-02-18,19:36:49,15.25,100.0,0.0,25.065,121.425
74DA38F7C5CE,2026-02-18,19:36:51,15.12,88.0,1.0,25.066,121.656
74DA38F20E9E,2026-02-18,19:36:54,14.87,100.0,15.0,24.648,121.151
74DA38F20B80,2026-02-18,19:36:57,18.12,100.0,1.0,22.599,120.35
74DA38F7C30E,2026-02-18,19:37:00,15.37,100.0,27.0,24.949,121.382
74DA38F7C616,2026-02-18,19:37:05,15.37,100.0,0.0,25.031,121.563
74DA38F20BCA,2026-02-18,19:37:09,15.25,98.0,1.0,25.079,121.58
74DA38F20D4C,2026-02-18,19:37:09,18.37,100.0,0.0,22.971,121.303
74DA38F20DC0,2026-02-18,19:37:12,18.25,100.0,1.0,22.711,120.295
74DA38F7C3DE,2026-02-18,19:37:15,16.12,100.0,301.0,24.972,121.537
74DA38F209DE,2026-02-18,19:37:17,16.75,100.0,1.0,24.861,120.964
74DA38F7C366,2026-02-18,19:37:21,15.37,100.0,17.0,25.002,121.516
74DA38F7C63C,2026-02-18,19:37:30,85.25,100.0,19.0,24.998,121.425
74DA38F20E6E,2026-02-18,19:37:42,14.37,90.0,0.0,24.41,120.902
74DA38F20DE0,2026-02-18,19:37:47,21.0,100.0,0.0,22.589,120.328
74DA38F7C4DE,2026-02-18,19:37:47,15.62,100.0,0.0,25.09,121.462
74DA38F7C40C,2026-02-18,19:37:59,15.0,100.0,0.0,24.995,121.52
74DA38F20BE4,2026-02-18,19:38:10,15.0,100.0,36.0,24.791,120.957
74DA38ED0454,2026-02-18,19:38:15,18.25,100.0,11.0,24.053,121.599
74DA38F7C600,2026-02-18,19:38:21,21.12,54.0,20.0,25.07,121.586
74DA38F20902,2026-02-18,19:38:22,20.0,96.0,1.0,22.204,120.7
74DA38F7C5E6,2026-02-18,19:38:22,15.87,100.0,16.0,25.107,121.843
74DA38F21024,2026-02-18,19:38:23,16.0,100.0,0.0,24.93,121.036
74DA38F20C22,2026-02-18,19:38:29,19.12,100.0,4.0,22.729,120.357
74DA38F21088,2026-02-18,19:38:34,15.12,100.0,1.0,25.068,121.588
74DA38F20EB2,2026-02-18,19:38:36,13.75,100.0,27.0,24.324,120.835
74DA38F209B2,2026-02-18,19:38:40,19.87,100.0,0.0,22.363,120.599
74DA38F7C566,2026-02-18,19:38:42,16.5,100.0,0.0,25.051,121.448
74DA38F7C560,2026-02-18,19:38:53,15.25,91.0,0.0,25.079,121.671
74DA38F7C3B2,2026-02-18,19:39:01,18.75,66.0,18.0,24.929,121.378
74DA38F7C31C,2026-02-18,19:39:31,15.0,100.0,3.0,24.93,121.372
74DA38F20A78,2026-02-18,19:39:38,16.0,100.0,7.0,22.904,121.124
74DA38F20DD0,2026-02-18,19:39:42,18.87,100.0,0.0,22.6080258,120.3229833
74DA38F20AAA,2026-02-18,19:39:44,12.75,100.0,11.0,24.6,120.999
74DA38F21204,2026-02-18,19:39:44,20.5,100.0,2.0,25.062,121.451
74DA38F20D70,2026-02-18,19:39:45,15.62,100.0,1.0,23.05,121.164
74DA38F7C514,2026-02-18,19:39:53,15.75,99.0,27.0,25.051,121.518
74DA38F20D1A,2026-02-18,19:39:54,15.87,85.0,0.0,25.078,121.541
74DA38F7C562,2026-02-18,19:39:55,15.25,100.0,29.0,25.021,121.418
74DA38F207DE,2026-02-18,19:40:00,19.12,100.0,40.0,22.603,120.34
74DA38F20D1E,2026-02-18,19:40:07,15.62,100.0,36.0,25.048,121.573
74DA38F20A30,2026-02-18,19:40:10,15.37,86.0,0.0,24.948,121.372
74DA38F209EE,2026-02-18,19:40:12,20.0,100.0,0.0,23.026,121.33
74DA38F20B88,2026-02-18,19:40:15,17.0,100.0,0.0,22.75,120.316
74DA38F7C3DC,2026-02-18,19:40:17,14.75,100.0,34.0,25.003,121.539
74DA38F20B26,2026-02-18,19:40:25,19.25,100.0,33.0,22.783,120.247
74DA38F20B5C,2026-02-18,19:40:31,-4.0,0.0,41.0,22.798,120.293
74DA38F7C47E,2026-02-18,19:40:38,15.87,100.0,34.0,25.053963,121.427681
74DA38F7C3D6,2026-02-18,19:40:39,15.75,100.0,0.0,25.045,121.541
74DA38F7C30C,2026-02-18,19:40:42,15.5,96.0,0.0,24.975,121.532
74DA38F20AE6,2026-02-18,19:40:45,24.75,100.0,17.0,22.63,120.348
74DA38ED0640,2026-02-18,19:40:48,13.87,100.0,8.0,23.154,121.266
74DA38ED05EA,2026-02-18,19:40:50,16.37,100.0,17.0,23.394,121.357
74DA38F7C39A,2026-02-18,19:40:53,15.5,100.0,0.0,25.002,121.414
74DA38F7C47C,2026-02-18,19:40:57,16.0,97.0,0.0,25.055,121.455
74DA38F208E2,2026-02-18,19:41:00,15.0,100.0,28.0,24.688,121.766
74DA38F21054,2026-02-18,19:41:01,24.0,63.0,23.0,22.898,120.627
74DA38F20C26,2026-02-18,19:41:04,19.37,74.0,34.0,22.676,120.342
74DA38F7C37C,2026-02-18,19:41:05,13.5,100.0,0.0,25.111,121.856
74DA38ED0630,2026-02-18,19:41:17,18.12,100.0,0.0,23.994,121.594
74DA38F7C464,2026-02-18,19:41:17,14.25,31.0,0.0,25.006,121.413
74DA38F7C570,2026-02-18,19:41:24,15.62,100.0,1.0,25.239,121.63
74DA38F21048,2026-02-18,19:41:27,19.37,100.0,33.0,22.595,120.341
74DA38F209F8,2026-02-18,19:41:28,16.87,100.0,0.0,23.157,121.4
74DA38F20AA4,2026-02-18,19:41:35,23.12,89.0,31.0,22.685,120.492
74DA38F7C27E,2026-02-18,19:41:36,16.12,93.0,30.0,25.053,121.444
74DA38F20976,2026-02-18,19:41:39,16.0,88.0,28.0,25.127,121.746
74DA38F7C29C,2026-02-18,19:41:41,16.12,100.0,25.0,25.02,121.416
74DA38F7C5BE,2026-02-18,19:41:44,16.37,79.0,30.0,25.092,121.523
74DA38F21136,2026-02-18,19:41:45,15.62,100.0,19.0,25.119,121.505
74DA38F7C610,2026-02-18,19:41:45,17.25,79.0,25.0,25.063,121.564
74DA38ED06E0,2026-02-18,19:41:56,18.25,91.0,0.0,23.601,121.521
74DA38F7C41E,2026-02-18,19:42:02,16.75,75.0,26.0,25.054,121.517
74DA38ED059C,2026-02-18,19:42:08,15.5,100.0,15.0,23.706,121.412
74DA38F7C3BA,2026-02-18,19:42:08,118.87,46.0,126.0,25.174,121.441
74DA38ED04F2,2026-02-18,19:42:10,16.37,100.0,7.0,23.468,121.496
74DA38F20BD0,2026-02-18,19:42:15,-4.0,0.0,33.0,22.688,120.408
74DA38F20D16,2026-02-18,19:42:15,16.25,100.0,32.0,25.062,121.526
74DA38F20D2A,2026-02-18,19:42:15,15.87,72.0,0.0,25.048,121.573
74DA38F20D2E,2026-02-18,19:42:18,15.62,100.0,1.0,25.06,121.545
74DA38F20E34,2026-02-18,19:42:21,20.37,71.0,24.0,22.586,120.313
74DA38ED05B6,2026-02-18,19:42:34,16.12,100.0,25.0,23.43,121.348
74DA38F210A2,2026-02-18,19:42:34,15.75,100.0,7.0,25.12,121.466
74DA38F7C4CC,2026-02-18,19:42:38,15.5,100.0,19.0,25.062,121.451
74DA38F210E4,2026-02-18,19:42:40,17.37,100.0,18.0,23.24,120.696
74DA38F210F6,2026-02-18,19:42:44,18.62,100.0,8.0,22.757426,121.158891
74DA38F20F0A,2026-02-18,19:42:45,18.62,100.0,18.0,22.995,120.635
74DA38F7C53C,2026-02-18,19:42:48,14.62,100.0,0.0,25.11,121.804
74DA38F7C59C,2026-02-18,19:42:48,15.62,76.0,33.0,25.103,121.487
74DA38F20E9E,2026-02-18,19:43:02,15.0,100.0,17.0,24.648,121.151
74DA38F209A4,2026-02-18,19:43:03,17.75,100.0,0.0,22.702,120.572
74DA38F7C524,2026-02-18,19:43:10,13.87,100.0,64.0,25.002,121.552
74DA38F7C3DE,2026-02-18,19:43:12,16.12,100.0,289.0,24.972,121.537
74DA38F7C616,2026-02-18,19:43:12,15.37,100.0,0.0,25.031,121.563
74DA38F20B82,2026-02-18,19:43:15,-4.0,0.0,3.0,22.847,120.465
74DA38F2113E,2026-02-18,19:43:16,-4.0,0.0,6.0,22.728,120.313
74DA38F7C260,2026-02-18,19:43:18,15.25,100.0,0.0,25.065,121.425
74DA38F2118E,2026-02-18,19:43:20,11.25,100.0,61.0,26.148,119.935
74DA38F7C5CE,2026-02-18,19:43:21,15.12,88.0,2.0,25.066,121.656
74DA38F20B80,2026-02-18,19:43:25,18.0,100.0,2.0,22.599,120.35
74DA38F7C30E,2026-02-18,19:43:26,15.37,100.0,26.0,24.949,121.382
74DA38F7C366,2026-02-18,19:43:31,15.25,100.0,17.0,25.002,121.516
74DA38F20D4C,2026-02-18,19:43:37,18.37,100.0,0.0,22.971,121.303
74DA38F7C63C,2026-02-18,19:43:40,85.25,100.0,21.0,24.998,121.425
74DA38F20BCA,2026-02-18,19:43:41,15.25,98.0,0.0,25.079,121.58
74DA38F20E6E,2026-02-18,19:43:45,14.37,90.0,0.0,24.41,120.902
74DA38F209DE,2026-02-18,19:43:47,16.87,100.0,1.0,24.861,120.964
74DA38F20DC0,2026-02-18,19:43:47,18.12,100.0,1.0,22.711,120.295
74DA38F7C4DE,2026-02-18,19:44:07,15.62,100.0,0.0,25.09,121.462
74DA38F7C40C,2026-02-18,19:44:08,15.0,100.0,0.0,24.995,121.52
74DA38F20DE0,2026-02-18,19:44:17,21.12,100.0,1.0,22.589,120.328
74DA38F20BE4,2026-02-18,19:44:21,15.0,100.0,35.0,24.791,120.957
74DA38F20902,2026-02-18,19:44:29,20.0,96.0,1.0,22.204,120.7
74DA38F7C600,2026-02-18,19:44:29,20.87,54.0,20.0,25.07,121.586
74DA38ED0454,2026-02-18,19:44:32,18.25,100.0,12.0,24.053,121.599
74DA38F209A8,2026-02-18,19:44:34,-4.0,0.0,0.0,22.401,120.577
74DA38F7C5E6,2026-02-18,19:44:34,15.87,100.0,16.0,25.107,121.843
74DA38F21024,2026-02-18,19:44:52,16.12,100.0,0.0,24.93,121.036
74DA38F20EB2,2026-02-18,19:44:53,13.75,100.0,27.0,24.324,120.835
74DA38F20C22,2026-02-18,19:45:01,19.37,100.0,0.0,22.729,120.357
74DA38F21088,2026-02-18,19:45:04,15.25,100.0,0.0,25.068,121.588
74DA38F209B2,2026-02-18,19:45:08,19.75,100.0,2.0,22.363,120.599
74DA38F7C3B2,2026-02-18,19:45:12,18.75,66.0,18.0,24.929,121.378
74DA38F7C566,2026-02-18,19:45:12,16.62,100.0,0.0,25.051,121.448
74DA38F7C560,2026-02-18,19:45:22,15.25,92.0,0.0,25.079,121.671
74DA38F2104E,2026-02-18,19:45:26,19.62,100.0,37.0,23.108,120.7
74DA38F20A78,2026-02-18,19:45:45,16.0,100.0,8.0,22.904,121.124
74DA38F20AAA,2026-02-18,19:45:52,12.75,100.0,10.0,24.6,120.999
74DA38F21204,2026-02-18,19:45:52,20.37,100.0,1.0,25.062,121.451
74DA38F20D70,2026-02-18,19:45:54,15.5,100.0,1.0,23.05,121.164
74DA38F7C31C,2026-02-18,19:46:00,15.0,100.0,2.0,24.93,121.372
74DA38F7C514,2026-02-18,19:46:06,15.75,99.0,27.0,25.051,121.518
74DA38F7C562,2026-02-18,19:46:11,15.37,100.0,27.0,25.021,121.418
74DA38F20DD0,2026-02-18,19:46:12,18.75,100.0,1.0,22.6080258,120.3229833
74DA38F207DE,2026-02-18,19:46:14,19.12,100.0,42.0,22.603,120.34
74DA38F209EE,2026-02-18,19:46:19,20.0,100.0,0.0,23.026,121.33
74DA38F20D1E,2026-02-18,19:46:19,15.62,100.0,35.0,25.048,121.573
74DA38F7C3DC,2026-02-18,19:46:25,14.75,100.0,34.0,25.003,121.539
74DA38F20D1A,2026-02-18,19:46:26,16.0,85.0,1.0,25.078,121.541
74DA38F7C5A0,2026-02-18,19:46:29,15.62,90.0,0.0,25.107,121.518
74DA38F20A30,2026-02-18,19:46:43,15.5,86.0,0.0,24.948,121.372
74DA38F20B88,2026-02-18,19:46:45,17.0,100.0,0.0,22.75,120.316
74DA38F20B26,2026-02-18,19:46:51,19.25,100.0,34.0,22.783,120.247
74DA38F7C47E,2026-02-18,19:46:51,16.0,100.0,34.0,25.053963,121.427681
74DA38F20AE6,2026-02-18,19:46:54,24.75,100.0,17.0,22.63,120.348
74DA38ED0640,2026-02-18,19:46:56,13.87,100.0,8.0,23.154,121.266
74DA38ED05EA,2026-02-18,19:46:59,16.5,100.0,17.0,23.394,121.357
74DA38F7C30C,2026-02-18,19:47:00,15.5,96.0,0.0,24.975,121.532
74DA38F7C47C,2026-02-18,19:47:07,16.0,98.0,0.0,25.055,121.455
74DA38F208E2,2026-02-18,19:47:08,14.87,100.0,28.0,24.688,121.766
74DA38F21054,2026-02-18,19:47:08,24.0,63.0,22.0,22.898,120.627
74DA38F7C3D6,2026-02-18,19:47:08,15.87,100.0,0.0,25.045,121.541
74DA38F20C26,2026-02-18,19:47:18,19.62,74.0,34.0,22.676,120.342
74DA38F7C39A,2026-02-18,19:47:22,15.5,100.0,0.0,25.002,121.414
74DA38F7C37C,2026-02-18,19:47:35,13.62,100.0,0.0,25.111,121.856
74DA38ED0630,2026-02-18,19:47:46,18.12,100.0,0.0,23.994,121.594
74DA38F20AA4,2026-02-18,19:47:46,23.0,89.0,30.0,22.685,120.492
74DA38F7C27E,2026-02-18,19:47:47,16.0,93.0,30.0,25.053,121.444
74DA38F7C464,2026-02-18,19:47:47,14.37,33.0,0.0,25.006,121.413
74DA38F20976,2026-02-18,19:47:50,16.0,87.0,28.0,25.127,121.746
74DA38F7C29C,2026-02-18,19:47:53,16.12,100.0,24.0,25.02,121.416
74DA38F7C570,2026-02-18,19:47:53,15.5,100.0,1.0,25.239,121.63
74DA38F21136,2026-02-18,19:47:54,15.62,100.0,19.0,25.119,121.505
74DA38F209F8,2026-02-18,19:47:56,16.87,100.0,0.0,23.157,121.4
74DA38F7C5BE,2026-02-18,19:47:56,16.37,79.0,29.0,25.092,121.523
74DA38F7C610,2026-02-18,19:47:56,17.25,79.0,26.0,25.063,121.564
74DA38F21048,2026-02-18,19:48:03,19.5,100.0,33.0,22.595,120.341
74DA38ED06E0,2026-02-18,19:48:05,18.37,90.0,0.0,23.601,121.521
74DA38F7C3BA,2026-02-18,19:48:10,118.87,46.0,125.0,25.174,121.441
74DA38F7C41E,2026-02-18,19:48:13,16.62,75.0,25.0,25.054,121.517
74DA38ED059C,2026-02-18,19:48:17,15.37,100.0,18.0,23.706,121.412
74DA38ED04F2,2026-02-18,19:48:20,16.37,100.0,7.0,23.468,121.496
74DA38F20D16,2026-02-18,19:48:27,16.12,100.0,31.0,25.062,121.526
74DA38F7C338,2026-02-18,19:48:35,17.87,93.0,25.0,25.011,121.458
74DA38ED05B6,2026-02-18,19:48:42,16.12,100.0,24.0,23.43,121.348
74DA38F210A2,2026-02-18,19:48:42,15.62,100.0,7.0,25.12,121.466
74DA38F20D2A,2026-02-18,19:48:45,15.87,72.0,0.0,25.048,121.573
74DA38F20D2E,2026-02-18,19:48:46,15.75,100.0,0.0,25.06,121.545
74DA38F7C4CC,2026-02-18,19:48:48,15.5,100.0,19.0,25.062,121.451
74DA38F210F6,2026-02-18,19:48:50,18.62,100.0,7.0,22.757426,121.158891
74DA38F20E34,2026-02-18,19:48:51,20.5,71.0,23.0,22.586,120.313
74DA38F20F0A,2026-02-18,19:48:52,18.62,100.0,17.0,22.995,120.635
74DA38F210E4,2026-02-18,19:48:52,17.37,100.0,17.0,23.24,120.696
74DA38F7C59C,2026-02-18,19:48:59,15.5,76.0,33.0,25.103,121.487
74DA38F7C3DE,2026-02-18,19:49:08,16.12,100.0,300.0,24.972,121.537
74DA38F20E9E,2026-02-18,19:49:12,15.0,100.0,19.0,24.648,121.151
74DA38F7C53C,2026-02-18,19:49:15,14.5,100.0,0.0,25.11,121.804
74DA38F7C616,2026-02-18,19:49:21,15.5,100.0,0.0,25.031,121.563
74DA38F209A4,2026-02-18,19:49:31,17.87,100.0,0.0,22.702,120.572
74DA38F7C366,2026-02-18,19:49:40,15.25,100.0,16.0,25.002,121.516
74DA38F7C30E,2026-02-18,19:49:41,15.37,100.0,26.0,24.949,121.382
74DA38F20E6E,2026-02-18,19:49:48,14.5,90.0,0.0,24.41,120.902
74DA38F7C524,2026-02-18,19:49:48,13.87,100.0,64.0,25.002,121.552
74DA38F7C5CE,2026-02-18,19:49:49,15.12,88.0,0.0,25.066,121.656
74DA38F7C260,2026-02-18,19:49:50,15.25,100.0,1.0,25.065,121.425
74DA38F7C63C,2026-02-18,19:49:51,85.25,100.0,18.0,24.998,121.425
74DA38F20B80,2026-02-18,19:49:53,17.75,100.0,1.0,22.599,120.35
74DA38F20B5C,2026-02-18,19:49:55,-4.0,0.0,41.0,22.798,120.293
74DA38F2118E,2026-02-18,19:49:56,11.25,100.0,60.0,26.148,119.935
74DA38F20D4C,2026-02-18,19:50:04,18.25,100.0,0.0,22.971,121.303
74DA38F20BCA,2026-02-18,19:50:11,15.25,98.0,0.0,25.079,121.58
74DA38F209DE,2026-02-18,19:50:14,16.87,100.0,0.0,24.861,120.964
74DA38F7C40C,2026-02-18,19:50:15,15.0,100.0,0.0,24.995,121.52
74DA38F20DC0,2026-02-18,19:50:22,17.87,100.0,3.0,22.711,120.295
74DA38F7C4DE,2026-02-18,19:50:25,15.62,100.0,0.0,25.09,121.462
74DA38F20BE4,2026-02-18,19:50:32,15.0,100.0,36.0,24.791,120.957
74DA38F20902,2026-02-18,19:50:35,20.0,96.0,1.0,22.204,120.7
74DA38F2113E,2026-02-18,19:50:35,-4.0,0.0,4.0,22.728,120.313
74DA38F7C600,2026-02-18,19:50:35,20.62,54.0,19.0,25.07,121.586
74DA38F7C5E6,2026-02-18,19:50:43,15.87,100.0,16.0,25.107,121.843
74DA38ED0454,2026-02-18,19:50:45,18.25,100.0,12.0,24.053,121.599
74DA38F20DE0,2026-02-18,19:50:47,21.25,100.0,2.0,22.589,120.328
74DA38F20EB2,2026-02-18,19:51:06,13.75,100.0,27.0,24.324,120.835
74DA38F21024,2026-02-18,19:51:19,16.0,100.0,0.0,24.93,121.036
74DA38F7C3B2,2026-02-18,19:51:21,18.75,66.0,18.0,24.929,121.378
74DA38F21088,2026-02-18,19:51:32,15.25,100.0,0.0,25.068,121.588
74DA38F209B2,2026-02-18,19:51:35,19.87,100.0,0.0,22.363,120.599
74DA38F7C566,2026-02-18,19:51:43,16.62,100.0,0.0,25.051,121.448
74DA38F7C560,2026-02-18,19:51:51,15.25,93.0,0.0,25.079,121.671
74DA38F21204,2026-02-18,19:51:58,20.37,100.0,2.0,25.062,121.451
74DA38F20AAA,2026-02-18,19:51:59,12.62,100.0,10.0,24.6,120.999
74DA38F20D70,2026-02-18,19:52:00,15.75,100.0,1.0,23.05,121.164
74DA38F7C514,2026-02-18,19:52:19,15.87,100.0,27.0,25.051,121.518
74DA38F7C562,2026-02-18,19:52:20,15.5,100.0,29.0,25.021,121.418
74DA38F209EE,2026-02-18,19:52:25,20.0,100.0,0.0,23.026,121.33
74DA38F207DE,2026-02-18,19:52:29,19.12,100.0,41.0,22.603,120.34
74DA38F7C31C,2026-02-18,19:52:30,15.0,100.0,4.0,24.93,121.372
74DA38F20D1E,2026-02-18,19:52:33,15.75,100.0,35.0,25.048,121.573
74DA38F7C3DC,2026-02-18,19:52:36,14.87,100.0,34.0,25.003,121.539
74DA38F20DD0,2026-02-18,19:52:40,18.87,100.0,0.0,22.6080258,120.3229833
74DA38F20B82,2026-02-18,19:52:47,-4.0,0.0,3.0,22.847,120.465
74DA38F20BD0,2026-02-18,19:52:50,-4.0,0.0,35.0,22.688,120.408
74DA38F20D1A,2026-02-18,19:52:58,15.87,85.0,2.0,25.078,121.541
74DA38F20AE6,2026-02-18,19:53:03,24.75,100.0,16.0,22.63,120.348
74DA38F7C47E,2026-02-18,19:53:03,15.87,100.0,33.0,25.053963,121.427681
74DA38ED0640,2026-02-18,19:53:04,13.87,100.0,8.0,23.154,121.266
74DA38ED05EA,2026-02-18,19:53:05,16.37,100.0,17.0,23.394,121.357
74DA38F7C30C,2026-02-18,19:53:12,15.37,96.0,0.0,24.975,121.532
74DA38F20A30,2026-02-18,19:53:14,15.5,86.0,0.0,24.948,121.372
74DA38F21054,2026-02-18,19:53:16,24.0,63.0,21.0,22.898,120.627
74DA38F7C47C,2026-02-18,19:53:17,16.0,98.0,0.0,25.055,121.455
74DA38F208E2,2026-02-18,19:53:18,15.0,100.0,28.0,24.688,121.766
74DA38F20B88,2026-02-18,19:53:18,17.0,100.0,0.0,22.75,120.316
74DA38F7C3D6,2026-02-18,19:53:36,15.87,100.0,0.0,25.045,121.541
74DA38F7C39A,2026-02-18,19:53:51,15.5,100.0,1.0,25.002,121.414
74DA38F20AA4,2026-02-18,19:53:55,23.0,89.0,31.0,22.685,120.492
74DA38F20976,2026-02-18,19:53:58,15.87,88.0,28.0,25.127,121.746
74DA38F7C27E,2026-02-18,19:53:58,16.12,93.0,30.0,25.053,121.444
74DA38F20C26,2026-02-18,19:54:00,19.37,74.0,34.0,22.676,120.342
74DA38F7C29C,2026-02-18,19:54:04,16.0,100.0,24.0,25.02,121.416
74DA38F7C37C,2026-02-18,19:54:05,13.62,100.0,0.0,25.111,121.856
74DA38F7C610,2026-02-18,19:54:08,17.25,80.0,25.0,25.063,121.564
74DA38F7C5BE,2026-02-18,19:54:09,16.25,79.0,29.0,25.092,121.523
74DA38F209A8,2026-02-18,19:54:12,-4.0,0.0,1.0,22.401,120.577
74DA38F7C3BA,2026-02-18,19:54:12,118.87,46.0,130.0,25.174,121.441
74DA38ED06E0,2026-02-18,19:54:14,18.25,90.0,0.0,23.601,121.521
74DA38F7C464,2026-02-18,19:54:15,14.5,32.0,0.0,25.006,121.413
74DA38ED0630,2026-02-18,19:54:16,18.12,100.0,0.0,23.994,121.594
74DA38F7C570,2026-02-18,19:54:22,15.62,100.0,0.0,25.239,121.63
74DA38F7C41E,2026-02-18,19:54:23,16.62,75.0,25.0,25.054,121.517
74DA38F209F8,2026-02-18,19:54:25,17.0,100.0,0.0,23.157,121.4
74DA38ED059C,2026-02-18,19:54:28,15.5,100.0,20.0,23.706,121.412
74DA38ED04F2,2026-02-18,19:54:34,16.37,100.0,7.0,23.468,121.496
74DA38F20D16,2026-02-18,19:54:37,16.25,100.0,31.0,25.062,121.526
74DA38F21048,2026-02-18,19:54:37,19.5,100.0,30.0,22.595,120.341
74DA38ED05B6,2026-02-18,19:54:50,16.12,100.0,24.0,23.43,121.348
74DA38F210A2,2026-02-18,19:54:53,15.75,100.0,7.0,25.12,121.466
74DA38F210F6,2026-02-18,19:54:56,18.62,100.0,8.0,22.757426,121.158891
74DA38F7C4CC,2026-02-18,19:54:56,15.37,100.0,18.0,25.062,121.451
74DA38F210E4,2026-02-18,19:55:00,17.5,100.0,17.0,23.24,120.696
74DA38F20F0A,2026-02-18,19:55:02,18.62,100.0,19.0,22.995,120.635
74DA38F20E34,2026-02-18,19:55:03,20.37,70.0,24.0,22.586,120.313
74DA38F7C3DE,2026-02-18,19:55:06,16.25,100.0,306.0,24.972,121.537
74DA38F7C59C,2026-02-18,19:55:09,15.62,76.0,32.0,25.103,121.487
74DA38F20D2E,2026-02-18,19:55:16,15.75,100.0,0.0,25.06,121.545
74DA38F20E9E,2026-02-18,19:55:21,15.0,100.0,15.0,24.648,121.151
74DA38F20D2A,2026-02-18,19:55:22,15.87,72.0,0.0,25.048,121.573
74DA38F7C616,2026-02-18,19:55:34,15.62,100.0,0.0,25.031,121.563
74DA38F7C53C,2026-02-18,19:55:44,14.5,100.0,0.0,25.11,121.804
74DA38F20E6E,2026-02-18,19:55:50,14.5,90.0,0.0,24.41,120.902
74DA38F7C366,2026-02-18,19:55:50,15.25,100.0,16.0,25.002,121.516
74DA38F7C30E,2026-02-18,19:55:53,15.5,100.0,27.0,24.949,121.382
74DA38F209A4,2026-02-18,19:56:01,18.0,100.0,0.0,22.702,120.572
74DA38F7C63C,2026-02-18,19:56:03,85.25,100.0,20.0,24.998,121.425
74DA38F7C5CE,2026-02-18,19:56:17,15.25,88.0,0.0,25.066,121.656
74DA38F7C260,2026-02-18,19:56:22,15.12,100.0,0.0,25.065,121.425
74DA38F7C40C,2026-02-18,19:56:23,15.0,100.0,0.0,24.995,121.52
74DA38F7C524,2026-02-18,19:56:24,14.0,100.0,64.0,25.002,121.552
74DA38F20B80,2026-02-18,19:56:28,17.75,100.0,2.0,22.599,120.35
74DA38F20D4C,2026-02-18,19:56:33,18.12,100.0,0.0,22.971,121.303
74DA38F20A78,2026-02-18,19:56:34,15.87,100.0,7.0,22.904,121.124
74DA38F2118E,2026-02-18,19:56:34,11.25,100.0,61.0,26.148,119.935
74DA38F7C4DE,2026-02-18,19:56:37,15.75,100.0,0.0,25.09,121.462
74DA38F20902,2026-02-18,19:56:42,20.0,95.0,1.0,22.204,120.7
74DA38F209DE,2026-02-18,19:56:43,16.87,100.0,0.0,24.861,120.964
74DA38F7C600,2026-02-18,19:56:43,20.62,54.0,19.0,25.07,121.586
74DA38F20BCA,2026-02-18,19:56:44,15.25,98.0,1.0,25.079,121.58
74DA38F20BE4,2026-02-18,19:56:44,15.0,100.0,36.0,24.791,120.957
74DA38F20DC0,2026-02-18,19:56:54,17.87,100.0,2.0,22.711,120.295
74DA38F7C5E6,2026-02-18,19:56:56,15.87,100.0,16.0,25.107,121.843
74DA38ED0454,2026-02-18,19:57:13,18.25,100.0,12.0,24.053,121.599
74DA38F20DE0,2026-02-18,19:57:14,21.25,100.0,1.0,22.589,120.328
74DA38F20EB2,2026-02-18,19:57:19,13.75,100.0,27.0,24.324,120.835
74DA38F7C3B2,2026-02-18,19:57:29,18.62,66.0,18.0,24.929,121.378
74DA38F21024,2026-02-18,19:57:48,16.12,100.0,0.0,24.93,121.036
74DA38F2113E,2026-02-18,19:57:57,-4.0,0.0,7.0,22.728,120.313
74DA38F21088,2026-02-18,19:58:01,15.37,100.0,0.0,25.068,121.588
74DA38F20C22,2026-02-18,19:58:02,19.62,100.0,0.0,22.729,120.357
74DA38F209B2,2026-02-18,19:58:03,20.0,100.0,0.0,22.363,120.599
74DA38F20AAA,2026-02-18,19:58:06,12.62,100.0,11.0,24.6,120.999
74DA38F20D70,2026-02-18,19:58:06,15.75,100.0,2.0,23.05,121.164
74DA38F21204,2026-02-18,19:58:07,20.25,100.0,1.0,25.062,121.451
74DA38F7C566,2026-02-18,19:58:12,16.62,100.0,0.0,25.051,121.448
74DA38F7C560,2026-02-18,19:58:20,15.25,95.0,0.0,25.079,121.671
74DA38F7C514,2026-02-18,19:58:29,15.75,99.0,27.0,25.051,121.518
74DA38F209EE,2026-02-18,19:58:31,20.12,100.0,0.0,23.026,121.33
74DA38F7C562,2026-02-18,19:58:31,15.37,100.0,29.0,25.021,121.418
74DA38F207DE,2026-02-18,19:58:41,19.12,100.0,41.0,22.603,120.34
74DA38F7C3DC,2026-02-18,19:58:44,15.0,100.0,33.0,25.003,121.539
74DA38F7C31C,2026-02-18,19:59:05,15.12,100.0,5.0,24.93,121.372
74DA38F20DD0,2026-02-18,19:59:08,18.87,100.0,0.0,22.6080258,120.3229833
74DA38ED0640,2026-02-18,19:59:10,13.75,100.0,8.0,23.154,121.266
74DA38F20AE6,2026-02-18,19:59:10,24.75,100.0,17.0,22.63,120.348
74DA38ED05EA,2026-02-18,19:59:12,16.37,100.0,17.0,23.394,121.357
74DA38F7C47E,2026-02-18,19:59:14,15.62,100.0,33.0,25.053963,121.427681
74DA38F20B5C,2026-02-18,19:59:16,-4.0,0.0,40.0,22.798,120.293
74DA38F7C30C,2026-02-18,19:59:20,15.5,97.0,0.0,24.975,121.532
74DA38F21054,2026-02-18,19:59:23,24.0,63.0,22.0,22.898,120.627
74DA38F7C47C,2026-02-18,19:59:25,15.87,98.0,0.0,25.055,121.455
74DA38F208E2,2026-02-18,19:59:28,15.12,100.0,28.0,24.688,121.766
74DA38F20D1A,2026-02-18,19:59:28,15.87,85.0,0.0,25.078,121.541
74DA38F20A30,2026-02-18,19:59:49,15.62,86.0,0.0,24.948,121.372
74DA38F20B88,2026-02-18,19:59:51,17.0,100.0,0.0,22.75,120.316
74DA38F20B26,2026-02-18,20:00:00,19.5,100.0,35.0,22.783,120.247
74DA38F7C3D6,2026-02-18,20:00:03,15.87,100.0,0.0,25.045,121.541
74DA38F20AA4,2026-02-18,20:00:06,22.87,89.0,31.0,22.685,120.492
74DA38F7C27E,2026-02-18,20:00:07,16.12,93.0,29.0,25.053,121.444
74DA38F21136,2026-02-18,20:00:09,15.62,100.0,19.0,25.119,121.505
74DA38F20976,2026-02-18,20:00:11,16.0,88.0,28.0,25.127,121.746
74DA38F7C3BA,2026-02-18,20:00:13,118.87,46.0,123.0,25.174,121.441
74DA38F7C29C,2026-02-18,20:00:14,16.12,100.0,25.0,25.02,121.416
74DA38F7C610,2026-02-18,20:00:17,17.25,80.0,25.0,25.063,121.564
74DA38ED06E0,2026-02-18,20:00:20,18.25,90.0,0.0,23.601,121.521
74DA38F7C39A,2026-02-18,20:00:20,15.5,100.0,1.0,25.002,121.414
74DA38F7C5BE,2026-02-18,20:00:23,16.37,79.0,29.0,25.092,121.523
74DA38F7C37C,2026-02-18,20:00:33,13.62,100.0,0.0,25.111,121.856
74DA38F7C41E,2026-02-18,20:00:33,16.62,75.0,25.0,25.054,121.517
74DA38F20C26,2026-02-18,20:00:35,19.25,75.0,35.0,22.676,120.342
74DA38ED059C,2026-02-18,20:00:40,15.12,100.0,24.0,23.706,121.412
74DA38F2104E,2026-02-18,20:00:43,19.25,100.0,38.0,23.108,120.7
74DA38ED0630,2026-02-18,20:00:44,18.12,100.0,0.0,23.994,121.594
74DA38F7C464,2026-02-18,20:00:44,14.5,33.0,0.0,25.006,121.413
74DA38F20D16,2026-02-18,20:00:49,16.37,100.0,31.0,25.062,121.526
74DA38ED04F2,2026-02-18,20:00:50,16.37,100.0,7.0,23.468,121.496
74DA38F7C570,2026-02-18,20:00:50,15.5,100.0,1.0,25.239,121.63
74DA38F209F8,2026-02-18,20:00:54,16.87,100.0,0.0,23.157,121.4
74DA38ED05B6,2026-02-18,20:00:59,16.37,100.0,25.0,23.43,121.348
74DA38F210A2,2026-02-18,20:01:00,15.62,100.0,7.0,25.12,121.466
74DA38F210F6,2026-02-18,20:01:01,18.62,100.0,9.0,22.757426,121.158891
74DA38F7C3DE,2026-02-18,20:01:02,16.25,100.0,316.0,24.972,121.537
74DA38F7C4CC,2026-02-18,20:01:04,15.5,100.0,18.0,25.062,121.451
74DA38F21048,2026-02-18,20:01:08,19.5,100.0,31.0,22.595,120.341
74DA38F210E4,2026-02-18,20:01:10,17.62,100.0,17.0,23.24,120.696
74DA38F20F0A,2026-02-18,20:01:11,18.5,100.0,19.0,22.995,120.635
74DA38F20E34,2026-02-18,20:01:14,20.25,71.0,25.0,22.586,120.313
74DA38F7C59C,2026-02-18,20:01:20,15.62,76.0,32.0,25.103,121.487
74DA38F20E9E,2026-02-18,20:01:27,15.0,100.0,15.0,24.648,121.151
74DA38F20D2E,2026-02-18,20:01:44,15.62,100.0,0.0,25.06,121.545
74DA38F20E6E,2026-02-18,20:01:52,14.5,90.0,0.0,24.41,120.902
74DA38F7C366,2026-02-18,20:01:57,15.37,100.0,15.0,25.002,121.516
74DA38F7C30E,2026-02-18,20:02:04,15.37,100.0,28.0,24.949,121.382
74DA38F20D2A,2026-02-18,20:02:11,16.0,72.0,0.0,25.048,121.573
74DA38F7C53C,2026-02-18,20:02:12,14.5,100.0,0.0,25.11,121.804
74DA38F7C63C,2026-02-18,20:02:12,85.25,100.0,19.0,24.998,121.425
74DA38F7C338,2026-02-18,20:02:13,17.87,93.0,24.0,25.011,121.458
74DA38F20B82,2026-02-18,20:02:20,-4.0,0.0,3.0,22.847,120.465
74DA38F209A4,2026-02-18,20:02:31,18.12,100.0,0.0,22.702,120.572
74DA38F7C40C,2026-02-18,20:02:31,15.0,100.0,0.0,24.995,121.52
74DA38F20A78,2026-02-18,20:02:40,15.75,100.0,7.0,22.904,121.124
74DA38F7C4DE,2026-02-18,20:02:45,15.62,100.0,0.0,25.09,121.462
74DA38F7C5CE,2026-02-18,20:02:45,15.12,88.0,1.0,25.066,121.656
74DA38F20902,2026-02-18,20:02:48,20.0,95.0,1.0,22.204,120.7
74DA38F7C600,2026-02-18,20:02:49,20.62,54.0,19.0,25.07,121.586
74DA38F20BE4,2026-02-18,20:02:53,15.12,100.0,36.0,24.791,120.957
74DA38F20B80,2026-02-18,20:02:55,17.75,100.0,1.0,22.599,120.35
74DA38F20D4C,2026-02-18,20:02:59,18.0,100.0,0.0,22.971,121.303
74DA38F7C524,2026-02-18,20:03:02,14.0,100.0,64.0,25.002,121.552
74DA38F7C260,2026-02-18,20:03:05,15.25,100.0,0.0,25.065,121.425
74DA38F7C5E6,2026-02-18,20:03:08,15.87,100.0,16.0,25.107,121.843
74DA38F209DE,2026-02-18,20:03:10,16.75,100.0,0.0,24.861,120.964
74DA38F2118E,2026-02-18,20:03:10,11.25,100.0,61.0,26.148,119.935
74DA38F20BCA,2026-02-18,20:03:14,15.25,98.0,1.0,25.079,121.58
74DA38F20DC0,2026-02-18,20:03:23,18.0,100.0,0.0,22.711,120.295
74DA38F20BD0,2026-02-18,20:03:30,-4.0,0.0,35.0,22.688,120.408
74DA38F20EB2,2026-02-18,20:03:30,14.0,100.0,27.0,24.324,120.835
74DA38F7C3B2,2026-02-18,20:03:39,18.62,66.0,18.0,24.929,121.378
74DA38F20DE0,2026-02-18,20:03:44,21.25,99.0,1.0,22.589,120.328
74DA38ED0454,2026-02-18,20:03:51,18.25,100.0,10.0,24.053,121.599
74DA38F209A8,2026-02-18,20:03:51,-4.0,0.0,0.0,22.401,120.577
74DA38F20D70,2026-02-18,20:04:12,15.87,100.0,2.0,23.05,121.164
74DA38F21204,2026-02-18,20:04:12,20.25,100.0,1.0,25.062,121.451
74DA38F20AAA,2026-02-18,20:04:13,12.5,100.0,11.0,24.6,120.999
74DA38F21024,2026-02-18,20:04:15,16.12,100.0,0.0,24.93,121.036
74DA38F21088,2026-02-18,20:04:30,15.5,100.0,0.0,25.068,121.588
74DA38F20C22,2026-02-18,20:04:31,19.37,100.0,0.0,22.729,120.357
74DA38F209B2,2026-02-18,20:04:32,20.12,100.0,0.0,22.363,120.599
74DA38F209EE,2026-02-18,20:04:37,20.12,100.0,0.0,23.026,121.33
74DA38F7C514,2026-02-18,20:04:40,15.87,100.0,27.0,25.051,121.518
74DA38F7C566,2026-02-18,20:04:42,16.62,100.0,0.0,25.051,121.448
74DA38F7C562,2026-02-18,20:04:44,15.37,100.0,27.0,25.021,121.418
74DA38F7C560,2026-02-18,20:04:48,15.12,98.0,0.0,25.079,121.671
74DA38F207DE,2026-02-18,20:04:50,19.12,100.0,39.0,22.603,120.34
74DA38F7C3DC,2026-02-18,20:04:55,15.0,100.0,35.0,25.003,121.539
74DA38F20D1E,2026-02-18,20:05:08,15.87,100.0,35.0,25.048,121.573
74DA38F20AE6,2026-02-18,20:05:17,24.75,100.0,16.0,22.63,120.348
74DA38F2113E,2026-02-18,20:05:17,-4.0,0.0,6.0,22.728,120.313
74DA38ED0640,2026-02-18,20:05:18,13.75,100.0,8.0,23.154,121.266
74DA38ED05EA,2026-02-18,20:05:19,16.37,100.0,15.0,23.394,121.357
74DA38F7C47E,2026-02-18,20:05:24,15.62,100.0,33.0,25.053963,121.427681
74DA38F7C30C,2026-02-18,20:05:29,15.37,97.0,0.0,24.975,121.532
74DA38F21054,2026-02-18,20:05:30,24.0,63.0,22.0,22.898,120.627
74DA38F7C31C,2026-02-18,20:05:32,15.12,100.0,3.0,24.93,121.372
74DA38F7C47C,2026-02-18,20:05:34,16.0,99.0,0.0,25.055,121.455
74DA38F208E2,2026-02-18,20:05:37,15.0,100.0,27.0,24.688,121.766
74DA38F20DD0,2026-02-18,20:05:39,18.75,100.0,0.0,22.6080258,120.3229833
74DA38F20D1A,2026-02-18,20:05:56,16.0,85.0,0.0,25.078,121.541
74DA38F7C3BA,2026-02-18,20:06:15,118.87,46.0,124.0,25.174,121.441
74DA38F21136,2026-02-18,20:06:19,15.62,100.0,19.0,25.119,121.505
74DA38F7C27E,2026-02-18,20:06:19,16.12,93.0,29.0,25.053,121.444
74DA38F20AA4,2026-02-18,20:06:20,22.87,90.0,31.0,22.685,120.492
74DA38F20976,2026-02-18,20:06:21,16.0,88.0,28.0,25.127,121.746
74DA38F20B88,2026-02-18,20:06:21,17.0,100.0,0.0,22.75,120.316
74DA38F7C29C,2026-02-18,20:06:24,16.12,100.0,24.0,25.02,121.416
74DA38ED06E0,2026-02-18,20:06:27,18.25,91.0,0.0,23.601,121.521
74DA38F20B26,2026-02-18,20:06:27,19.75,100.0,33.0,22.783,120.247
74DA38F7C610,2026-02-18,20:06:27,17.25,80.0,25.0,25.063,121.564
74DA38F20A30,2026-02-18,20:06:28,15.62,86.0,0.0,24.948,121.372
74DA38F7C3D6,2026-02-18,20:06:31,15.87,100.0,0.0,25.045,121.541
74DA38F7C5BE,2026-02-18,20:06:35,16.37,79.0,29.0,25.092,121.523
74DA38F7C41E,2026-02-18,20:06:44,16.62,75.0,25.0,25.054,121.517
74DA38F20C26,2026-02-18,20:06:49,19.25,75.0,33.0,22.676,120.342
74DA38F7C39A,2026-02-18,20:06:50,15.62,100.0,0.0,25.002,121.414
74DA38ED059C,2026-02-18,20:06:51,15.0,100.0,25.0,23.706,121.412
74DA38ED04F2,2026-02-18,20:06:57,16.5,100.0,7.0,23.468,121.496
74DA38F7C3DE,2026-02-18,20:06:58,16.25,100.0,297.0,24.972,121.537
74DA38F20D16,2026-02-18,20:07:00,16.25,100.0,31.0,25.062,121.526
74DA38F7C37C,2026-02-18,20:07:01,13.62,100.0,0.0,25.111,121.856
74DA38F2104E,2026-02-18,20:07:04,19.0,100.0,38.0,23.108,120.7
74DA38F210A2,2026-02-18,20:07:06,15.75,100.0,7.0,25.12,121.466
74DA38ED05B6,2026-02-18,20:07:07,16.5,100.0,26.0,23.43,121.348
74DA38F210F6,2026-02-18,20:07:07,18.75,100.0,8.0,22.757426,121.158891
74DA38ED0630,2026-02-18,20:07:11,18.12,100.0,0.0,23.994,121.594
74DA38F7C464,2026-02-18,20:07:12,14.5,33.0,0.0,25.006,121.413
74DA38F7C4CC,2026-02-18,20:07:12,15.5,100.0,18.0,25.062,121.451
74DA38F210E4,2026-02-18,20:07:19,17.5,100.0,17.0,23.24,120.696
74DA38F7C570,2026-02-18,20:07:19,15.62,100.0,0.0,25.239,121.63
74DA38F20F0A,2026-02-18,20:07:20,18.5,100.0,19.0,22.995,120.635
74DA38F209F8,2026-02-18,20:07:23,16.87,100.0,0.0,23.157,121.4
74DA38F20E34,2026-02-18,20:07:23,20.37,71.0,23.0,22.586,120.313
74DA38F7C59C,2026-02-18,20:07:30,15.62,76.0,32.0,25.103,121.487
74DA38F20E9E,2026-02-18,20:07:34,15.0,100.0,15.0,24.648,121.151
74DA38F21048,2026-02-18,20:07:39,19.62,100.0,32.0,22.595,120.341
74DA38F20E6E,2026-02-18,20:07:53,14.37,91.0,0.0,24.41,120.902
74DA38F7C366,2026-02-18,20:08:07,15.37,100.0,16.0,25.002,121.516
74DA38F20D2E,2026-02-18,20:08:13,15.62,100.0,1.0,25.06,121.545
74DA38F7C30E,2026-02-18,20:08:13,15.5,100.0,28.0,24.949,121.382
74DA38F7C63C,2026-02-18,20:08:21,85.25,100.0,20.0,24.998,121.425
74DA38F7C338,2026-02-18,20:08:24,17.87,94.0,24.0,25.011,121.458
74DA38F7C616,2026-02-18,20:08:28,15.5,100.0,0.0,25.031,121.563
74DA38F7C40C,2026-02-18,20:08:39,15.12,100.0,0.0,24.995,121.52
74DA38F7C53C,2026-02-18,20:08:40,14.5,100.0,0.0,25.11,121.804
74DA38F20D2A,2026-02-18,20:08:41,16.12,72.0,0.0,25.048,121.573
74DA38F20B5C,2026-02-18,20:08:42,-4.0,0.0,41.0,22.798,120.293
74DA38F20A78,2026-02-18,20:08:47,15.5,100.0,7.0,22.904,121.124
74DA38F20902,2026-02-18,20:08:54,20.0,95.0,1.0,22.204,120.7
74DA38F7C600,2026-02-18,20:08:56,20.75,54.0,18.0,25.07,121.586
74DA38F7C4DE,2026-02-18,20:08:59,15.62,100.0,0.0,25.09,121.462
74DA38F209A4,2026-02-18,20:09:01,18.12,100.0,1.0,22.702,120.572
74DA38F20BE4,2026-02-18,20:09:05,15.0,100.0,36.0,24.791,120.957
74DA38F7C5CE,2026-02-18,20:09:14,15.12,88.0,0.0,25.066,121.656
74DA38F20B80,2026-02-18,20:09:24,17.75,100.0,2.0,22.599,120.35
74DA38F20D4C,2026-02-18,20:09:27,18.0,100.0,0.0,22.971,121.303
74DA38F7C5E6,2026-02-18,20:09:30,15.75,100.0,17.0,25.107,121.843
74DA38F7C260,2026-02-18,20:09:34,15.25,100.0,0.0,25.065,121.425
74DA38F7C524,2026-02-18,20:09:38,14.0,100.0,63.0,25.002,121.552
74DA38F209DE,2026-02-18,20:09:39,16.87,100.0,0.0,24.861,120.964
74DA38F20EB2,2026-02-18,20:09:43,14.12,100.0,27.0,24.324,120.835
74DA38F20BCA,2026-02-18,20:09:46,15.25,98.0,0.0,25.079,121.58
74DA38F7C3B2,2026-02-18,20:09:48,18.75,66.0,17.0,24.929,121.378
74DA38F2118E,2026-02-18,20:09:50,11.0,100.0,62.0,26.148,119.935
74DA38F20DC0,2026-02-18,20:09:51,18.0,100.0,0.0,22.711,120.295
74DA38ED0454,2026-02-18,20:10:07,18.25,100.0,9.0,24.053,121.599
74DA38F20DE0,2026-02-18,20:10:13,21.12,99.0,0.0,22.589,120.328
74DA38F20D70,2026-02-18,20:10:18,16.0,100.0,1.0,23.05,121.164
74DA38F21204,2026-02-18,20:10:18,20.25,100.0,1.0,25.062,121.451
74DA38F20AAA,2026-02-18,20:10:20,12.5,100.0,11.0,24.6,120.999
74DA38F209EE,2026-02-18,20:10:42,20.0,100.0,0.0,23.026,121.33
74DA38F21024,2026-02-18,20:10:43,16.0,100.0,0.0,24.93,121.036
74DA38F7C514,2026-02-18,20:10:50,16.0,100.0,27.0,25.051,121.518
74DA38F21088,2026-02-18,20:10:58,15.5,100.0,0.0,25.068,121.588
74DA38F209B2,2026-02-18,20:11:00,20.25,100.0,0.0,22.363,120.599
74DA38F7C562,2026-02-18,20:11:00,15.37,100.0,27.0,25.021,121.418
74DA38F207DE,2026-02-18,20:11:01,19.12,100.0,39.0,22.603,120.34
74DA38F7C3DC,2026-02-18,20:11:04,15.0,100.0,33.0,25.003,121.539
74DA38F7C566,2026-02-18,20:11:11,16.62,100.0,0.0,25.051,121.448
74DA38F7C560,2026-02-18,20:11:16,15.25,100.0,0.0,25.079,121.671
74DA38F20D1E,2026-02-18,20:11:21,15.75,100.0,34.0,25.048,121.573
74DA38F20AE6,2026-02-18,20:11:24,24.75,100.0,17.0,22.63,120.348
74DA38ED0640,2026-02-18,20:11:26,13.75,100.0,7.0,23.154,121.266
74DA38ED05EA,2026-02-18,20:11:27,16.25,100.0,17.0,23.394,121.357
74DA38F7C47E,2026-02-18,20:11:35,15.75,100.0,33.0,25.053963,121.427681
74DA38F21054,2026-02-18,20:11:37,23.87,63.0,21.0,22.898,120.627
74DA38F7C30C,2026-02-18,20:11:37,15.37,97.0,0.0,24.975,121.532
74DA38F7C47C,2026-02-18,20:11:42,16.12,99.0,0.0,25.055,121.455
74DA38F208E2,2026-02-18,20:11:48,15.12,100.0,27.0,24.688,121.766
74DA38F20B82,2026-02-18,20:11:53,-4.0,0.0,3.0,22.847,120.465
74DA38F7C31C,2026-02-18,20:12:02,15.12,100.0,2.0,24.93,121.372
74DA38F7C3BA,2026-02-18,20:12:14,118.87,46.0,125.0,25.174,121.441
74DA38F20DD0,2026-02-18,20:12:18,18.5,100.0,1.0,22.6080258,120.3229833
74DA38F21136,2026-02-18,20:12:26,15.62,100.0,19.0,25.119,121.505
74DA38F20D1A,2026-02-18,20:12:27,16.0,85.0,0.0,25.078,121.541
74DA38F7C27E,2026-02-18,20:12:29,16.12,93.0,29.0,25.053,121.444
74DA38F20AA4,2026-02-18,20:12:30,22.75,90.0,31.0,22.685,120.492
74DA38ED06E0,2026-02-18,20:12:34,18.25,90.0,0.0,23.601,121.521
74DA38F7C29C,2026-02-18,20:12:35,16.12,100.0,24.0,25.02,121.416
74DA38F2113E,2026-02-18,20:12:36,-4.0,0.0,6.0,22.728,120.313
74DA38F7C610,2026-02-18,20:12:37,17.25,80.0,25.0,25.063,121.564
74DA38F20976,2026-02-18,20:12:40,15.87,88.0,28.0,25.127,121.746
74DA38F20B26,2026-02-18,20:12:44,19.87,100.0,32.0,22.783,120.247
74DA38F7C5BE,2026-02-18,20:12:44,16.37,79.0,29.0,25.092,121.523
74DA38F20B88,2026-02-18,20:12:49,17.12,100.0,0.0,22.75,120.316
74DA38F7C3DE,2026-02-18,20:12:53,16.25,100.0,298.0,24.972,121.537
74DA38F7C41E,2026-02-18,20:12:55,16.62,75.0,25.0,25.054,121.517
74DA38F7C3D6,2026-02-18,20:12:58,15.87,100.0,0.0,25.045,121.541
74DA38F20A30,2026-02-18,20:13:01,15.62,86.0,0.0,24.948,121.372
74DA38ED059C,2026-02-18,20:13:02,14.87,100.0,27.0,23.706,121.412
74DA38F20C26,2026-02-18,20:13:04,19.12,75.0,33.0,22.676,120.342
74DA38ED04F2,2026-02-18,20:13:07,16.5,100.0,7.0,23.468,121.496
74DA38F20D16,2026-02-18,20:13:10,16.25,100.0,30.0,25.062,121.526
74DA38F210A2,2026-02-18,20:13:13,15.75,100.0,7.0,25.12,121.466
74DA38F210F6,2026-02-18,20:13:13,18.75,100.0,8.0,22.757426,121.158891
74DA38ED05B6,2026-02-18,20:13:17,16.62,100.0,25.0,23.43,121.348
74DA38F7C39A,2026-02-18,20:13:19,15.62,100.0,0.0,25.002,121.414
74DA38F7C4CC,2026-02-18,20:13:22,15.5,100.0,19.0,25.062,121.451
74DA38F2104E,2026-02-18,20:13:26,18.75,100.0,40.0,23.108,120.7
74DA38F20F0A,2026-02-18,20:13:28,18.37,100.0,19.0,22.995,120.635
74DA38F210E4,2026-02-18,20:13:28,17.37,100.0,18.0,23.24,120.696
74DA38F7C37C,2026-02-18,20:13:29,13.75,100.0,0.0,25.111,121.856
74DA38F209A8,2026-02-18,20:13:30,-4.0,0.0,1.0,22.401,120.577
74DA38F20E34,2026-02-18,20:13:33,20.25,71.0,25.0,22.586,120.313
74DA38ED0630,2026-02-18,20:13:39,18.0,100.0,0.0,23.994,121.594
74DA38F7C59C,2026-02-18,20:13:39,15.62,76.0,32.0,25.103,121.487
74DA38F20E9E,2026-02-18,20:13:42,15.0,100.0,16.0,24.648,121.151
74DA38F7C464,2026-02-18,20:13:42,14.5,34.0,0.0,25.006,121.413
74DA38F7C570,2026-02-18,20:13:47,15.62,100.0,0.0,25.239,121.63
74DA38F209F8,2026-02-18,20:13:52,16.87,100.0,0.0,23.157,121.4
74DA38F20E6E,2026-02-18,20:13:54,14.37,91.0,0.0,24.41,120.902
74DA38F20BD0,2026-02-18,20:14:11,-4.0,0.0,36.0,22.688,120.408
74DA38F21048,2026-02-18,20:14:11,19.75,100.0,33.0,22.595,120.341
74DA38F7C366,2026-02-18,20:14:17,15.37,100.0,17.0,25.002,121.516
74DA38F7C30E,2026-02-18,20:14:23,15.5,100.0,27.0,24.949,121.382
74DA38F7C63C,2026-02-18,20:14:31,85.25,100.0,19.0,24.998,121.425
74DA38F7C338,2026-02-18,20:14:37,17.87,94.0,24.0,25.011,121.458
74DA38F7C616,2026-02-18,20:14:40,15.5,100.0,0.0,25.031,121.563
74DA38F20D2E,2026-02-18,20:14:43,15.75,100.0,1.0,25.06,121.545
74DA38F7C40C,2026-02-18,20:14:46,15.0,100.0,0.0,24.995,121.52
74DA38F20A78,2026-02-18,20:14:54,15.5,100.0,8.0,22.904,121.124
74DA38F20902,2026-02-18,20:15:00,20.0,95.0,1.0,22.204,120.7
74DA38F7C600,2026-02-18,20:15:02,20.75,54.0,18.0,25.07,121.586
74DA38F7C53C,2026-02-18,20:15:08,14.5,100.0,0.0,25.11,121.804
74DA38F20D2A,2026-02-18,20:15:11,16.12,72.0,0.0,25.048,121.573
74DA38F20BE4,2026-02-18,20:15:14,15.0,100.0,35.0,24.791,120.957
74DA38F7C4DE,2026-02-18,20:15:25,15.75,100.0,0.0,25.09,121.462
74DA38F209A4,2026-02-18,20:15:32,18.12,100.0,0.0,22.702,120.572
74DA38F7C5E6,2026-02-18,20:15:38,15.75,100.0,16.0,25.107,121.843
74DA38F7C5CE,2026-02-18,20:15:42,15.12,88.0,0.0,25.066,121.656
74DA38F20B80,2026-02-18,20:15:52,17.62,100.0,3.0,22.599,120.35
74DA38F20D4C,2026-02-18,20:15:55,18.0,100.0,0.0,22.971,121.303
74DA38F20EB2,2026-02-18,20:15:55,14.12,100.0,27.0,24.324,120.835
74DA38F7C3B2,2026-02-18,20:15:58,18.75,66.0,18.0,24.929,121.378
74DA38F7C260,2026-02-18,20:16:04,15.25,100.0,1.0,25.065,121.425
74DA38F209DE,2026-02-18,20:16:09,17.0,100.0,1.0,24.861,120.964
74DA38F7C524,2026-02-18,20:16:14,14.0,100.0,62.0,25.002,121.552
74DA38F20BCA,2026-02-18,20:16:16,15.37,98.0,0.0,25.079,121.58
74DA38F20DC0,2026-02-18,20:16:23,18.12,100.0,0.0,22.711,120.295
74DA38F20D70,2026-02-18,20:16:24,15.87,100.0,1.0,23.05,121.164
74DA38F21204,2026-02-18,20:16:24,20.25,100.0,1.0,25.062,121.451
74DA38F20AAA,2026-02-18,20:16:27,12.62,100.0,10.0,24.6,120.999
74DA38F2118E,2026-02-18,20:16:29,10.87,100.0,62.0,26.148,119.935
74DA38F20DE0,2026-02-18,20:16:41,21.25,99.0,1.0,22.589,120.328
74DA38F209EE,2026-02-18,20:16:48,20.12,100.0,0.0,23.026,121.33
74DA38F7C514,2026-02-18,20:17:00,15.75,100.0,27.0,25.051,121.518
74DA38F21024,2026-02-18,20:17:11,16.12,100.0,0.0,24.93,121.036
74DA38F207DE,2026-02-18,20:17:12,19.12,100.0,40.0,22.603,120.34
74DA38F7C3DC,2026-02-18,20:17:12,15.12,100.0,32.0,25.003,121.539
74DA38F7C562,2026-02-18,20:17:14,15.0,100.0,29.0,25.021,121.418
74DA38F209B2,2026-02-18,20:17:27,20.12,100.0,0.0,22.363,120.599
74DA38F21088,2026-02-18,20:17:29,15.5,100.0,0.0,25.068,121.588
74DA38F20AE6,2026-02-18,20:17:31,24.75,100.0,16.0,22.63,120.348
74DA38F20D1E,2026-02-18,20:17:31,15.75,100.0,35.0,25.048,121.573
74DA38ED0640,2026-02-18,20:17:33,13.87,100.0,7.0,23.154,121.266
74DA38ED05EA,2026-02-18,20:17:35,16.25,100.0,16.0,23.394,121.357
74DA38F7C566,2026-02-18,20:17:39,16.62,100.0,0.0,25.051,121.448
74DA38F21054,2026-02-18,20:17:44,23.87,63.0,21.0,22.898,120.627
74DA38F20C22,2026-02-18,20:17:45,19.62,100.0,0.0,22.729,120.357
74DA38F7C560,2026-02-18,20:17:45,15.25,100.0,0.0,25.079,121.671
74DA38F7C47E,2026-02-18,20:17:46,16.0,100.0,33.0,25.053963,121.427681
74DA38F7C30C,2026-02-18,20:17:50,15.37,97.0,0.0,24.975,121.532
74DA38F7C47C,2026-02-18,20:17:51,16.12,98.0,0.0,25.055,121.455
74DA38F208E2,2026-02-18,20:17:58,15.25,100.0,26.0,24.688,121.766
74DA38F20B5C,2026-02-18,20:18:09,-4.0,0.0,41.0,22.798,120.293
74DA38F7C3BA,2026-02-18,20:18:27,118.87,46.0,123.0,25.174,121.441
74DA38F7C31C,2026-02-18,20:18:31,15.12,100.0,3.0,24.93,121.372
74DA38F21136,2026-02-18,20:18:35,15.75,100.0,19.0,25.119,121.505
74DA38F7C27E,2026-02-18,20:18:39,16.25,93.0,28.0,25.053,121.444
74DA38F20AA4,2026-02-18,20:18:41,22.75,90.0,30.0,22.685,120.492
74DA38ED06E0,2026-02-18,20:18:43,18.25,90.0,0.0,23.601,121.521
74DA38F7C29C,2026-02-18,20:18:44,16.0,100.0,24.0,25.02,121.416
74DA38F20DD0,2026-02-18,20:18:48,18.5,100.0,0.0,22.6080258,120.3229833
74DA38F7C610,2026-02-18,20:18:48,17.25,80.0,25.0,25.063,121.564
74DA38F20976,2026-02-18,20:18:50,16.0,89.0,28.0,25.127,121.746
74DA38F7C3DE,2026-02-18,20:18:51,16.25,100.0,309.0,24.972,121.537
74DA38F20B26,2026-02-18,20:18:55,19.87,100.0,33.0,22.783,120.247
74DA38F20D1A,2026-02-18,20:18:55,16.0,85.0,0.0,25.078,121.541
74DA38F7C5BE,2026-02-18,20:18:55,16.25,80.0,29.0,25.092,121.523
74DA38F7C41E,2026-02-18,20:19:06,16.62,75.0,24.0,25.054,121.517
74DA38ED059C,2026-02-18,20:19:11,15.0,100.0,24.0,23.706,121.412
74DA38ED04F2,2026-02-18,20:19:19,16.62,100.0,6.0,23.468,121.496
74DA38F20B88,2026-02-18,20:19:19,17.12,100.0,0.0,22.75,120.316
74DA38F20C26,2026-02-18,20:19:19,19.25,75.0,33.0,22.676,120.342
74DA38F210F6,2026-02-18,20:19:20,18.87,100.0,7.0,22.757426,121.158891
74DA38F20D16,2026-02-18,20:19:21,16.25,100.0,30.0,25.062,121.526
74DA38F210A2,2026-02-18,20:19:21,15.87,100.0,7.0,25.12,121.466
74DA38F7C3D6,2026-02-18,20:19:27,15.87,100.0,0.0,25.045,121.541
74DA38ED05B6,2026-02-18,20:19:28,16.5,100.0,27.0,23.43,121.348
74DA38F7C4CC,2026-02-18,20:19:30,15.5,100.0,18.0,25.062,121.451
74DA38F20A30,2026-02-18,20:19:36,15.5,87.0,0.0,24.948,121.372
74DA38F210E4,2026-02-18,20:19:38,17.62,100.0,19.0,23.24,120.696
74DA38F20F0A,2026-02-18,20:19:39,18.25,100.0,18.0,22.995,120.635
74DA38F2104E,2026-02-18,20:19:42,18.62,100.0,32.0,23.108,120.7
74DA38F20E34,2026-02-18,20:19:47,20.37,71.0,26.0,22.586,120.313
74DA38F7C39A,2026-02-18,20:19:49,15.62,100.0,0.0,25.002,121.414
74DA38F7C59C,2026-02-18,20:19:51,15.62,76.0,33.0,25.103,121.487
74DA38F20E9E,2026-02-18,20:19:52,14.87,100.0,16.0,24.648,121.151
74DA38F2113E,2026-02-18,20:19:54,-4.0,0.0,4.0,22.728,120.313
74DA38F20E6E,2026-02-18,20:19:57,14.5,91.0,0.0,24.41,120.902
74DA38F7C37C,2026-02-18,20:19:59,13.75,100.0,0.0,25.111,121.856
74DA38F7C464,2026-02-18,20:20:15,14.5,33.0,1.0,25.006,121.413
74DA38ED0630,2026-02-18,20:20:16,18.12,100.0,0.0,23.994,121.594
74DA38F7C570,2026-02-18,20:20:16,15.62,100.0,0.0,25.239,121.63
74DA38F209F8,2026-02-18,20:20:20,17.0,100.0,0.0,23.157,121.4
74DA38F7C366,2026-02-18,20:20:27,15.37,100.0,16.0,25.002,121.516
74DA38F7C30E,2026-02-18,20:20:34,15.5,100.0,26.0,24.949,121.382
74DA38F7C63C,2026-02-18,20:20:41,85.25,100.0,19.0,24.998,121.425
74DA38F21048,2026-02-18,20:20:46,19.5,100.0,32.0,22.595,120.341
74DA38F7C616,2026-02-18,20:20:54,15.5,100.0,0.0,25.031,121.563
74DA38F7C40C,2026-02-18,20:20:55,15.12,100.0,0.0,24.995,121.52
74DA38F7C600,2026-02-18,20:21:09,20.87,54.0,18.0,25.07,121.586
74DA38F20902,2026-02-18,20:21:10,20.0,95.0,1.0,22.204,120.7
74DA38F20D2E,2026-02-18,20:21:13,15.87,100.0,0.0,25.06,121.545
74DA38F20BE4,2026-02-18,20:21:25,15.0,100.0,35.0,24.791,120.957
74DA38F20B82,2026-02-18,20:21:26,-4.0,0.0,3.0,22.847,120.465
74DA38F7C4DE,2026-02-18,20:21:36,15.62,100.0,0.0,25.09,121.462
74DA38F7C53C,2026-02-18,20:21:36,14.5,100.0,0.0,25.11,121.804
74DA38F20D2A,2026-02-18,20:21:42,16.25,72.0,0.0,25.048,121.573
74DA38F7C5E6,2026-02-18,20:21:48,15.75,100.0,16.0,25.107,121.843
74DA38F209A4,2026-02-18,20:22:01,18.37,100.0,0.0,22.702,120.572
74DA38F20EB2,2026-02-18,20:22:07,14.12,100.0,27.0,24.324,120.835
74DA38F7C3B2,2026-02-18,20:22:09,18.75,66.0,18.0,24.929,121.378
74DA38F7C5CE,2026-02-18,20:22:12,15.12,88.0,0.0,25.066,121.656
74DA38F20B80,2026-02-18,20:22:20,17.5,100.0,2.0,22.599,120.35
74DA38F20D4C,2026-02-18,20:22:23,18.12,100.0,0.0,22.971,121.303
74DA38F20D70,2026-02-18,20:22:31,15.62,100.0,2.0,23.05,121.164
74DA38F20AAA,2026-02-18,20:22:34,12.5,100.0,10.0,24.6,120.999
74DA38F7C260,2026-02-18,20:22:34,15.25,100.0,0.0,25.065,121.425
74DA38F21204,2026-02-18,20:22:36,20.12,100.0,1.0,25.062,121.451
74DA38F209DE,2026-02-18,20:22:38,17.12,100.0,0.0,24.861,120.964
74DA38F20BCA,2026-02-18,20:22:47,15.25,98.0,3.0,25.079,121.58
74DA38F7C524,2026-02-18,20:22:52,14.0,100.0,63.0,25.002,121.552
74DA38F209EE,2026-02-18,20:22:55,20.0,100.0,0.0,23.026,121.33
74DA38F20DC0,2026-02-18,20:22:58,17.87,100.0,0.0,22.711,120.295
74DA38F2118E,2026-02-18,20:23:06,10.87,100.0,61.0,26.148,119.935
74DA38F209A8,2026-02-18,20:23:10,-4.0,0.0,0.0,22.401,120.577
74DA38F7C514,2026-02-18,20:23:13,15.5,100.0,27.0,25.051,121.518
74DA38F20DE0,2026-02-18,20:23:14,21.12,100.0,1.0,22.589,120.328
74DA38F7C3DC,2026-02-18,20:23:23,15.25,100.0,33.0,25.003,121.539
74DA38F207DE,2026-02-18,20:23:24,19.12,100.0,39.0,22.603,120.34
74DA38F7C562,2026-02-18,20:23:32,15.25,100.0,27.0,25.021,121.418
74DA38F20AE6,2026-02-18,20:23:39,24.62,100.0,16.0,22.63,120.348
74DA38F21024,2026-02-18,20:23:39,16.12,100.0,0.0,24.93,121.036
74DA38ED0640,2026-02-18,20:23:42,13.87,100.0,7.0,23.154,121.266
74DA38ED05EA,2026-02-18,20:23:44,16.25,100.0,16.0,23.394,121.357
74DA38F20D1E,2026-02-18,20:23:47,15.87,100.0,34.0,25.048,121.573
74DA38F21054,2026-02-18,20:23:53,23.87,63.0,23.0,22.898,120.627
74DA38F209B2,2026-02-18,20:23:57,20.25,100.0,0.0,22.363,120.599
74DA38F7C30C,2026-02-18,20:23:59,15.37,97.0,0.0,24.975,121.532
74DA38F7C47E,2026-02-18,20:23:59,16.12,100.0,32.0,25.053963,121.427681
74DA38F21088,2026-02-18,20:24:00,15.37,100.0,0.0,25.068,121.588
74DA38F7C47C,2026-02-18,20:24:00,16.12,98.0,0.0,25.055,121.455
74DA38F208E2,2026-02-18,20:24:09,15.25,100.0,26.0,24.688,121.766
74DA38F7C566,2026-02-18,20:24:09,16.62,100.0,0.0,25.051,121.448
74DA38F7C560,2026-02-18,20:24:14,15.25,100.0,0.0,25.079,121.671
74DA38F20C22,2026-02-18,20:24:16,19.75,100.0,1.0,22.729,120.357
74DA38F7C3BA,2026-02-18,20:24:28,118.87,46.0,129.0,25.174,121.441
74DA38F7C3DE,2026-02-18,20:24:49,16.12,100.0,312.0,24.972,121.537
74DA38F20AA4,2026-02-18,20:24:50,22.75,91.0,30.0,22.685,120.492
74DA38F20BD0,2026-02-18,20:24:50,-4.0,0.0,36.0,22.688,120.408
74DA38ED06E0,2026-02-18,20:24:51,18.12,90.0,0.0,23.601,121.521
74DA38F7C27E,2026-02-18,20:24:52,16.12,93.0,29.0,25.053,121.444
74DA38F7C29C,2026-02-18,20:24:55,16.12,100.0,24.0,25.02,121.416
74DA38F20976,2026-02-18,20:25:00,16.12,90.0,28.0,25.127,121.746
74DA38F7C610,2026-02-18,20:25:00,17.25,80.0,25.0,25.063,121.564
74DA38F7C31C,2026-02-18,20:25:04,15.12,100.0,4.0,24.93,121.372
74DA38F7C5BE,2026-02-18,20:25:08,16.25,80.0,29.0,25.092,121.523
74DA38F20B26,2026-02-18,20:25:13,20.0,100.0,33.0,22.783,120.247
74DA38F7C41E,2026-02-18,20:25:17,16.75,75.0,24.0,25.054,121.517
74DA38F20DD0,2026-02-18,20:25:19,18.5,100.0,0.0,22.6080258,120.3229833
74DA38ED059C,2026-02-18,20:25:23,15.12,100.0,28.0,23.706,121.412
74DA38F20D1A,2026-02-18,20:25:25,16.0,85.0,0.0,25.078,121.541
74DA38F210F6,2026-02-18,20:25:27,18.87,100.0,7.0,22.757426,121.158891
74DA38F210A2,2026-02-18,20:25:29,15.75,100.0,6.0,25.12,121.466
74DA38ED04F2,2026-02-18,20:25:34,16.75,100.0,7.0,23.468,121.496
74DA38F20C26,2026-02-18,20:25:34,19.37,75.0,33.0,22.676,120.342
74DA38F20D16,2026-02-18,20:25:35,16.25,100.0,30.0,25.062,121.526
74DA38ED05B6,2026-02-18,20:25:36,16.25,100.0,24.0,23.43,121.348
74DA38F7C4CC,2026-02-18,20:25:40,15.75,100.0,19.0,25.062,121.451
74DA38F20F0A,2026-02-18,20:25:49,18.25,100.0,19.0,22.995,120.635
74DA38F210E4,2026-02-18,20:25:49,17.87,100.0,17.0,23.24,120.696
74DA38F20B88,2026-02-18,20:25:51,17.12,100.0,1.0,22.75,120.316
74DA38F2104E,2026-02-18,20:25:54,18.5,100.0,31.0,23.108,120.7
74DA38F7C3D6,2026-02-18,20:25:57,15.87,100.0,0.0,25.045,121.541
74DA38F20E34,2026-02-18,20:25:58,20.37,71.0,25.0,22.586,120.313
74DA38F20E6E,2026-02-18,20:26:00,14.37,92.0,0.0,24.41,120.902
74DA38F20E9E,2026-02-18,20:26:01,15.0,100.0,17.0,24.648,121.151
74DA38F7C59C,2026-02-18,20:26:02,15.75,76.0,32.0,25.103,121.487
74DA38F20A30,2026-02-18,20:26:10,15.62,87.0,1.0,24.948,121.372
74DA38F7C39A,2026-02-18,20:26:19,15.62,100.0,0.0,25.002,121.414
74DA38F7C37C,2026-02-18,20:26:27,13.62,100.0,0.0,25.111,121.856
74DA38F7C366,2026-02-18,20:26:38,15.37,100.0,15.0,25.002,121.516
74DA38F7C464,2026-02-18,20:26:45,14.62,34.0,0.0,25.006,121.413
74DA38F7C570,2026-02-18,20:26:45,15.62,100.0,1.0,25.239,121.63
74DA38ED0630,2026-02-18,20:26:48,18.12,100.0,0.0,23.994,121.594
74DA38F209F8,2026-02-18,20:26:48,16.87,100.0,0.0,23.157,121.4
74DA38F7C63C,2026-02-18,20:26:51,85.25,100.0,18.0,24.998,121.425
74DA38F7C30E,2026-02-18,20:26:59,15.5,100.0,27.0,24.949,121.382
74DA38F7C40C,2026-02-18,20:27:03,15.12,100.0,0.0,24.995,121.52
74DA38F7C616,2026-02-18,20:27:03,15.37,100.0,0.0,25.031,121.563
74DA38F7C338,2026-02-18,20:27:11,18.0,94.0,24.0,25.011,121.458
74DA38F2113E,2026-02-18,20:27:12,-4.0,0.0,6.0,22.728,120.313
74DA38F20902,2026-02-18,20:27:17,20.0,95.0,1.0,22.204,120.7
74DA38F7C600,2026-02-18,20:27:17,20.87,54.0,18.0,25.07,121.586
74DA38F21048,2026-02-18,20:27:23,19.25,100.0,34.0,22.595,120.341
74DA38F20B5C,2026-02-18,20:27:34,-4.0,0.0,40.0,22.798,120.293
74DA38F20BE4,2026-02-18,20:27:36,15.12,100.0,35.0,24.791,120.957
74DA38F20D2E,2026-02-18,20:27:41,15.75,100.0,0.0,25.06,121.545
74DA38F7C4DE,2026-02-18,20:27:45,15.75,100.0,0.0,25.09,121.462
74DA38F20A78,2026-02-18,20:27:54,15.5,100.0,8.0,22.904,121.124
74DA38F7C5E6,2026-02-18,20:28:02,15.75,100.0,17.0,25.107,121.843
74DA38F7C53C,2026-02-18,20:28:04,14.5,100.0,0.0,25.11,121.804
74DA38F20D2A,2026-02-18,20:28:13,16.25,72.0,0.0,25.048,121.573
74DA38F7C3B2,2026-02-18,20:28:19,18.75,66.0,17.0,24.929,121.378
74DA38F20EB2,2026-02-18,20:28:21,14.0,100.0,28.0,24.324,120.835
74DA38F209A4,2026-02-18,20:28:30,18.0,100.0,0.0,22.702,120.572
74DA38F20D70,2026-02-18,20:28:40,15.5,100.0,1.0,23.05,121.164
74DA38F7C5CE,2026-02-18,20:28:42,15.12,88.0,0.0,25.066,121.656
74DA38F20AAA,2026-02-18,20:28:43,12.37,100.0,10.0,24.6,120.999
74DA38F21204,2026-02-18,20:28:44,20.12,100.0,1.0,25.062,121.451
74DA38F20B80,2026-02-18,20:28:51,17.5,100.0,2.0,22.599,120.35
74DA38F20D4C,2026-02-18,20:28:51,18.12,100.0,0.0,22.971,121.303
74DA38F209EE,2026-02-18,20:29:02,20.0,100.0,0.0,23.026,121.33
74DA38F7C5A0,2026-02-18,20:29:02,15.75,90.0,0.0,25.107,121.518
74DA38F7C260,2026-02-18,20:29:04,15.37,100.0,0.0,25.065,121.425
74DA38F209DE,2026-02-18,20:29:05,17.25,100.0,0.0,24.861,120.964
74DA38F20BCA,2026-02-18,20:29:19,15.25,98.0,0.0,25.079,121.58
74DA38F7C514,2026-02-18,20:29:26,15.62,100.0,26.0,25.051,121.518
74DA38F7C524,2026-02-18,20:29:28,14.12,100.0,62.0,25.002,121.552
74DA38F7C3DC,2026-02-18,20:29:33,15.25,100.0,32.0,25.003,121.539
74DA38F207DE,2026-02-18,20:29:35,19.0,100.0,40.0,22.603,120.34
74DA38F20DC0,2026-02-18,20:29:39,17.75,100.0,3.0,22.711,120.295
74DA38ED0454,2026-02-18,20:29:40,18.12,100.0,11.0,24.053,121.599
74DA38F7C562,2026-02-18,20:29:43,15.25,100.0,27.0,25.021,121.418
74DA38F2118E,2026-02-18,20:29:44,10.75,100.0,62.0,26.148,119.935
74DA38F20DE0,2026-02-18,20:29:45,21.37,100.0,1.0,22.589,120.328
74DA38F20AE6,2026-02-18,20:29:48,24.62,100.0,17.0,22.63,120.348
74DA38ED0640,2026-02-18,20:29:51,14.0,100.0,8.0,23.154,121.266
74DA38ED05EA,2026-02-18,20:29:53,16.37,100.0,15.0,23.394,121.357
74DA38F21054,2026-02-18,20:30:01,24.0,63.0,23.0,22.898,120.627
74DA38F20D1E,2026-02-18,20:30:07,15.87,100.0,34.0,25.048,121.573
74DA38F21024,2026-02-18,20:30:08,16.12,100.0,0.0,24.93,121.036
74DA38F7C47C,2026-02-18,20:30:10,16.12,98.0,0.0,25.055,121.455
74DA38F7C47E,2026-02-18,20:30:10,15.87,100.0,32.0,25.053963,121.427681
74DA38F7C30C,2026-02-18,20:30:12,15.37,98.0,0.0,24.975,121.532
74DA38F208E2,2026-02-18,20:30:16,15.25,100.0,16.0,24.688,121.766
74DA38F209B2,2026-02-18,20:30:24,20.37,100.0,0.0,22.363,120.599
74DA38F7C3BA,2026-02-18,20:30:28,118.87,46.0,129.0,25.174,121.441
74DA38F21088,2026-02-18,20:30:29,15.37,100.0,0.0,25.068,121.588
74DA38F7C566,2026-02-18,20:30:39,16.62,100.0,0.0,25.051,121.448
74DA38F7C560,2026-02-18,20:30:43,15.25,100.0,0.0,25.079,121.671
74DA38F7C3DE,2026-02-18,20:30:45,16.12,100.0,299.0,24.972,121.537
74DA38F21136,2026-02-18,20:30:51,15.75,100.0,18.0,25.119,121.505
74DA38F20B82,2026-02-18,20:30:58,-4.0,0.0,3.0,22.847,120.465
74DA38ED06E0,2026-02-18,20:31:00,18.12,91.0,0.0,23.601,121.521
74DA38F20AA4,2026-02-18,20:31:02,22.75,91.0,30.0,22.685,120.492
74DA38F7C29C,2026-02-18,20:31:04,16.12,100.0,24.0,25.02,121.416
74DA38F7C27E,2026-02-18,20:31:06,16.25,93.0,29.0,25.053,121.444
74DA38F20976,2026-02-18,20:31:08,16.12,89.0,28.0,25.127,121.746
74DA38F7C610,2026-02-18,20:31:08,17.25,80.0,24.0,25.063,121.564
74DA38F7C5BE,2026-02-18,20:31:19,16.5,80.0,29.0,25.092,121.523
74DA38F7C41E,2026-02-18,20:31:27,16.62,75.0,23.0,25.054,121.517
74DA38F20B26,2026-02-18,20:31:29,20.0,100.0,34.0,22.783,120.247
74DA38F210F6,2026-02-18,20:31:34,19.0,100.0,7.0,22.757426,121.158891
74DA38ED059C,2026-02-18,20:31:36,15.0,100.0,27.0,23.706,121.412
74DA38F7C31C,2026-02-18,20:31:36,15.0,100.0,3.0,24.93,121.372
74DA38F210A2,2026-02-18,20:31:37,15.75,100.0,7.0,25.12,121.466
74DA38ED05B6,2026-02-18,20:31:43,16.0,100.0,23.0,23.43,121.348
74DA38F20D16,2026-02-18,20:31:46,16.37,100.0,30.0,25.062,121.526
74DA38ED04F2,2026-02-18,20:31:47,16.75,100.0,7.0,23.468,121.496
74DA38F20C26,2026-02-18,20:31:49,19.37,75.0,35.0,22.676,120.342
74DA38F7C4CC,2026-02-18,20:31:51,15.75,100.0,18.0,25.062,121.451
74DA38F20D1A,2026-02-18,20:31:54,16.12,85.0,0.0,25.078,121.541
74DA38F210E4,2026-02-18,20:31:57,18.0,100.0,18.0,23.24,120.696
74DA38F20F0A,2026-02-18,20:32:01,18.12,100.0,19.0,22.995,120.635
74DA38F20E6E,2026-02-18,20:32:02,14.5,92.0,0.0,24.41,120.902
74DA38F2104E,2026-02-18,20:32:05,18.0,100.0,32.0,23.108,120.7
74DA38F20DD0,2026-02-18,20:32:06,18.37,100.0,1.0,22.6080258,120.3229833
74DA38F20E9E,2026-02-18,20:32:08,15.0,100.0,14.0,24.648,121.151
74DA38F20E34,2026-02-18,20:32:11,20.12,71.0,27.0,22.586,120.313
74DA38F7C59C,2026-02-18,20:32:13,15.62,77.0,32.0,25.103,121.487
74DA38F20B88,2026-02-18,20:32:19,17.0,100.0,0.0,22.75,120.316
74DA38F7C3D6,2026-02-18,20:32:27,16.0,100.0,0.0,25.045,121.541
74DA38F20A30,2026-02-18,20:32:39,15.62,87.0,1.0,24.948,121.372
74DA38F7C366,2026-02-18,20:32:48,15.5,100.0,15.0,25.002,121.516
74DA38F209A8,2026-02-18,20:32:50,-4.0,0.0,0.0,22.401,120.577
74DA38F7C39A,2026-02-18,20:32:51,15.75,100.0,1.0,25.002,121.414
74DA38F7C37C,2026-02-18,20:32:55,13.62,100.0,0.0,25.111,121.856
74DA38F7C63C,2026-02-18,20:33:00,85.25,100.0,18.0,24.998,121.425
74DA38F7C40C,2026-02-18,20:33:12,15.12,100.0,0.0,24.995,121.52
74DA38F7C30E,2026-02-18,20:33:13,15.62,100.0,26.0,24.949,121.382
74DA38F7C464,2026-02-18,20:33:14,14.62,32.0,0.0,25.006,121.413
74DA38F7C570,2026-02-18,20:33:15,15.62,100.0,0.0,25.239,121.63
74DA38ED0630,2026-02-18,20:33:17,18.12,100.0,0.0,23.994,121.594
74DA38F209F8,2026-02-18,20:33:18,17.0,100.0,0.0,23.157,121.4
74DA38F7C616,2026-02-18,20:33:19,15.5,100.0,0.0,25.031,121.563
74DA38F7C600,2026-02-18,20:33:23,21.0,54.0,17.0,25.07,121.586
74DA38F20902,2026-02-18,20:33:24,20.0,95.0,1.0,22.204,120.7
74DA38F7C338,2026-02-18,20:33:29,17.87,94.0,24.0,25.011,121.458
74DA38F20BE4,2026-02-18,20:33:47,15.12,100.0,35.0,24.791,120.957
74DA38F21048,2026-02-18,20:33:55,19.25,100.0,32.0,22.595,120.341
74DA38F7C4DE,2026-02-18,20:33:56,15.62,100.0,0.0,25.09,121.462
74DA38F20A78,2026-02-18,20:34:02,15.37,100.0,8.0,22.904,121.124
74DA38F20D2E,2026-02-18,20:34:09,15.75,100.0,0.0,25.06,121.545
74DA38F7C5E6,2026-02-18,20:34:14,15.75,100.0,16.0,25.107,121.843
74DA38F7C3B2,2026-02-18,20:34:27,18.75,66.0,18.0,24.929,121.378
74DA38F2113E,2026-02-18,20:34:28,-4.0,0.0,5.0,22.728,120.313
74DA38F20EB2,2026-02-18,20:34:30,13.75,100.0,27.0,24.324,120.835
74DA38F7C53C,2026-02-18,20:34:32,14.62,100.0,0.0,25.11,121.804
74DA38F20D2A,2026-02-18,20:34:43,16.37,72.0,0.0,25.048,121.573
74DA38F20D70,2026-02-18,20:34:48,15.62,100.0,2.0,23.05,121.164
74DA38F20AAA,2026-02-18,20:34:51,12.5,100.0,10.0,24.6,120.999
74DA38F21204,2026-02-18,20:34:52,20.25,100.0,1.0,25.062,121.451
74DA38F209A4,2026-02-18,20:34:58,17.75,100.0,0.0,22.702,120.572
74DA38F209EE,2026-02-18,20:35:07,20.0,100.0,0.0,23.026,121.33
74DA38F7C5CE,2026-02-18,20:35:10,15.25,89.0,0.0,25.066,121.656
74DA38F20D4C,2026-02-18,20:35:18,18.12,100.0,0.0,22.971,121.303
74DA38F20B80,2026-02-18,20:35:19,17.5,100.0,3.0,22.599,120.35
74DA38F20BD0,2026-02-18,20:35:25,-4.0,0.0,34.0,22.688,120.408
74DA38F209DE,2026-02-18,20:35:33,17.25,100.0,0.0,24.861,120.964
74DA38F7C260,2026-02-18,20:35:34,15.37,100.0,0.0,25.065,121.425
74DA38F7C514,2026-02-18,20:35:37,15.87,100.0,27.0,25.051,121.518
74DA38F7C3DC,2026-02-18,20:35:42,15.25,100.0,32.0,25.003,121.539
74DA38F20BCA,2026-02-18,20:35:48,15.37,98.0,0.0,25.079,121.58
74DA38F207DE,2026-02-18,20:35:49,18.87,100.0,44.0,22.603,120.34
74DA38F7C562,2026-02-18,20:35:53,15.0,100.0,27.0,25.021,121.418
74DA38F20AE6,2026-02-18,20:35:56,24.75,100.0,17.0,22.63,120.348
74DA38ED05EA,2026-02-18,20:36:01,16.0,100.0,15.0,23.394,121.357
74DA38ED0640,2026-02-18,20:36:02,14.12,100.0,8.0,23.154,121.266
74DA38F7C524,2026-02-18,20:36:05,14.12,100.0,63.0,25.002,121.552
74DA38F7C5A0,2026-02-18,20:36:09,15.62,90.0,0.0,25.107,121.518
74DA38F21054,2026-02-18,20:36:10,23.87,63.0,22.0,22.898,120.627
74DA38F20DE0,2026-02-18,20:36:15,21.37,100.0,0.0,22.589,120.328
74DA38F20DC0,2026-02-18,20:36:16,17.75,100.0,2.0,22.711,120.295
74DA38F7C47C,2026-02-18,20:36:20,16.25,98.0,0.0,25.055,121.455
74DA38F7C30C,2026-02-18,20:36:21,15.37,98.0,0.0,24.975,121.532
74DA38F208E2,2026-02-18,20:36:22,15.25,100.0,5.0,24.688,121.766
74DA38F2118E,2026-02-18,20:36:22,10.62,100.0,62.0,26.148,119.935
74DA38F7C47E,2026-02-18,20:36:23,15.62,100.0,32.0,25.053963,121.427681
74DA38F20D1E,2026-02-18,20:36:26,16.0,100.0,32.0,25.048,121.573
74DA38F7C3BA,2026-02-18,20:36:31,118.87,46.0,131.0,25.174,121.441
74DA38F21024,2026-02-18,20:36:36,16.12,100.0,0.0,24.93,121.036
74DA38F7C3DE,2026-02-18,20:36:42,16.0,100.0,319.0,24.972,121.537
74DA38F209B2,2026-02-18,20:36:51,20.25,100.0,0.0,22.363,120.599
74DA38F20B5C,2026-02-18,20:36:59,-4.0,0.0,40.0,22.798,120.293
74DA38F21088,2026-02-18,20:36:59,15.5,100.0,0.0,25.068,121.588
74DA38F21136,2026-02-18,20:36:59,15.75,100.0,18.0,25.119,121.505
74DA38ED06E0,2026-02-18,20:37:08,18.25,91.0,0.0,23.601,121.521
74DA38F7C566,2026-02-18,20:37:08,16.75,100.0,0.0,25.051,121.448
74DA38F7C560,2026-02-18,20:37:12,15.25,100.0,0.0,25.079,121.671
74DA38F20AA4,2026-02-18,20:37:13,22.75,91.0,30.0,22.685,120.492
74DA38F7C29C,2026-02-18,20:37:13,16.12,100.0,25.0,25.02,121.416
74DA38F20976,2026-02-18,20:37:18,16.0,90.0,29.0,25.127,121.746
74DA38F7C610,2026-02-18,20:37:19,17.25,80.0,25.0,25.063,121.564
74DA38F7C27E,2026-02-18,20:37:22,16.25,94.0,29.0,25.053,121.444
74DA38F7C5BE,2026-02-18,20:37:30,16.37,80.0,29.0,25.092,121.523
74DA38F7C41E,2026-02-18,20:37:39,16.62,75.0,24.0,25.054,121.517
74DA38F210F6,2026-02-18,20:37:40,18.87,100.0,7.0,22.757426,121.158891
74DA38F20C22,2026-02-18,20:37:46,19.25,100.0,0.0,22.729,120.357
74DA38F210A2,2026-02-18,20:37:46,15.75,100.0,7.0,25.12,121.466
74DA38ED059C,2026-02-18,20:37:51,15.0,100.0,26.0,23.706,121.412
74DA38ED05B6,2026-02-18,20:37:53,15.75,100.0,25.0,23.43,121.348
74DA38ED04F2,2026-02-18,20:37:56,16.75,100.0,9.0,23.468,121.496
74DA38F20D16,2026-02-18,20:37:58,16.37,100.0,29.0,25.062,121.526
74DA38F20B26,2026-02-18,20:37:59,20.0,100.0,34.0,22.783,120.247
74DA38F7C4CC,2026-02-18,20:37:59,15.75,100.0,17.0,25.062,121.451
74DA38F20C26,2026-02-18,20:38:05,19.62,75.0,34.0,22.676,120.342
74DA38F20E6E,2026-02-18,20:38:05,14.5,92.0,0.0,24.41,120.902
74DA38F210E4,2026-02-18,20:38:05,17.75,100.0,18.0,23.24,120.696
74DA38F7C31C,2026-02-18,20:38:08,15.12,100.0,2.0,24.93,121.372
74DA38F20F0A,2026-02-18,20:38:11,18.12,100.0,20.0,22.995,120.635
74DA38F20E9E,2026-02-18,20:38:17,15.0,100.0,17.0,24.648,121.151
74DA38F2104E,2026-02-18,20:38:20,18.12,100.0,32.0,23.108,120.7
74DA38F20D1A,2026-02-18,20:38:22,16.12,85.0,0.0,25.078,121.541
74DA38F20E34,2026-02-18,20:38:24,20.25,71.0,27.0,22.586,120.313
74DA38F7C59C,2026-02-18,20:38:24,15.62,77.0,32.0,25.103,121.487
74DA38F20DD0,2026-02-18,20:38:36,18.5,100.0,0.0,22.6080258,120.3229833
74DA38F20B88,2026-02-18,20:38:48,17.12,100.0,0.0,22.75,120.316
74DA38F7C3D6,2026-02-18,20:38:57,15.87,100.0,0.0,25.045,121.541
74DA38F7C366,2026-02-18,20:38:58,15.5,100.0,15.0,25.002,121.516
74DA38F20A30,2026-02-18,20:39:08,15.62,87.0,0.0,24.948,121.372
74DA38F7C63C,2026-02-18,20:39:11,85.25,100.0,18.0,24.998,121.425
74DA38F7C39A,2026-02-18,20:39:20,15.75,100.0,0.0,25.002,121.414
74DA38F7C40C,2026-02-18,20:39:21,15.25,100.0,0.0,24.995,121.52
74DA38F7C30E,2026-02-18,20:39:24,15.62,100.0,28.0,24.949,121.382
74DA38F7C37C,2026-02-18,20:39:25,13.62,100.0,0.0,25.111,121.856
74DA38F7C600,2026-02-18,20:39:30,21.0,54.0,16.0,25.07,121.586
74DA38F20902,2026-02-18,20:39:31,19.87,95.0,1.0,22.204,120.7
74DA38F7C616,2026-02-18,20:39:32,15.5,100.0,0.0,25.031,121.563
74DA38F7C464,2026-02-18,20:39:45,14.62,33.0,0.0,25.006,121.413
74DA38F7C570,2026-02-18,20:39:46,15.62,100.0,1.0,25.239,121.63
74DA38F209F8,2026-02-18,20:39:48,17.0,100.0,0.0,23.157,121.4
74DA38ED0630,2026-02-18,20:39:49,18.0,100.0,0.0,23.994,121.594
74DA38F20BE4,2026-02-18,20:39:58,15.0,100.0,36.0,24.791,120.957
74DA38F7C338,2026-02-18,20:40:05,18.0,95.0,24.0,25.011,121.458
74DA38F7C4DE,2026-02-18,20:40:05,15.75,100.0,0.0,25.09,121.462
74DA38F20A78,2026-02-18,20:40:09,15.37,100.0,8.0,22.904,121.124
74DA38F21048,2026-02-18,20:40:28,19.25,100.0,30.0,22.595,120.341
74DA38F20B82,2026-02-18,20:40:32,-4.0,0.0,3.0,22.847,120.465
74DA38F7C3B2,2026-02-18,20:40:35,18.75,66.0,17.0,24.929,121.378
74DA38F20D2E,2026-02-18,20:40:40,15.87,100.0,1.0,25.06,121.545
74DA38F20EB2,2026-02-18,20:40:42,13.62,100.0,28.0,24.324,120.835
74DA38F20D70,2026-02-18,20:40:54,15.75,100.0,2.0,23.05,121.164
74DA38F21204,2026-02-18,20:40:58,20.25,100.0,1.0,25.062,121.451
74DA38F20AAA,2026-02-18,20:41:00,12.37,100.0,11.0,24.6,120.999
74DA38F7C53C,2026-02-18,20:41:00,14.62,100.0,0.0,25.11,121.804
74DA38F209EE,2026-02-18,20:41:14,20.12,100.0,0.0,23.026,121.33
74DA38F20D2A,2026-02-18,20:41:16,16.25,72.0,0.0,25.048,121.573
74DA38F209A4,2026-02-18,20:41:26,17.62,100.0,0.0,22.702,120.572
74DA38F7C5CE,2026-02-18,20:41:41,15.25,89.0,1.0,25.066,121.656
74DA38F20D4C,2026-02-18,20:41:45,18.12,100.0,0.0,22.971,121.303
74DA38F2113E,2026-02-18,20:41:47,-4.0,0.0,4.0,22.728,120.313
74DA38F20B80,2026-02-18,20:41:48,17.5,100.0,1.0,22.599,120.35
74DA38F7C514,2026-02-18,20:41:52,15.87,100.0,26.0,25.051,121.518
74DA38F7C3DC,2026-02-18,20:41:53,15.12,100.0,31.0,25.003,121.539
74DA38F207DE,2026-02-18,20:42:01,19.0,100.0,41.0,22.603,120.34
74DA38F209DE,2026-02-18,20:42:02,17.25,100.0,0.0,24.861,120.964
74DA38F20AE6,2026-02-18,20:42:03,24.75,100.0,16.0,22.63,120.348
74DA38F7C562,2026-02-18,20:42:04,15.25,100.0,27.0,25.021,121.418
74DA38ED05EA,2026-02-18,20:42:09,15.62,100.0,15.0,23.394,121.357
74DA38ED0454,2026-02-18,20:42:14,18.12,100.0,11.0,24.053,121.599
74DA38ED0640,2026-02-18,20:42:14,14.5,100.0,9.0,23.154,121.266
74DA38F20BCA,2026-02-18,20:42:18,15.5,98.0,0.0,25.079,121.58
74DA38F21054,2026-02-18,20:42:19,23.87,63.0,21.0,22.898,120.627
74DA38F208E2,2026-02-18,20:42:29,15.0,100.0,7.0,24.688,121.766
74DA38F7C30C,2026-02-18,20:42:29,15.37,98.0,0.0,24.975,121.532
74DA38F7C47C,2026-02-18,20:42:29,16.25,99.0,0.0,25.055,121.455
74DA38F209A8,2026-02-18,20:42:30,-4.0,0.0,1.0,22.401,120.577
74DA38F7C3BA,2026-02-18,20:42:32,118.87,46.0,125.0,25.174,121.441
74DA38F7C47E,2026-02-18,20:42:37,15.75,100.0,32.0,25.053963,121.427681
74DA38F7C260,2026-02-18,20:42:38,15.37,100.0,0.0,25.065,121.425
74DA38F7C3DE,2026-02-18,20:42:38,16.12,100.0,300.0,24.972,121.537
74DA38F7C524,2026-02-18,20:42:40,14.12,100.0,62.0,25.002,121.552
74DA38F20DC0,2026-02-18,20:42:44,17.75,100.0,2.0,22.711,120.295
74DA38F20DE0,2026-02-18,20:42:45,21.37,100.0,1.0,22.589,120.328
74DA38F20D1E,2026-02-18,20:42:57,15.87,100.0,33.0,25.048,121.573
74DA38F2118E,2026-02-18,20:42:58,10.75,100.0,61.0,26.148,119.935
74DA38F21024,2026-02-18,20:43:03,16.12,100.0,0.0,24.93,121.036
74DA38F21136,2026-02-18,20:43:09,15.75,100.0,18.0,25.119,121.505
74DA38ED06E0,2026-02-18,20:43:16,18.37,91.0,0.0,23.601,121.521
74DA38F209B2,2026-02-18,20:43:18,20.0,100.0,0.0,22.363,120.599
74DA38F7C29C,2026-02-18,20:43:22,16.12,100.0,23.0,25.02,121.416
74DA38F20AA4,2026-02-18,20:43:26,22.75,91.0,29.0,22.685,120.492
74DA38F21088,2026-02-18,20:43:27,15.5,100.0,0.0,25.068,121.588
74DA38F20976,2026-02-18,20:43:28,16.0,90.0,27.0,25.127,121.746
74DA38F7C610,2026-02-18,20:43:29,17.25,80.0,25.0,25.063,121.564
74DA38F7C27E,2026-02-18,20:43:32,16.25,94.0,28.0,25.053,121.444
74DA38F7C566,2026-02-18,20:43:36,16.62,100.0,0.0,25.051,121.448
74DA38F7C5BE,2026-02-18,20:43:42,16.37,80.0,30.0,25.092,121.523
74DA38F7C560,2026-02-18,20:43:43,15.25,100.0,0.0,25.079,121.671
74DA38F210F6,2026-02-18,20:43:47,18.75,100.0,7.0,22.757426,121.158891
74DA38F7C41E,2026-02-18,20:43:49,16.62,75.0,23.0,25.054,121.517
74DA38F210A2,2026-02-18,20:43:53,15.87,100.0,7.0,25.12,121.466
74DA38ED05B6,2026-02-18,20:44:00,15.75,100.0,24.0,23.43,121.348
74DA38ED059C,2026-02-18,20:44:02,15.0,100.0,27.0,23.706,121.412
74DA38ED04F2,2026-02-18,20:44:05,16.75,100.0,11.0,23.468,121.496
74DA38F20E6E,2026-02-18,20:44:07,14.37,93.0,0.0,24.41,120.902
74DA38F7C4CC,2026-02-18,20:44:08,15.75,100.0,17.0,25.062,121.451
74DA38F20D16,2026-02-18,20:44:10,16.25,100.0,29.0,25.062,121.526
74DA38F20C22,2026-02-18,20:44:16,19.25,100.0,0.0,22.729,120.357
74DA38F20C26,2026-02-18,20:44:18,20.0,74.0,33.0,22.676,120.342
74DA38F210E4,2026-02-18,20:44:20,17.5,100.0,18.0,23.24,120.696
74DA38F20F0A,2026-02-18,20:44:22,18.12,100.0,21.0,22.995,120.635
74DA38F20B26,2026-02-18,20:44:27,19.87,100.0,34.0,22.783,120.247
74DA38F20E9E,2026-02-18,20:44:28,15.0,100.0,18.0,24.648,121.151
74DA38F2104E,2026-02-18,20:44:32,18.37,100.0,30.0,23.108,120.7
74DA38F20E34,2026-02-18,20:44:35,20.25,71.0,25.0,22.586,120.313
74DA38F7C59C,2026-02-18,20:44:35,15.62,77.0,33.0,25.103,121.487
74DA38F7C31C,2026-02-18,20:44:39,15.12,100.0,2.0,24.93,121.372
74DA38F20D1A,2026-02-18,20:44:53,16.12,85.0,0.0,25.078,121.541
74DA38F7C366,2026-02-18,20:45:07,15.62,100.0,15.0,25.002,121.516
74DA38F20DD0,2026-02-18,20:45:11,18.62,100.0,1.0,22.6080258,120.3229833
74DA38F20B88,2026-02-18,20:45:15,17.12,100.0,0.0,22.75,120.316
74DA38F7C63C,2026-02-18,20:45:19,85.25,100.0,19.0,24.998,121.425
74DA38F7C3D6,2026-02-18,20:45:26,15.87,100.0,0.0,25.045,121.541
74DA38F7C40C,2026-02-18,20:45:28,15.25,100.0,0.0,24.995,121.52
74DA38F7C30E,2026-02-18,20:45:35,15.5,100.0,25.0,24.949,121.382
74DA38F7C600,2026-02-18,20:45:37,21.12,54.0,16.0,25.07,121.586
74DA38F20902,2026-02-18,20:45:38,19.87,95.0,1.0,22.204,120.7
74DA38F20A30,2026-02-18,20:45:39,15.62,87.0,1.0,24.948,121.372
74DA38F7C39A,2026-02-18,20:45:48,15.75,100.0,0.0,25.002,121.414
74DA38F7C37C,2026-02-18,20:45:54,13.75,100.0,0.0,25.111,121.856
74DA38F7C616,2026-02-18,20:46:00,15.62,100.0,0.0,25.031,121.563
74DA38F20BD0,2026-02-18,20:46:02,-4.0,0.0,32.0,22.688,120.408
74DA38F20BE4,2026-02-18,20:46:07,15.12,100.0,35.0,24.791,120.957
74DA38F7C464,2026-02-18,20:46:15,14.62,33.0,0.0,25.006,121.413
74DA38F7C570,2026-02-18,20:46:15,15.62,100.0,0.0,25.239,121.63
74DA38F20A78,2026-02-18,20:46:16,15.37,100.0,8.0,22.904,121.124
74DA38F209F8,2026-02-18,20:46:17,17.0,100.0,0.0,23.157,121.4
74DA38F7C4DE,2026-02-18,20:46:17,15.75,100.0,0.0,25.09,121.462
74DA38ED0630,2026-02-18,20:46:19,18.0,100.0,0.0,23.994,121.594
74DA38F20B5C,2026-02-18,20:46:27,-4.0,0.0,40.0,22.798,120.293
74DA38F7C3B2,2026-02-18,20:46:44,18.75,66.0,17.0,24.929,121.378
74DA38F7C5E6,2026-02-18,20:46:48,15.75,100.0,15.0,25.107,121.843
74DA38F20EB2,2026-02-18,20:46:54,13.75,100.0,29.0,24.324,120.835
74DA38F21048,2026-02-18,20:46:59,19.0,100.0,28.0,22.595,120.341
74DA38F20D70,2026-02-18,20:47:00,15.87,100.0,1.0,23.05,121.164
74DA38F21204,2026-02-18,20:47:04,20.25,100.0,1.0,25.062,121.451
74DA38F20AAA,2026-02-18,20:47:06,12.37,100.0,10.0,24.6,120.999
74DA38F20D2E,2026-02-18,20:47:08,15.75,100.0,0.0,25.06,121.545
74DA38F209EE,2026-02-18,20:47:19,20.12,100.0,0.0,23.026,121.33
74DA38F7C53C,2026-02-18,20:47:27,14.75,100.0,0.0,25.11,121.804
74DA38F20D2A,2026-02-18,20:47:47,16.25,71.0,0.0,25.048,121.573
74DA38F209A4,2026-02-18,20:47:58,17.5,100.0,3.0,22.702,120.572
74DA38F7C3DC,2026-02-18,20:48:03,15.12,100.0,33.0,25.003,121.539
74DA38F7C514,2026-02-18,20:48:04,15.75,100.0,27.0,25.051,121.518
74DA38F7C5CE,2026-02-18,20:48:08,15.12,89.0,0.0,25.066,121.656
74DA38F207DE,2026-02-18,20:48:11,19.0,100.0,39.0,22.603,120.34
74DA38F20AE6,2026-02-18,20:48:12,24.62,100.0,16.0,22.63,120.348
74DA38F20D4C,2026-02-18,20:48:13,18.12,100.0,0.0,22.971,121.303
74DA38F7C562,2026-02-18,20:48:15,15.37,100.0,26.0,25.021,121.418
74DA38F20B80,2026-02-18,20:48:16,17.5,100.0,2.0,22.599,120.35
74DA38ED05EA,2026-02-18,20:48:17,15.87,100.0,16.0,23.394,121.357
74DA38ED0640,2026-02-18,20:48:22,14.75,100.0,10.0,23.154,121.266
74DA38F21054,2026-02-18,20:48:26,23.87,64.0,21.0,22.898,120.627
74DA38F209DE,2026-02-18,20:48:29,17.37,100.0,0.0,24.861,120.964
74DA38ED0454,2026-02-18,20:48:33,18.25,100.0,11.0,24.053,121.599
74DA38F7C3BA,2026-02-18,20:48:33,118.87,46.0,127.0,25.174,121.441
74DA38F208E2,2026-02-18,20:48:34,15.0,100.0,6.0,24.688,121.766
74DA38F7C3DE,2026-02-18,20:48:35,16.0,100.0,304.0,24.972,121.537
74DA38F7C47C,2026-02-18,20:48:38,16.25,99.0,0.0,25.055,121.455
74DA38F7C47E,2026-02-18,20:48:46,15.87,100.0,32.0,25.053963,121.427681
74DA38F20BCA,2026-02-18,20:48:49,15.37,99.0,1.0,25.079,121.58
74DA38F7C30C,2026-02-18,20:48:51,15.37,98.0,0.0,24.975,121.532
74DA38F2113E,2026-02-18,20:49:06,-4.0,0.0,3.0,22.728,120.313
74DA38F7C260,2026-02-18,20:49:09,15.37,100.0,0.0,25.065,121.425
74DA38F20DC0,2026-02-18,20:49:14,17.75,100.0,1.0,22.711,120.295
74DA38F20D1E,2026-02-18,20:49:16,16.0,100.0,33.0,25.048,121.573
74DA38F20DE0,2026-02-18,20:49:17,21.37,100.0,2.0,22.589,120.328
74DA38F21136,2026-02-18,20:49:17,15.75,100.0,19.0,25.119,121.505
74DA38F7C524,2026-02-18,20:49:18,14.12,100.0,63.0,25.002,121.552
74DA38ED06E0,2026-02-18,20:49:22,18.37,91.0,0.0,23.601,121.521
74DA38F21024,2026-02-18,20:49:31,16.12,100.0,0.0,24.93,121.036
74DA38F7C29C,2026-02-18,20:49:33,16.25,100.0,25.0,25.02,121.416
74DA38F20AA4,2026-02-18,20:49:35,22.75,90.0,29.0,22.685,120.492
74DA38F20976,2026-02-18,20:49:36,16.0,90.0,27.0,25.127,121.746
74DA38F2118E,2026-02-18,20:49:36,10.75,100.0,61.0,26.148,119.935
74DA38F7C610,2026-02-18,20:49:36,17.25,80.0,24.0,25.063,121.564
74DA38F7C27E,2026-02-18,20:49:40,16.25,94.0,28.0,25.053,121.444
74DA38F209B2,2026-02-18,20:49:46,20.12,100.0,0.0,22.363,120.599
74DA38F210F6,2026-02-18,20:49:53,18.62,100.0,8.0,22.757426,121.158891
74DA38F7C5BE,2026-02-18,20:49:54,16.37,80.0,29.0,25.092,121.523
74DA38F21088,2026-02-18,20:49:57,15.5,100.0,1.0,25.068,121.588
74DA38F7C41E,2026-02-18,20:49:59,16.62,76.0,23.0,25.054,121.517
74DA38F210A2,2026-02-18,20:50:00,15.87,100.0,7.0,25.12,121.466
74DA38F7C566,2026-02-18,20:50:03,16.62,100.0,0.0,25.051,121.448
74DA38F20B82,2026-02-18,20:50:04,-4.0,0.0,2.0,22.847,120.465
74DA38ED05B6,2026-02-18,20:50:07,15.62,100.0,26.0,23.43,121.348
74DA38F20E6E,2026-02-18,20:50:09,14.5,93.0,0.0,24.41,120.902
74DA38F7C560,2026-02-18,20:50:12,15.25,100.0,0.0,25.079,121.671
74DA38ED059C,2026-02-18,20:50:13,14.87,100.0,28.0,23.706,121.412
74DA38ED04F2,2026-02-18,20:50:15,16.5,100.0,10.0,23.468,121.496
74DA38F7C4CC,2026-02-18,20:50:15,15.75,100.0,17.0,25.062,121.451
74DA38F20D16,2026-02-18,20:50:19,16.25,100.0,31.0,25.062,121.526
74DA38F20C26,2026-02-18,20:50:30,20.37,74.0,33.0,22.676,120.342
74DA38F210E4,2026-02-18,20:50:30,17.25,100.0,18.0,23.24,120.696
74DA38F20F0A,2026-02-18,20:50:32,18.12,100.0,20.0,22.995,120.635
74DA38F20E9E,2026-02-18,20:50:35,15.0,100.0,17.0,24.648,121.151
74DA38F2104E,2026-02-18,20:50:43,18.25,100.0,31.0,23.108,120.7
74DA38F20C22,2026-02-18,20:50:46,19.5,100.0,0.0,22.729,120.357
74DA38F20E34,2026-02-18,20:50:46,20.12,71.0,25.0,22.586,120.313
74DA38F7C59C,2026-02-18,20:50:46,15.75,77.0,32.0,25.103,121.487
74DA38F20B26,2026-02-18,20:50:55,19.75,100.0,34.0,22.783,120.247
74DA38F7C31C,2026-02-18,20:51:08,15.12,100.0,3.0,24.93,121.372
74DA38F7C366,2026-02-18,20:51:14,15.62,100.0,15.0,25.002,121.516
74DA38F20D1A,2026-02-18,20:51:23,16.25,85.0,0.0,25.078,121.541
74DA38F7C63C,2026-02-18,20:51:29,85.25,100.0,18.0,24.998,121.425
74DA38F7C40C,2026-02-18,20:51:35,15.37,100.0,0.0,24.995,121.52
74DA38F20902,2026-02-18,20:51:43,19.87,95.0,1.0,22.204,120.7
74DA38F20DD0,2026-02-18,20:51:43,18.75,100.0,1.0,22.6080258,120.3229833
74DA38F7C600,2026-02-18,20:51:43,21.25,54.0,17.0,25.07,121.586
74DA38F20B88,2026-02-18,20:51:44,17.12,100.0,0.0,22.75,120.316
74DA38F7C30E,2026-02-18,20:51:45,15.5,100.0,26.0,24.949,121.382
74DA38F7C3D6,2026-02-18,20:51:54,15.87,100.0,0.0,25.045,121.541
74DA38F7C616,2026-02-18,20:52:06,15.5,100.0,0.0,25.031,121.563
74DA38F20A30,2026-02-18,20:52:08,15.62,87.0,0.0,24.948,121.372
74DA38F209A8,2026-02-18,20:52:09,-4.0,0.0,0.0,22.401,120.577
74DA38F20BE4,2026-02-18,20:52:17,15.12,100.0,36.0,24.791,120.957
74DA38F7C39A,2026-02-18,20:52:17,15.75,100.0,0.0,25.002,121.414
74DA38F20A78,2026-02-18,20:52:23,15.37,100.0,9.0,22.904,121.124
74DA38F7C37C,2026-02-18,20:52:23,14.0,100.0,0.0,25.111,121.856
74DA38F7C570,2026-02-18,20:52:46,15.62,100.0,0.0,25.239,121.63
74DA38ED0630,2026-02-18,20:52:47,17.87,100.0,0.0,23.994,121.594
74DA38F209F8,2026-02-18,20:52:47,17.0,100.0,0.0,23.157,121.4
74DA38F7C464,2026-02-18,20:52:48,14.62,33.0,0.0,25.006,121.413
74DA38F7C3B2,2026-02-18,20:52:52,18.75,66.0,18.0,24.929,121.378
74DA38F7C5E6,2026-02-18,20:53:02,15.75,100.0,16.0,25.107,121.843
74DA38F20EB2,2026-02-18,20:53:03,13.75,100.0,29.0,24.324,120.835
74DA38F20D70,2026-02-18,20:53:06,16.0,100.0,1.0,23.05,121.164
74DA38F21204,2026-02-18,20:53:10,20.12,100.0,1.0,25.062,121.451
74DA38F20AAA,2026-02-18,20:53:13,12.37,100.0,11.0,24.6,120.999
74DA38F209EE,2026-02-18,20:53:24,20.12,100.0,0.0,23.026,121.33
74DA38F21048,2026-02-18,20:53:32,18.75,100.0,29.0,22.595,120.341
74DA38F20D2E,2026-02-18,20:53:37,15.87,100.0,0.0,25.06,121.545
74DA38F7C53C,2026-02-18,20:53:56,14.62,100.0,0.0,25.11,121.804
74DA38F7C3DC,2026-02-18,20:54:11,15.12,100.0,31.0,25.003,121.539
74DA38F7C514,2026-02-18,20:54:15,15.87,100.0,27.0,25.051,121.518
74DA38F20D2A,2026-02-18,20:54:16,16.25,72.0,0.0,25.048,121.573
74DA38F20AE6,2026-02-18,20:54:19,24.62,100.0,17.0,22.63,120.348
74DA38F207DE,2026-02-18,20:54:21,18.87,100.0,37.0,22.603,120.34
74DA38ED05EA,2026-02-18,20:54:24,15.87,100.0,14.0,23.394,121.357
74DA38F209A4,2026-02-18,20:54:28,17.37,100.0,0.0,22.702,120.572
74DA38ED0640,2026-02-18,20:54:30,14.62,100.0,10.0,23.154,121.266
74DA38F7C3DE,2026-02-18,20:54:30,16.12,100.0,301.0,24.972,121.537
74DA38F7C562,2026-02-18,20:54:31,15.37,100.0,26.0,25.021,121.418
74DA38F21054,2026-02-18,20:54:34,23.87,63.0,21.0,22.898,120.627
74DA38F7C3BA,2026-02-18,20:54:34,118.87,46.0,122.0,25.174,121.441
74DA38F7C5CE,2026-02-18,20:54:37,15.12,89.0,0.0,25.066,121.656
74DA38F208E2,2026-02-18,20:54:41,15.12,100.0,13.0,24.688,121.766
74DA38F20D4C,2026-02-18,20:54:41,18.0,100.0,0.0,22.971,121.303
74DA38F20B80,2026-02-18,20:54:47,17.37,100.0,3.0,22.599,120.35
74DA38F7C47C,2026-02-18,20:54:47,16.25,99.0,0.0,25.055,121.455
74DA38F7C47E,2026-02-18,20:54:55,16.0,100.0,32.0,25.053963,121.427681
74DA38F209DE,2026-02-18,20:54:58,17.25,100.0,0.0,24.861,120.964
74DA38F7C30C,2026-02-18,20:55:01,15.5,98.0,0.0,24.975,121.532
74DA38F20BCA,2026-02-18,20:55:20,15.37,99.0,1.0,25.079,121.58
74DA38F21136,2026-02-18,20:55:25,15.87,100.0,18.0,25.119,121.505
74DA38ED06E0,2026-02-18,20:55:29,18.37,91.0,0.0,23.601,121.521
74DA38F20D1E,2026-02-18,20:55:31,15.87,100.0,33.0,25.048,121.573
74DA38F7C260,2026-02-18,20:55:40,15.37,100.0,0.0,25.065,121.425
74DA38F7C29C,2026-02-18,20:55:43,16.25,100.0,24.0,25.02,121.416
74DA38F7C610,2026-02-18,20:55:43,17.25,80.0,24.0,25.063,121.564
74DA38F20AA4,2026-02-18,20:55:45,22.75,90.0,28.0,22.685,120.492
74DA38F20DE0,2026-02-18,20:55:46,21.25,100.0,0.0,22.589,120.328
74DA38F20DC0,2026-02-18,20:55:48,17.75,100.0,1.0,22.711,120.295
74DA38F20976,2026-02-18,20:55:50,16.0,91.0,27.0,25.127,121.746
74DA38F7C27E,2026-02-18,20:55:50,16.37,94.0,27.0,25.053,121.444
74DA38F20B5C,2026-02-18,20:55:51,-4.0,0.0,41.0,22.798,120.293
74DA38F7C524,2026-02-18,20:55:56,14.12,100.0,63.0,25.002,121.552
74DA38F21024,2026-02-18,20:55:59,16.25,100.0,0.0,24.93,121.036
74DA38F210F6,2026-02-18,20:55:59,18.62,100.0,8.0,22.757426,121.158891
74DA38F7C5BE,2026-02-18,20:56:05,16.37,80.0,30.0,25.092,121.523
74DA38F210A2,2026-02-18,20:56:07,15.75,100.0,7.0,25.12,121.466
74DA38F7C41E,2026-02-18,20:56:09,16.62,76.0,24.0,25.054,121.517
74DA38F20E6E,2026-02-18,20:56:11,14.5,93.0,0.0,24.41,120.902
74DA38F209B2,2026-02-18,20:56:13,20.12,100.0,0.0,22.363,120.599
74DA38F2118E,2026-02-18,20:56:13,10.87,100.0,62.0,26.148,119.935
74DA38ED05B6,2026-02-18,20:56:14,15.62,100.0,26.0,23.43,121.348
74DA38ED04F2,2026-02-18,20:56:23,16.5,100.0,8.0,23.468,121.496
74DA38F7C4CC,2026-02-18,20:56:23,15.75,100.0,18.0,25.062,121.451
74DA38ED059C,2026-02-18,20:56:24,15.0,100.0,24.0,23.706,121.412
74DA38F21088,2026-02-18,20:56:26,15.62,100.0,0.0,25.068,121.588
74DA38F2113E,2026-02-18,20:56:27,-4.0,0.0,2.0,22.728,120.313
74DA38F20D16,2026-02-18,20:56:29,16.25,100.0,30.0,25.062,121.526
74DA38F7C566,2026-02-18,20:56:32,16.75,100.0,0.0,25.051,121.448
74DA38F20BD0,2026-02-18,20:56:35,-4.0,0.0,30.0,22.688,120.408
74DA38F210E4,2026-02-18,20:56:40,17.37,100.0,18.0,23.24,120.696
74DA38F7C560,2026-02-18,20:56:40,15.37,100.0,0.0,25.079,121.671
74DA38F20C26,2026-02-18,20:56:41,20.75,73.0,33.0,22.676,120.342
74DA38F20E9E,2026-02-18,20:56:41,15.0,100.0,14.0,24.648,121.151
74DA38F20F0A,2026-02-18,20:56:42,18.12,100.0,19.0,22.995,120.635
74DA38F2104E,2026-02-18,20:56:54,18.25,100.0,32.0,23.108,120.7
74DA38F7C59C,2026-02-18,20:56:57,15.75,77.0,32.0,25.103,121.487
74DA38F20E34,2026-02-18,20:56:58,20.25,72.0,25.0,22.586,120.313
74DA38F20B26,2026-02-18,20:57:09,19.75,100.0,34.0,22.783,120.247
74DA38F20C22,2026-02-18,20:57:19,19.62,100.0,2.0,22.729,120.357
74DA38F7C366,2026-02-18,20:57:22,15.5,100.0,15.0,25.002,121.516
74DA38F7C31C,2026-02-18,20:57:37,15.0,100.0,3.0,24.93,121.372
74DA38F7C63C,2026-02-18,20:57:38,85.25,100.0,19.0,24.998,121.425
74DA38F7C40C,2026-02-18,20:57:43,15.5,100.0,0.0,24.995,121.52
74DA38F20902,2026-02-18,20:57:49,19.75,95.0,1.0,22.204,120.7
74DA38F7C600,2026-02-18,20:57:50,21.37,53.0,17.0,25.07,121.586
74DA38F20D1A,2026-02-18,20:57:52,16.25,85.0,0.0,25.078,121.541
74DA38F7C30E,2026-02-18,20:57:54,15.5,100.0,26.0,24.949,121.382
74DA38F20DD0,2026-02-18,20:58:13,18.75,100.0,0.0,22.6080258,120.3229833
74DA38F7C616,2026-02-18,20:58:13,15.62,100.0,0.0,25.031,121.563
74DA38F20B88,2026-02-18,20:58:16,17.12,100.0,1.0,22.75,120.316
74DA38F7C3D6,2026-02-18,20:58:22,15.87,100.0,0.0,25.045,121.541
74DA38F20BE4,2026-02-18,20:58:25,15.12,100.0,36.0,24.791,120.957
74DA38F20A78,2026-02-18,20:58:31,15.25,100.0,10.0,22.904,121.124
74DA38F20A30,2026-02-18,20:58:37,15.62,88.0,0.0,24.948,121.372
74DA38F7C39A,2026-02-18,20:58:46,15.62,100.0,0.0,25.002,121.414
74DA38F7C37C,2026-02-18,20:58:52,13.75,100.0,0.0,25.111,121.856
74DA38F7C3B2,2026-02-18,20:58:59,18.75,66.0,17.0,24.929,121.378
74DA38F7C4DE,2026-02-18,20:59:02,16.0,100.0,0.0,25.09,121.462
74DA38F7C5E6,2026-02-18,20:59:10,15.75,100.0,16.0,25.107,121.843
74DA38F20D70,2026-02-18,20:59:14,16.12,100.0,2.0,23.05,121.164
74DA38F209F8,2026-02-18,20:59:15,17.0,100.0,0.0,23.157,121.4
74DA38F20EB2,2026-02-18,20:59:15,13.75,100.0,28.0,24.324,120.835
74DA38F7C570,2026-02-18,20:59:15,15.62,100.0,0.0,25.239,121.63
74DA38F21204,2026-02-18,20:59:16,20.12,100.0,0.0,25.062,121.451
74DA38ED0630,2026-02-18,20:59:17,18.0,100.0,0.0,23.994,121.594
74DA38F7C464,2026-02-18,20:59:19,14.62,32.0,0.0,25.006,121.413
74DA38F20AAA,2026-02-18,20:59:21,12.37,100.0,11.0,24.6,120.999
74DA38F209EE,2026-02-18,20:59:31,20.0,100.0,0.0,23.026,121.33
74DA38F20B82,2026-02-18,20:59:37,-4.0,0.0,2.0,22.847,120.465
74DA38F21048,2026-02-18,21:00:05,18.87,100.0,28.0,22.595,120.341
74DA38F20D2E,2026-02-18,21:00:07,15.75,100.0,1.0,25.06,121.545
74DA38F7C3DC,2026-02-18,21:00:18,15.12,100.0,30.0,25.003,121.539
74DA38F7C53C,2026-02-18,21:00:23,14.62,100.0,0.0,25.11,121.804
74DA38F7C514,2026-02-18,21:00:25,15.75,100.0,26.0,25.051,121.518
74DA38F7C3DE,2026-02-18,21:00:26,16.12,100.0,296.0,24.972,121.537
74DA38F20AE6,2026-02-18,21:00:28,24.62,100.0,16.0,22.63,120.348
74DA38ED05EA,2026-02-18,21:00:30,15.87,100.0,15.0,23.394,121.357
74DA38F207DE,2026-02-18,21:00:33,19.0,100.0,38.0,22.603,120.34
74DA38F7C3BA,2026-02-18,21:00:35,118.87,46.0,130.0,25.174,121.441
74DA38ED0640,2026-02-18,21:00:38,14.5,100.0,10.0,23.154,121.266
74DA38F21054,2026-02-18,21:00:43,23.87,63.0,21.0,22.898,120.627
74DA38F7C562,2026-02-18,21:00:43,15.12,100.0,26.0,25.021,121.418
74DA38F20D2A,2026-02-18,21:00:47,16.25,72.0,1.0,25.048,121.573
74DA38F208E2,2026-02-18,21:00:48,15.12,100.0,18.0,24.688,121.766
74DA38F209A4,2026-02-18,21:00:55,17.25,100.0,0.0,22.702,120.572
74DA38F7C47C,2026-02-18,21:00:56,16.12,99.0,0.0,25.055,121.455
74DA38F7C5CE,2026-02-18,21:01:05,15.0,89.0,0.0,25.066,121.656
74DA38F7C47E,2026-02-18,21:01:06,16.0,100.0,32.0,25.053963,121.427681
74DA38F20D4C,2026-02-18,21:01:08,18.0,100.0,0.0,22.971,121.303
74DA38F7C30C,2026-02-18,21:01:12,15.5,99.0,0.0,24.975,121.532
74DA38ED0454,2026-02-18,21:01:13,18.25,100.0,12.0,24.053,121.599
74DA38F20B80,2026-02-18,21:01:14,17.62,100.0,0.0,22.599,120.35
74DA38F209DE,2026-02-18,21:01:26,17.12,100.0,1.0,24.861,120.964
74DA38ED06E0,2026-02-18,21:01:35,18.37,90.0,0.0,23.601,121.521
74DA38F21136,2026-02-18,21:01:35,15.87,100.0,19.0,25.119,121.505
74DA38F20D1E,2026-02-18,21:01:46,15.87,100.0,32.0,25.048,121.573
74DA38F209A8,2026-02-18,21:01:47,-4.0,0.0,0.0,22.401,120.577
74DA38F20BCA,2026-02-18,21:01:48,15.25,99.0,0.0,25.079,121.58
74DA38F7C29C,2026-02-18,21:01:51,16.12,100.0,24.0,25.02,121.416
74DA38F7C610,2026-02-18,21:01:53,17.25,80.0,24.0,25.063,121.564
74DA38F20976,2026-02-18,21:01:59,15.87,91.0,27.0,25.127,121.746
74DA38F7C27E,2026-02-18,21:02:00,16.37,94.0,27.0,25.053,121.444
74DA38F210F6,2026-02-18,21:02:04,18.62,100.0,9.0,22.757426,121.158891
74DA38F7C260,2026-02-18,21:02:10,15.37,100.0,0.0,25.065,121.425
74DA38F210A2,2026-02-18,21:02:14,15.75,100.0,7.0,25.12,121.466
74DA38F20DC0,2026-02-18,21:02:15,18.0,100.0,0.0,22.711,120.295
74DA38F20DE0,2026-02-18,21:02:16,21.12,100.0,3.0,22.589,120.328
74DA38F7C5BE,2026-02-18,21:02:18,16.5,81.0,29.0,25.092,121.523
74DA38F7C41E,2026-02-18,21:02:19,16.5,76.0,24.0,25.054,121.517
74DA38ED05B6,2026-02-18,21:02:26,15.87,100.0,24.0,23.43,121.348
74DA38F21024,2026-02-18,21:02:26,16.25,100.0,0.0,24.93,121.036
74DA38F7C4CC,2026-02-18,21:02:33,15.75,100.0,19.0,25.062,121.451
74DA38ED04F2,2026-02-18,21:02:34,16.5,100.0,9.0,23.468,121.496
74DA38F7C524,2026-02-18,21:02:35,14.25,100.0,63.0,25.002,121.552
74DA38ED059C,2026-02-18,21:02:36,15.25,100.0,24.0,23.706,121.412
74DA38F20D16,2026-02-18,21:02:40,16.25,100.0,30.0,25.062,121.526
74DA38F209B2,2026-02-18,21:02:41,20.12,100.0,0.0,22.363,120.599
74DA38F20E9E,2026-02-18,21:02:48,14.87,100.0,12.0,24.648,121.151
74DA38F210E4,2026-02-18,21:02:50,17.62,100.0,18.0,23.24,120.696
74DA38F2118E,2026-02-18,21:02:50,11.0,100.0,61.0,26.148,119.935
74DA38F20F0A,2026-02-18,21:02:51,18.12,100.0,20.0,22.995,120.635
74DA38F21088,2026-02-18,21:02:56,15.62,100.0,0.0,25.068,121.588
74DA38F20C26,2026-02-18,21:02:58,20.62,73.0,33.0,22.676,120.342
74DA38F7C566,2026-02-18,21:03:01,16.62,100.0,0.0,25.051,121.448
74DA38F7C59C,2026-02-18,21:03:05,15.75,77.0,32.0,25.103,121.487
74DA38F2104E,2026-02-18,21:03:07,18.25,100.0,31.0,23.108,120.7
74DA38F7C560,2026-02-18,21:03:09,15.37,100.0,0.0,25.079,121.671
74DA38F20E34,2026-02-18,21:03:12,20.25,72.0,25.0,22.586,120.313
74DA38F7C366,2026-02-18,21:03:31,15.5,100.0,15.0,25.002,121.516
74DA38F2113E,2026-02-18,21:03:45,-4.0,0.0,3.0,22.728,120.313
74DA38F7C63C,2026-02-18,21:03:49,85.25,100.0,19.0,24.998,121.425
74DA38F7C40C,2026-02-18,21:03:51,15.5,100.0,0.0,24.995,121.52
74DA38F20902,2026-02-18,21:03:56,19.75,95.0,1.0,22.204,120.7
74DA38F7C600,2026-02-18,21:03:56,21.37,53.0,17.0,25.07,121.586
74DA38F7C31C,2026-02-18,21:04:06,15.12,100.0,2.0,24.93,121.372
74DA38F20C22,2026-02-18,21:04:08,19.75,100.0,0.0,22.729,120.357
74DA38F7C30E,2026-02-18,21:04:14,15.5,100.0,26.0,24.949,121.382
74DA38F20D1A,2026-02-18,21:04:22,16.12,85.0,0.0,25.078,121.541
74DA38F7C616,2026-02-18,21:04:22,15.75,100.0,0.0,25.031,121.563
74DA38F7C5A0,2026-02-18,21:04:34,15.62,91.0,0.0,25.107,121.518
74DA38F20BE4,2026-02-18,21:04:38,15.12,100.0,35.0,24.791,120.957
74DA38F20A78,2026-02-18,21:04:41,15.25,100.0,8.0,22.904,121.124
74DA38F20B88,2026-02-18,21:04:46,17.25,100.0,0.0,22.75,120.316
74DA38F20DD0,2026-02-18,21:04:48,18.75,100.0,0.0,22.6080258,120.3229833
74DA38F7C3D6,2026-02-18,21:04:52,15.87,100.0,0.0,25.045,121.541
74DA38F7C3B2,2026-02-18,21:05:09,18.62,66.0,18.0,24.929,121.378
74DA38F7C4DE,2026-02-18,21:05:11,16.12,100.0,0.0,25.09,121.462
74DA38F20A30,2026-02-18,21:05:13,15.75,87.0,2.0,24.948,121.372
74DA38F7C39A,2026-02-18,21:05:19,15.62,100.0,2.0,25.002,121.414
74DA38F7C5E6,2026-02-18,21:05:19,15.87,100.0,16.0,25.107,121.843
74DA38F20B5C,2026-02-18,21:05:20,-4.0,0.0,41.0,22.798,120.293
74DA38F7C37C,2026-02-18,21:05:22,14.0,100.0,0.0,25.111,121.856
74DA38F20D70,2026-02-18,21:05:23,16.12,100.0,3.0,23.05,121.164
74DA38F20AAA,2026-02-18,21:05:28,12.37,100.0,12.0,24.6,120.999
74DA38F20EB2,2026-02-18,21:05:28,13.75,100.0,28.0,24.324,120.835
74DA38F21204,2026-02-18,21:05:36,20.12,100.0,1.0,25.062,121.451
74DA38F209EE,2026-02-18,21:05:38,19.75,100.0,0.0,23.026,121.33
74DA38F209F8,2026-02-18,21:05:44,17.0,100.0,0.0,23.157,121.4
74DA38F7C570,2026-02-18,21:05:44,15.62,100.0,0.0,25.239,121.63
74DA38F7C464,2026-02-18,21:05:51,14.62,33.0,0.0,25.006,121.413
74DA38ED0630,2026-02-18,21:05:52,18.0,100.0,0.0,23.994,121.594
74DA38F7C3DE,2026-02-18,21:06:23,16.0,100.0,300.0,24.972,121.537
74DA38F7C3DC,2026-02-18,21:06:29,15.12,100.0,33.0,25.003,121.539
74DA38F20AE6,2026-02-18,21:06:35,24.62,100.0,16.0,22.63,120.348
74DA38F20D2E,2026-02-18,21:06:35,15.87,100.0,0.0,25.06,121.545
74DA38F7C3BA,2026-02-18,21:06:36,118.87,46.0,126.0,25.174,121.441
74DA38F21048,2026-02-18,21:06:38,19.37,100.0,27.0,22.595,120.341
74DA38F7C514,2026-02-18,21:06:38,15.62,100.0,26.0,25.051,121.518
74DA38ED05EA,2026-02-18,21:06:39,15.87,100.0,16.0,23.394,121.357
74DA38F207DE,2026-02-18,21:06:45,19.0,100.0,39.0,22.603,120.34
74DA38ED0640,2026-02-18,21:06:47,14.37,100.0,10.0,23.154,121.266
74DA38F21054,2026-02-18,21:06:50,23.87,63.0,20.0,22.898,120.627
74DA38F7C53C,2026-02-18,21:06:52,14.62,100.0,0.0,25.11,121.804
74DA38F208E2,2026-02-18,21:06:55,15.0,100.0,17.0,24.688,121.766
74DA38F7C562,2026-02-18,21:06:58,15.37,100.0,26.0,25.021,121.418
74DA38F7C47C,2026-02-18,21:07:06,16.0,100.0,0.0,25.055,121.455
74DA38F20BD0,2026-02-18,21:07:09,-4.0,0.0,28.0,22.688,120.408
74DA38F20D2A,2026-02-18,21:07:18,16.25,72.0,0.0,25.048,121.573
74DA38F7C47E,2026-02-18,21:07:20,15.87,100.0,32.0,25.053963,121.427681
74DA38F7C30C,2026-02-18,21:07:25,15.5,99.0,0.0,24.975,121.532
74DA38F209A4,2026-02-18,21:07:26,17.0,100.0,0.0,22.702,120.572
74DA38ED0454,2026-02-18,21:07:32,18.25,100.0,25.0,24.053,121.599
74DA38F7C5CE,2026-02-18,21:07:35,15.12,89.0,1.0,25.066,121.656
74DA38F20D4C,2026-02-18,21:07:37,17.87,100.0,0.0,22.971,121.303
74DA38F20B80,2026-02-18,21:07:43,17.62,100.0,1.0,22.599,120.35
74DA38ED06E0,2026-02-18,21:07:44,18.25,90.0,0.0,23.601,121.521
74DA38F21136,2026-02-18,21:07:46,15.75,100.0,19.0,25.119,121.505
74DA38F20AA4,2026-02-18,21:07:48,22.75,89.0,26.0,22.685,120.492
74DA38F209DE,2026-02-18,21:07:56,17.37,100.0,0.0,24.861,120.964
74DA38F20D1E,2026-02-18,21:08:00,15.87,100.0,34.0,25.048,121.573
74DA38F7C29C,2026-02-18,21:08:01,16.12,100.0,22.0,25.02,121.416
74DA38F7C610,2026-02-18,21:08:03,17.25,81.0,25.0,25.063,121.564
74DA38F20976,2026-02-18,21:08:10,15.87,91.0,26.0,25.127,121.746
74DA38F210F6,2026-02-18,21:08:11,18.62,100.0,9.0,22.757426,121.158891
74DA38F7C27E,2026-02-18,21:08:15,16.37,94.0,28.0,25.053,121.444
74DA38F20BCA,2026-02-18,21:08:18,15.25,99.0,0.0,25.079,121.58
74DA38F210A2,2026-02-18,21:08:22,15.87,100.0,7.0,25.12,121.466
74DA38F7C41E,2026-02-18,21:08:27,16.62,76.0,24.0,25.054,121.517
74DA38F7C5BE,2026-02-18,21:08:32,16.5,81.0,29.0,25.092,121.523
74DA38ED05B6,2026-02-18,21:08:33,15.87,100.0,25.0,23.43,121.348
74DA38F7C260,2026-02-18,21:08:40,15.37,100.0,0.0,25.065,121.425
74DA38ED04F2,2026-02-18,21:08:43,16.37,100.0,8.0,23.468,121.496
74DA38F7C4CC,2026-02-18,21:08:44,15.75,100.0,17.0,25.062,121.451
74DA38F20DC0,2026-02-18,21:08:46,17.87,100.0,2.0,22.711,120.295
74DA38F20DE0,2026-02-18,21:08:46,21.12,100.0,1.0,22.589,120.328
74DA38ED059C,2026-02-18,21:08:48,15.37,100.0,23.0,23.706,121.412
74DA38F20D16,2026-02-18,21:08:53,16.25,100.0,30.0,25.062,121.526
74DA38F20E9E,2026-02-18,21:08:56,14.87,100.0,11.0,24.648,121.151
74DA38F21024,2026-02-18,21:08:57,16.25,100.0,0.0,24.93,121.036
74DA38F20F0A,2026-02-18,21:09:01,18.12,100.0,20.0,22.995,120.635
74DA38F209B2,2026-02-18,21:09:09,20.25,100.0,0.0,22.363,120.599
74DA38F20B82,2026-02-18,21:09:11,-4.0,0.0,2.0,22.847,120.465
74DA38F20C26,2026-02-18,21:09:12,20.75,72.0,32.0,22.676,120.342
74DA38F210E4,2026-02-18,21:09:12,17.75,100.0,18.0,23.24,120.696
74DA38F7C59C,2026-02-18,21:09:16,15.75,78.0,32.0,25.103,121.487
74DA38F7C524,2026-02-18,21:09:19,14.37,100.0,62.0,25.002,121.552
74DA38F2104E,2026-02-18,21:09:23,18.25,100.0,31.0,23.108,120.7
74DA38F20E34,2026-02-18,21:09:29,20.12,72.0,25.0,22.586,120.313
74DA38F21088,2026-02-18,21:09:32,15.62,100.0,0.0,25.068,121.588
74DA38F2118E,2026-02-18,21:09:35,11.0,100.0,62.0,26.148,119.935
74DA38F7C566,2026-02-18,21:09:39,16.62,100.0,0.0,25.051,121.448
74DA38F7C366,2026-02-18,21:09:48,15.62,100.0,15.0,25.002,121.516
74DA38F7C560,2026-02-18,21:09:49,15.37,100.0,0.0,25.079,121.671
74DA38F7C63C,2026-02-18,21:10:10,85.25,100.0,18.0,24.998,121.425
74DA38F7C40C,2026-02-18,21:10:11,15.5,100.0,0.0,24.995,121.52
74DA38F20902,2026-02-18,21:10:12,19.87,95.0,1.0,22.204,120.7
74DA38F7C600,2026-02-18,21:10:13,21.5,51.0,17.0,25.07,121.586
74DA38F20B26,2026-02-18,21:10:20,19.62,100.0,34.0,22.783,120.247
74DA38F7C30E,2026-02-18,21:10:30,15.62,100.0,25.0,24.949,121.382
74DA38F7C616,2026-02-18,21:10:36,15.62,100.0,0.0,25.031,121.563
74DA38F7C31C,2026-02-18,21:10:40,15.25,100.0,2.0,24.93,121.372
74DA38F20D6C,2026-02-18,21:10:41,19.75,74.0,0.0,22.661,120.301
74DA38F20BE4,2026-02-18,21:10:53,15.12,100.0,35.0,24.791,120.957
74DA38F20A78,2026-02-18,21:10:54,15.5,100.0,8.0,22.904,121.124
74DA38F20C22,2026-02-18,21:10:56,19.5,100.0,0.0,22.729,120.357
74DA38F20D1A,2026-02-18,21:10:58,16.12,86.0,0.0,25.078,121.541
74DA38F2113E,2026-02-18,21:11:07,-4.0,0.0,2.0,22.728,120.313
74DA38F20B88,2026-02-18,21:11:21,17.12,100.0,0.0,22.75,120.316
74DA38F7C3B2,2026-02-18,21:11:21,18.75,66.0,17.0,24.929,121.378
74DA38F20DD0,2026-02-18,21:11:24,19.0,100.0,0.0,22.6080258,120.3229833
74DA38F7C4DE,2026-02-18,21:11:24,16.12,100.0,0.0,25.09,121.462
74DA38F7C3D6,2026-02-18,21:11:27,16.0,100.0,0.0,25.045,121.541
74DA38F209A8,2026-02-18,21:11:30,-4.0,0.0,0.0,22.401,120.577
74DA38F20D70,2026-02-18,21:11:35,16.12,100.0,1.0,23.05,121.164
74DA38F7C5E6,2026-02-18,21:11:36,15.87,100.0,17.0,25.107,121.843
74DA38F20AAA,2026-02-18,21:11:40,12.37,100.0,11.0,24.6,120.999
74DA38F20EB2,2026-02-18,21:11:43,13.75,100.0,28.0,24.324,120.835
74DA38F209EE,2026-02-18,21:11:49,19.75,100.0,0.0,23.026,121.33
74DA38F21204,2026-02-18,21:11:49,20.12,100.0,0.0,25.062,121.451
74DA38F7C37C,2026-02-18,21:11:55,14.0,100.0,0.0,25.111,121.856
74DA38F7C39A,2026-02-18,21:11:55,15.75,100.0,0.0,25.002,121.414
74DA38F20A30,2026-02-18,21:11:57,15.75,87.0,0.0,24.948,121.372
74DA38F209F8,2026-02-18,21:12:16,17.0,100.0,0.0,23.157,121.4
74DA38F7C570,2026-02-18,21:12:18,15.62,100.0,0.0,25.239,121.63
74DA38F7C3DE,2026-02-18,21:12:24,16.12,100.0,315.0,24.972,121.537
74DA38F7C464,2026-02-18,21:12:25,14.62,33.0,0.0,25.006,121.413
74DA38ED0630,2026-02-18,21:12:28,18.0,100.0,0.0,23.994,121.594
74DA38F7C3DC,2026-02-18,21:12:40,15.12,100.0,31.0,25.003,121.539
74DA38F7C3BA,2026-02-18,21:12:41,118.87,46.0,124.0,25.174,121.441
74DA38F20AE6,2026-02-18,21:12:45,24.62,100.0,17.0,22.63,120.348
74DA38F7C338,2026-02-18,21:12:49,17.87,94.0,24.0,25.011,121.458
74DA38F7C514,2026-02-18,21:12:50,15.62,100.0,27.0,25.051,121.518
74DA38ED05EA,2026-02-18,21:12:53,15.75,100.0,17.0,23.394,121.357
74DA38F207DE,2026-02-18,21:12:57,19.0,100.0,40.0,22.603,120.34
74DA38ED0640,2026-02-18,21:13:00,14.25,100.0,11.0,23.154,121.266
74DA38F208E2,2026-02-18,21:13:02,15.12,100.0,12.0,24.688,121.766
74DA38F21054,2026-02-18,21:13:02,23.87,63.0,21.0,22.898,120.627
74DA38F20D2E,2026-02-18,21:13:06,15.87,100.0,1.0,25.06,121.545
74DA38F7C562,2026-02-18,21:13:10,15.25,100.0,27.0,25.021,121.418
74DA38F21048,2026-02-18,21:13:15,19.25,100.0,32.0,22.595,120.341
74DA38F7C47C,2026-02-18,21:13:17,16.12,100.0,0.0,25.055,121.455
74DA38F7C53C,2026-02-18,21:13:23,14.62,100.0,0.0,25.11,121.804
74DA38F7C47E,2026-02-18,21:13:39,16.0,100.0,33.0,25.053963,121.427681
74DA38F7C30C,2026-02-18,21:13:47,15.5,99.0,0.0,24.975,121.532
74DA38F20D2A,2026-02-18,21:13:57,16.12,72.0,0.0,25.048,121.573
74DA38ED0454,2026-02-18,21:14:00,18.12,100.0,20.0,24.053,121.599
74DA38ED06E0,2026-02-18,21:14:02,18.25,89.0,0.0,23.601,121.521
74DA38F209A4,2026-02-18,21:14:07,17.0,100.0,0.0,22.702,120.572
74DA38F21136,2026-02-18,21:14:07,15.75,100.0,19.0,25.119,121.505
74DA38F7C5CE,2026-02-18,21:14:16,15.0,89.0,1.0,25.066,121.656
74DA38F20D4C,2026-02-18,21:14:18,17.75,100.0,0.0,22.971,121.303
74DA38F20B80,2026-02-18,21:14:23,17.75,100.0,2.0,22.599,120.35
74DA38F7C29C,2026-02-18,21:14:24,16.25,100.0,24.0,25.02,121.416
74DA38F20D1E,2026-02-18,21:14:25,15.87,100.0,34.0,25.048,121.573
74DA38F7C610,2026-02-18,21:14:26,17.12,81.0,25.0,25.063,121.564
74DA38F210F6,2026-02-18,21:14:28,18.62,100.0,9.0,22.757426,121.158891
74DA38F20E6E,2026-02-18,21:14:29,14.5,92.0,0.0,24.41,120.902
74DA38F20976,2026-02-18,21:14:31,15.87,91.0,28.0,25.127,121.746
74DA38F209DE,2026-02-18,21:14:31,17.37,100.0,0.0,24.861,120.964
74DA38F7C27E,2026-02-18,21:14:34,16.37,94.0,28.0,25.053,121.444
74DA38F210A2,2026-02-18,21:14:38,15.87,100.0,7.0,25.12,121.466
74DA38ED05B6,2026-02-18,21:14:47,15.87,100.0,25.0,23.43,121.348
74DA38F7C41E,2026-02-18,21:14:48,16.62,76.0,23.0,25.054,121.517
74DA38F20B5C,2026-02-18,21:14:49,-4.0,0.0,42.0,22.798,120.293
74DA38F7C5BE,2026-02-18,21:14:50,16.5,81.0,29.0,25.092,121.523
74DA38F20BCA,2026-02-18,21:14:57,15.37,99.0,0.0,25.079,121.58
74DA38F7C4CC,2026-02-18,21:14:58,15.75,100.0,16.0,25.062,121.451
74DA38ED059C,2026-02-18,21:15:06,15.5,100.0,23.0,23.706,121.412
74DA38ED04F2,2026-02-18,21:15:07,16.5,100.0,9.0,23.468,121.496
74DA38F20E9E,2026-02-18,21:15:09,14.87,100.0,11.0,24.648,121.151
74DA38F20D16,2026-02-18,21:15:11,16.25,100.0,30.0,25.062,121.526
74DA38F20F0A,2026-02-18,21:15:16,18.25,100.0,22.0,22.995,120.635
74DA38F7C260,2026-02-18,21:15:16,15.25,100.0,0.0,25.065,121.425
74DA38F20DE0,2026-02-18,21:15:21,21.25,100.0,0.0,22.589,120.328
74DA38F210E4,2026-02-18,21:15:27,17.62,100.0,19.0,23.24,120.696
74DA38F20DC0,2026-02-18,21:15:28,18.0,100.0,0.0,22.711,120.295
74DA38F20C26,2026-02-18,21:15:30,20.87,72.0,32.0,22.676,120.342
74DA38F21024,2026-02-18,21:15:31,16.25,100.0,0.0,24.93,121.036
74DA38F7C59C,2026-02-18,21:15:34,15.75,78.0,33.0,25.103,121.487
74DA38F2104E,2026-02-18,21:15:39,18.12,100.0,31.0,23.108,120.7
74DA38F209B2,2026-02-18,21:15:42,20.25,100.0,1.0,22.363,120.599
74DA38F20E34,2026-02-18,21:15:46,20.25,72.0,23.0,22.586,120.313
74DA38F7C524,2026-02-18,21:16:00,14.25,100.0,61.0,25.002,121.552
74DA38F7C366,2026-02-18,21:16:04,15.5,100.0,15.0,25.002,121.516
74DA38F21088,2026-02-18,21:16:06,15.62,100.0,0.0,25.068,121.588
74DA38F7C566,2026-02-18,21:16:13,16.75,100.0,0.0,25.051,121.448
74DA38F2118E,2026-02-18,21:16:16,11.0,100.0,64.0,26.148,119.935
74DA38F7C560,2026-02-18,21:16:22,15.37,100.0,0.0,25.079,121.671
74DA38F7C40C,2026-02-18,21:16:23,15.37,100.0,0.0,24.995,121.52
74DA38F20902,2026-02-18,21:16:24,19.75,95.0,1.0,22.204,120.7
74DA38F7C600,2026-02-18,21:16:26,21.37,50.0,17.0,25.07,121.586
74DA38F7C63C,2026-02-18,21:16:27,85.25,100.0,18.0,24.998,121.425
74DA38F7C30E,2026-02-18,21:16:46,15.5,100.0,26.0,24.949,121.382
74DA38F7C616,2026-02-18,21:16:50,15.62,100.0,0.0,25.031,121.563
74DA38F20A78,2026-02-18,21:17:06,15.62,100.0,8.0,22.904,121.124
74DA38F20BE4,2026-02-18,21:17:09,15.25,100.0,36.0,24.791,120.957
74DA38F7C31C,2026-02-18,21:17:16,15.25,100.0,3.0,24.93,121.372
74DA38F20D1A,2026-02-18,21:17:33,16.12,86.0,0.0,25.078,121.541
74DA38F20C22,2026-02-18,21:17:34,19.25,100.0,0.0,22.729,120.357
74DA38F7C3B2,2026-02-18,21:17:34,18.75,67.0,18.0,24.929,121.378
74DA38F7C4DE,2026-02-18,21:17:43,16.0,100.0,0.0,25.09,121.462
74DA38F20D70,2026-02-18,21:17:49,16.25,100.0,2.0,23.05,121.164
74DA38F20AAA,2026-02-18,21:17:56,12.5,100.0,11.0,24.6,120.999
74DA38F20BD0,2026-02-18,21:17:56,-4.0,0.0,27.0,22.688,120.408
74DA38F20B88,2026-02-18,21:17:57,17.12,100.0,0.0,22.75,120.316
74DA38F7C5E6,2026-02-18,21:17:58,15.75,100.0,17.0,25.107,121.843
74DA38F209EE,2026-02-18,21:18:04,19.75,100.0,0.0,23.026,121.33
74DA38F20DD0,2026-02-18,21:18:05,18.87,100.0,0.0,22.6080258,120.3229833
74DA38F7C3D6,2026-02-18,21:18:06,16.0,100.0,0.0,25.045,121.541
74DA38F21204,2026-02-18,21:18:12,20.0,100.0,0.0,25.062,121.451
74DA38F20EB2,2026-02-18,21:18:13,13.5,100.0,28.0,24.324,120.835
74DA38F7C3DE,2026-02-18,21:18:32,16.0,100.0,303.0,24.972,121.537
74DA38F2113E,2026-02-18,21:18:34,-4.0,0.0,2.0,22.728,120.313
74DA38F7C39A,2026-02-18,21:18:34,15.75,100.0,0.0,25.002,121.414
74DA38F20A30,2026-02-18,21:18:35,15.75,88.0,1.0,24.948,121.372
74DA38F7C37C,2026-02-18,21:18:35,13.87,100.0,0.0,25.111,121.856
74DA38F20B82,2026-02-18,21:18:48,-4.0,0.0,2.0,22.847,120.465
74DA38F7C3BA,2026-02-18,21:18:51,118.87,46.0,127.0,25.174,121.441
74DA38F209F8,2026-02-18,21:18:52,16.87,100.0,0.0,23.157,121.4
74DA38F7C570,2026-02-18,21:18:53,15.62,100.0,0.0,25.239,121.63
74DA38F7C3DC,2026-02-18,21:18:56,15.0,100.0,33.0,25.003,121.539
74DA38F20AE6,2026-02-18,21:18:59,24.62,100.0,17.0,22.63,120.348
74DA38F7C464,2026-02-18,21:19:01,14.62,33.0,0.0,25.006,121.413
74DA38F7C514,2026-02-18,21:19:05,15.62,100.0,26.0,25.051,121.518
74DA38ED05EA,2026-02-18,21:19:07,15.62,100.0,18.0,23.394,121.357
74DA38ED0630,2026-02-18,21:19:11,18.12,100.0,0.0,23.994,121.594
74DA38ED0640,2026-02-18,21:19:13,14.25,100.0,12.0,23.154,121.266
74DA38F208E2,2026-02-18,21:19:14,15.12,100.0,12.0,24.688,121.766
74DA38F21054,2026-02-18,21:19:17,23.87,63.0,22.0,22.898,120.627
74DA38F207DE,2026-02-18,21:19:18,19.0,100.0,44.0,22.603,120.34
74DA38F7C47C,2026-02-18,21:19:31,16.12,100.0,0.0,25.055,121.455
74DA38F7C562,2026-02-18,21:19:37,15.25,100.0,26.0,25.021,121.418
74DA38F20D2E,2026-02-18,21:19:42,15.75,100.0,1.0,25.06,121.545
74DA38F21048,2026-02-18,21:19:52,19.0,100.0,30.0,22.595,120.341
74DA38F7C47E,2026-02-18,21:19:55,15.75,100.0,32.0,25.053963,121.427681
74DA38F7C53C,2026-02-18,21:19:56,14.75,100.0,0.0,25.11,121.804
74DA38ED0454,2026-02-18,21:20:15,18.25,100.0,12.0,24.053,121.599
74DA38ED06E0,2026-02-18,21:20:15,18.25,90.0,0.0,23.601,121.521
74DA38F21136,2026-02-18,21:20:18,15.75,100.0,17.0,25.119,121.505
74DA38F20D2A,2026-02-18,21:20:27,16.12,72.0,0.0,25.048,121.573
74DA38F7C30C,2026-02-18,21:20:29,15.5,99.0,0.0,24.975,121.532
74DA38F20E6E,2026-02-18,21:20:34,14.62,92.0,0.0,24.41,120.902
74DA38F210F6,2026-02-18,21:20:36,18.62,100.0,9.0,22.757426,121.158891
74DA38F7C610,2026-02-18,21:20:36,17.25,81.0,24.0,25.063,121.564
74DA38F7C29C,2026-02-18,21:20:37,16.25,100.0,23.0,25.02,121.416
74DA38F209A4,2026-02-18,21:20:40,17.12,100.0,0.0,22.702,120.572
74DA38F20AA4,2026-02-18,21:20:40,22.62,90.0,26.0,22.685,120.492
74DA38F20976,2026-02-18,21:20:44,15.87,90.0,27.0,25.127,121.746
74DA38F20D1E,2026-02-18,21:20:44,15.87,100.0,33.0,25.048,121.573
74DA38F7C27E,2026-02-18,21:20:46,16.37,94.0,28.0,25.053,121.444
74DA38F7C5CE,2026-02-18,21:20:47,15.0,89.0,0.0,25.066,121.656
74DA38F210A2,2026-02-18,21:20:48,16.0,100.0,6.0,25.12,121.466
74DA38F20D4C,2026-02-18,21:20:49,17.62,100.0,0.0,22.971,121.303
74DA38F20B80,2026-02-18,21:20:52,17.62,100.0,1.0,22.599,120.35
74DA38ED05B6,2026-02-18,21:20:59,15.75,100.0,23.0,23.43,121.348
74DA38F7C41E,2026-02-18,21:21:00,16.62,76.0,24.0,25.054,121.517
74DA38F209DE,2026-02-18,21:21:02,17.37,100.0,0.0,24.861,120.964
74DA38F7C5BE,2026-02-18,21:21:04,16.5,80.0,28.0,25.092,121.523
74DA38F7C4CC,2026-02-18,21:21:09,15.75,100.0,19.0,25.062,121.451
74DA38F209A8,2026-02-18,21:21:10,-4.0,0.0,0.0,22.401,120.577
74DA38F20E9E,2026-02-18,21:21:17,14.87,100.0,11.0,24.648,121.151
74DA38ED059C,2026-02-18,21:21:18,15.37,100.0,25.0,23.706,121.412
74DA38ED04F2,2026-02-18,21:21:23,16.5,100.0,8.0,23.468,121.496
74DA38F20D16,2026-02-18,21:21:24,16.25,100.0,30.0,25.062,121.526
74DA38F20BCA,2026-02-18,21:21:27,15.37,99.0,0.0,25.079,121.58
74DA38F20F0A,2026-02-18,21:21:30,18.25,100.0,23.0,22.995,120.635
74DA38F210E4,2026-02-18,21:21:37,17.87,100.0,18.0,23.24,120.696
74DA38F7C59C,2026-02-18,21:21:44,15.75,78.0,32.0,25.103,121.487
74DA38F20C26,2026-02-18,21:21:47,20.62,72.0,32.0,22.676,120.342
74DA38F7C260,2026-02-18,21:21:47,15.37,100.0,0.0,25.065,121.425
74DA38F20DE0,2026-02-18,21:21:51,21.12,100.0,0.0,22.589,120.328
74DA38F2104E,2026-02-18,21:21:54,18.12,100.0,31.0,23.108,120.7
74DA38F20E34,2026-02-18,21:22:01,20.25,72.0,24.0,22.586,120.313
74DA38F21024,2026-02-18,21:22:05,16.37,100.0,0.0,24.93,121.036
74DA38F209B2,2026-02-18,21:22:20,20.25,100.0,0.0,22.363,120.599
74DA38F7C366,2026-02-18,21:22:20,15.5,100.0,14.0,25.002,121.516
74DA38F20902,2026-02-18,21:22:42,19.87,95.0,1.0,22.204,120.7
74DA38F7C40C,2026-02-18,21:22:42,15.5,100.0,0.0,24.995,121.52
74DA38F7C600,2026-02-18,21:22:46,21.37,49.0,17.0,25.07,121.586
74DA38F7C63C,2026-02-18,21:22:47,85.25,100.0,16.0,24.998,121.425
74DA38F21088,2026-02-18,21:22:48,15.75,100.0,0.0,25.068,121.588
74DA38F7C524,2026-02-18,21:22:48,14.25,100.0,61.0,25.002,121.552
74DA38F7C566,2026-02-18,21:22:54,16.75,100.0,0.0,25.051,121.448
74DA38F7C560,2026-02-18,21:23:00,15.37,100.0,0.0,25.079,121.671
74DA38F2118E,2026-02-18,21:23:02,10.87,100.0,63.0,26.148,119.935
74DA38F7C616,2026-02-18,21:23:07,15.62,100.0,0.0,25.031,121.563
74DA38F7C30E,2026-02-18,21:23:10,15.62,100.0,26.0,24.949,121.382
74DA38F20A78,2026-02-18,21:23:20,15.62,100.0,8.0,22.904,121.124
74DA38F20BE4,2026-02-18,21:23:27,15.25,100.0,36.0,24.791,120.957
74DA38F20B26,2026-02-18,21:23:29,19.5,100.0,34.0,22.783,120.247
74DA38F7C3B2,2026-02-18,21:23:53,18.75,67.0,19.0,24.929,121.378
74DA38F7C31C,2026-02-18,21:23:56,15.25,100.0,2.0,24.93,121.372
74DA38F20D70,2026-02-18,21:24:03,16.12,100.0,2.0,23.05,121.164
74DA38F7C4DE,2026-02-18,21:24:05,15.87,100.0,0.0,25.09,121.462
74DA38F20D1A,2026-02-18,21:24:07,16.25,86.0,0.0,25.078,121.541
74DA38F20AAA,2026-02-18,21:24:10,12.37,100.0,12.0,24.6,120.999
74DA38F20C22,2026-02-18,21:24:10,19.37,100.0,0.0,22.729,120.357
74DA38F209EE,2026-02-18,21:24:15,19.75,100.0,0.0,23.026,121.33
74DA38F20B5C,2026-02-18,21:24:18,-4.0,0.0,41.0,22.798,120.293
74DA38F7C5E6,2026-02-18,21:24:25,15.87,100.0,16.0,25.107,121.843
74DA38F20EB2,2026-02-18,21:24:28,13.25,100.0,27.0,24.324,120.835
74DA38F21204,2026-02-18,21:24:31,19.87,100.0,0.0,25.062,121.451
74DA38F20B88,2026-02-18,21:24:33,17.25,100.0,0.0,22.75,120.316
74DA38F7C3DE,2026-02-18,21:24:35,16.12,100.0,296.0,24.972,121.537
74DA38F20DD0,2026-02-18,21:24:40,18.87,100.0,0.0,22.6080258,120.3229833
74DA38F7C3D6,2026-02-18,21:24:42,16.0,100.0,0.0,25.045,121.541
74DA38F7C3BA,2026-02-18,21:25:03,118.87,46.0,120.0,25.174,121.441
74DA38F7C39A,2026-02-18,21:25:09,15.75,100.0,1.0,25.002,121.414
74DA38F7C3DC,2026-02-18,21:25:11,15.12,100.0,32.0,25.003,121.539
74DA38F20A30,2026-02-18,21:25:12,15.75,88.0,1.0,24.948,121.372
74DA38F20AE6,2026-02-18,21:25:13,24.62,100.0,16.0,22.63,120.348
74DA38F7C37C,2026-02-18,21:25:13,13.87,100.0,0.0,25.111,121.856
74DA38F7C514,2026-02-18,21:25:23,15.75,100.0,27.0,25.051,121.518
74DA38ED05EA,2026-02-18,21:25:26,15.87,100.0,17.0,23.394,121.357
74DA38F208E2,2026-02-18,21:25:26,15.25,100.0,12.0,24.688,121.766
74DA38F209F8,2026-02-18,21:25:27,16.75,100.0,0.0,23.157,121.4
74DA38F7C570,2026-02-18,21:25:27,15.75,100.0,0.0,25.239,121.63
74DA38ED0640,2026-02-18,21:25:28,14.25,100.0,12.0,23.154,121.266
74DA38F21054,2026-02-18,21:25:30,23.75,63.0,20.0,22.898,120.627
74DA38F7C464,2026-02-18,21:25:37,14.62,32.0,1.0,25.006,121.413
74DA38F207DE,2026-02-18,21:25:45,18.87,100.0,42.0,22.603,120.34
74DA38F7C47C,2026-02-18,21:25:46,16.25,100.0,0.0,25.055,121.455
74DA38ED0630,2026-02-18,21:25:47,18.12,100.0,0.0,23.994,121.594
74DA38F2113E,2026-02-18,21:25:58,-4.0,0.0,4.0,22.728,120.313
74DA38F7C47E,2026-02-18,21:26:21,15.87,100.0,30.0,25.053963,121.427681
74DA38F7C5A0,2026-02-18,21:26:21,15.87,92.0,0.0,25.107,121.518
74DA38F20D2E,2026-02-18,21:26:23,15.87,100.0,0.0,25.06,121.545
74DA38F21048,2026-02-18,21:26:33,19.0,100.0,31.0,22.595,120.341
74DA38ED06E0,2026-02-18,21:26:37,18.25,90.0,0.0,23.601,121.521
74DA38F21136,2026-02-18,21:26:37,15.75,100.0,18.0,25.119,121.505
74DA38F7C53C,2026-02-18,21:26:37,14.75,100.0,0.0,25.11,121.804
74DA38ED0454,2026-02-18,21:26:38,18.25,100.0,10.0,24.053,121.599
74DA38F20E6E,2026-02-18,21:26:48,14.37,92.0,0.0,24.41,120.902
74DA38F210F6,2026-02-18,21:26:54,18.5,100.0,8.0,22.757426,121.158891
74DA38F7C29C,2026-02-18,21:26:58,16.25,100.0,23.0,25.02,121.416
74DA38F7C610,2026-02-18,21:26:58,17.25,81.0,24.0,25.063,121.564
74DA38F20976,2026-02-18,21:27:04,15.87,91.0,27.0,25.127,121.746
74DA38F20D1E,2026-02-18,21:27:07,16.0,100.0,33.0,25.048,121.573
74DA38F20D2A,2026-02-18,21:27:08,16.25,72.0,1.0,25.048,121.573
74DA38F209A4,2026-02-18,21:27:16,17.5,100.0,0.0,22.702,120.572
74DA38F7C41E,2026-02-18,21:27:16,16.62,76.0,23.0,25.054,121.517
74DA38F7C5BE,2026-02-18,21:27:21,16.5,81.0,29.0,25.092,121.523
74DA38F7C5CE,2026-02-18,21:27:23,15.0,90.0,1.0,25.066,121.656
74DA38F20D4C,2026-02-18,21:27:24,17.62,100.0,0.0,22.971,121.303
74DA38F7C4CC,2026-02-18,21:27:25,15.87,100.0,19.0,25.062,121.451
74DA38F20B80,2026-02-18,21:27:28,17.75,100.0,0.0,22.599,120.35
74DA38F20E9E,2026-02-18,21:27:29,14.87,100.0,11.0,24.648,121.151
74DA38F209DE,2026-02-18,21:27:38,17.37,100.0,0.0,24.861,120.964
74DA38ED059C,2026-02-18,21:27:39,15.37,100.0,23.0,23.706,121.412
74DA38ED04F2,2026-02-18,21:27:41,16.5,100.0,9.0,23.468,121.496
74DA38F20D16,2026-02-18,21:27:41,16.12,100.0,30.0,25.062,121.526
74DA38F20F0A,2026-02-18,21:27:49,18.37,100.0,20.0,22.995,120.635
74DA38F210E4,2026-02-18,21:27:54,18.12,100.0,18.0,23.24,120.696
74DA38F7C59C,2026-02-18,21:27:59,15.62,79.0,33.0,25.103,121.487
74DA38F20BCA,2026-02-18,21:28:04,15.37,99.0,1.0,25.079,121.58
74DA38F20C26,2026-02-18,21:28:07,20.62,72.0,32.0,22.676,120.342
74DA38F2104E,2026-02-18,21:28:12,18.25,100.0,31.0,23.108,120.7
74DA38F20E34,2026-02-18,21:28:23,20.12,72.0,24.0,22.586,120.313
74DA38F20B82,2026-02-18,21:28:27,-4.0,0.0,2.0,22.847,120.465
74DA38F20DE0,2026-02-18,21:28:27,21.0,100.0,1.0,22.589,120.328
74DA38F7C260,2026-02-18,21:28:28,15.37,100.0,1.0,25.065,121.425
74DA38F20BD0,2026-02-18,21:28:35,-4.0,0.0,27.0,22.688,120.408
74DA38F7C366,2026-02-18,21:28:35,15.5,100.0,14.0,25.002,121.516
74DA38F21024,2026-02-18,21:28:40,16.25,100.0,0.0,24.93,121.036
74DA38F20902,2026-02-18,21:28:53,19.87,95.0,1.0,22.204,120.7
74DA38F209B2,2026-02-18,21:28:54,20.25,100.0,0.0,22.363,120.599
74DA38F20DC0,2026-02-18,21:28:55,17.75,100.0,6.0,22.711,120.295
74DA38F7C40C,2026-02-18,21:28:56,15.5,100.0,0.0,24.995,121.52
74DA38F7C600,2026-02-18,21:28:58,21.25,52.0,17.0,25.07,121.586
74DA38F7C63C,2026-02-18,21:29:02,85.25,100.0,18.0,24.998,121.425
74DA38F7C616,2026-02-18,21:29:21,15.62,100.0,0.0,25.031,121.563
74DA38F21088,2026-02-18,21:29:24,15.75,100.0,0.0,25.068,121.588
74DA38F7C524,2026-02-18,21:29:29,14.37,100.0,62.0,25.002,121.552
74DA38F7C566,2026-02-18,21:29:29,16.75,100.0,0.0,25.051,121.448
74DA38F20A78,2026-02-18,21:29:32,15.5,100.0,9.0,22.904,121.124
74DA38F7C560,2026-02-18,21:29:36,15.37,100.0,0.0,25.079,121.671
74DA38F20BE4,2026-02-18,21:29:43,15.25,100.0,36.0,24.791,120.957
74DA38F7C30E,2026-02-18,21:29:47,15.62,100.0,26.0,24.949,121.382
74DA38F2118E,2026-02-18,21:29:48,10.87,100.0,65.0,26.148,119.935
74DA38F7C3B2,2026-02-18,21:30:08,18.75,67.0,19.0,24.929,121.378
74DA38F20D70,2026-02-18,21:30:17,16.12,100.0,2.0,23.05,121.164
74DA38F20AAA,2026-02-18,21:30:26,12.5,100.0,11.0,24.6,120.999
74DA38F20B26,2026-02-18,21:30:26,19.5,100.0,34.0,22.783,120.247
74DA38F209EE,2026-02-18,21:30:32,19.75,100.0,0.0,23.026,121.33
74DA38F7C31C,2026-02-18,21:30:41,15.25,100.0,2.0,24.93,121.372
74DA38F7C3DE,2026-02-18,21:30:44,16.25,100.0,302.0,24.972,121.537
74DA38F20D1A,2026-02-18,21:30:47,16.25,85.0,0.0,25.078,121.541
74DA38F7C5E6,2026-02-18,21:30:48,15.87,100.0,16.0,25.107,121.843
74DA38F21204,2026-02-18,21:30:50,19.87,100.0,0.0,25.062,121.451
74DA38F20EB2,2026-02-18,21:30:51,12.87,100.0,30.0,24.324,120.835
74DA38F20C22,2026-02-18,21:30:53,19.0,100.0,1.0,22.729,120.357
74DA38F209A8,2026-02-18,21:31:00,-4.0,0.0,1.0,22.401,120.577
74DA38F20B88,2026-02-18,21:31:15,17.37,100.0,0.0,22.75,120.316
74DA38F7C3BA,2026-02-18,21:31:17,118.87,46.0,119.0,25.174,121.441
74DA38F20DD0,2026-02-18,21:31:20,18.87,100.0,1.0,22.6080258,120.3229833
74DA38F7C3D6,2026-02-18,21:31:23,16.0,100.0,0.0,25.045,121.541
74DA38F20AE6,2026-02-18,21:31:28,24.62,100.0,17.0,22.63,120.348
74DA38F7C3DC,2026-02-18,21:31:29,15.25,100.0,31.0,25.003,121.539
74DA38F208E2,2026-02-18,21:31:39,15.12,100.0,13.0,24.688,121.766
74DA38F7C514,2026-02-18,21:31:40,15.5,100.0,27.0,25.051,121.518
74DA38F21054,2026-02-18,21:31:43,23.87,63.0,20.0,22.898,120.627
74DA38ED05EA,2026-02-18,21:31:44,16.0,100.0,17.0,23.394,121.357
74DA38ED0640,2026-02-18,21:31:44,14.25,100.0,12.0,23.154,121.266
74DA38F7C39A,2026-02-18,21:31:46,15.75,100.0,0.0,25.002,121.414
74DA38F20A30,2026-02-18,21:31:47,15.75,88.0,0.0,24.948,121.372
74DA38F7C37C,2026-02-18,21:31:47,13.87,100.0,0.0,25.111,121.856
74DA38F209F8,2026-02-18,21:32:01,16.75,100.0,0.0,23.157,121.4
74DA38F7C47C,2026-02-18,21:32:02,16.25,100.0,0.0,25.055,121.455
74DA38F207DE,2026-02-18,21:32:03,19.0,100.0,41.0,22.603,120.34
74DA38F7C570,2026-02-18,21:32:03,15.62,100.0,0.0,25.239,121.63
74DA38F7C464,2026-02-18,21:32:18,14.62,32.0,0.0,25.006,121.413
74DA38ED0630,2026-02-18,21:32:22,18.0,100.0,0.0,23.994,121.594
74DA38F7C338,2026-02-18,21:32:33,18.0,95.0,24.0,25.011,121.458
74DA38F7C47E,2026-02-18,21:32:39,15.87,100.0,32.0,25.053963,121.427681
74DA38F7C562,2026-02-18,21:32:47,15.37,100.0,28.0,25.021,121.418
74DA38F21136,2026-02-18,21:32:51,15.87,100.0,18.0,25.119,121.505
74DA38ED06E0,2026-02-18,21:32:54,18.37,91.0,0.0,23.601,121.521
74DA38F20E6E,2026-02-18,21:32:55,14.37,93.0,0.0,24.41,120.902
74DA38F20D2E,2026-02-18,21:32:56,15.87,100.0,0.0,25.06,121.545
74DA38F210F6,2026-02-18,21:33:05,18.5,100.0,7.0,22.757426,121.158891
74DA38F7C53C,2026-02-18,21:33:11,14.75,100.0,0.0,25.11,121.804
74DA38F7C29C,2026-02-18,21:33:12,16.12,100.0,24.0,25.02,121.416
74DA38F21048,2026-02-18,21:33:13,19.0,100.0,33.0,22.595,120.341
74DA38F7C610,2026-02-18,21:33:13,17.25,81.0,24.0,25.063,121.564
74DA38F210A2,2026-02-18,21:33:18,16.12,100.0,6.0,25.12,121.466
74DA38F20976,2026-02-18,21:33:20,15.87,91.0,26.0,25.127,121.746
74DA38F7C27E,2026-02-18,21:33:21,16.37,94.0,27.0,25.053,121.444
74DA38F20AA4,2026-02-18,21:33:23,22.62,90.0,28.0,22.685,120.492
74DA38F2113E,2026-02-18,21:33:23,-4.0,0.0,8.0,22.728,120.313
74DA38F7C5A0,2026-02-18,21:33:32,15.75,92.0,1.0,25.107,121.518
74DA38F7C30C,2026-02-18,21:33:33,15.62,100.0,0.0,24.975,121.532
74DA38F7C41E,2026-02-18,21:33:34,16.62,76.0,23.0,25.054,121.517
74DA38F20D1E,2026-02-18,21:33:38,15.87,100.0,33.0,25.048,121.573
74DA38F7C4CC,2026-02-18,21:33:40,15.75,100.0,18.0,25.062,121.451
74DA38F7C5BE,2026-02-18,21:33:41,16.5,81.0,29.0,25.092,121.523
74DA38F20E9E,2026-02-18,21:33:42,14.87,100.0,12.0,24.648,121.151
74DA38F20D2A,2026-02-18,21:33:43,16.25,72.0,0.0,25.048,121.573
74DA38F209A4,2026-02-18,21:33:50,17.62,100.0,0.0,22.702,120.572
74DA38F20B5C,2026-02-18,21:33:52,-4.0,0.0,42.0,22.798,120.293
74DA38ED04F2,2026-02-18,21:33:54,16.5,100.0,9.0,23.468,121.496
74DA38ED059C,2026-02-18,21:33:54,15.12,100.0,25.0,23.706,121.412
74DA38F20D16,2026-02-18,21:33:58,16.12,100.0,30.0,25.062,121.526
74DA38F20D4C,2026-02-18,21:33:58,17.62,100.0,0.0,22.971,121.303
74DA38F7C5CE,2026-02-18,21:33:58,15.0,90.0,0.0,25.066,121.656
74DA38F20B80,2026-02-18,21:34:03,17.87,100.0,2.0,22.599,120.35
74DA38F20F0A,2026-02-18,21:34:03,18.37,100.0,19.0,22.995,120.635
74DA38F210E4,2026-02-18,21:34:09,18.12,100.0,18.0,23.24,120.696
74DA38F209DE,2026-02-18,21:34:13,17.37,100.0,0.0,24.861,120.964
74DA38F7C59C,2026-02-18,21:34:19,15.62,78.0,33.0,25.103,121.487
74DA38F20C26,2026-02-18,21:34:25,20.5,73.0,33.0,22.676,120.342
74DA38F2104E,2026-02-18,21:34:30,18.25,100.0,31.0,23.108,120.7
74DA38F20E34,2026-02-18,21:34:44,19.87,72.0,25.0,22.586,120.313
74DA38F20BCA,2026-02-18,21:34:47,15.37,99.0,4.0,25.079,121.58
74DA38F7C366,2026-02-18,21:34:54,15.5,100.0,14.0,25.002,121.516
74DA38F20DE0,2026-02-18,21:35:08,20.87,100.0,1.0,22.589,120.328
74DA38F20902,2026-02-18,21:35:11,19.87,95.0,1.0,22.204,120.7
74DA38F7C260,2026-02-18,21:35:12,15.37,100.0,0.0,25.065,121.425
74DA38F7C40C,2026-02-18,21:35:15,15.5,100.0,0.0,24.995,121.52
74DA38F21024,2026-02-18,21:35:21,16.25,100.0,0.0,24.93,121.036
74DA38F7C63C,2026-02-18,21:35:22,85.25,100.0,18.0,24.998,121.425
74DA38F209B2,2026-02-18,21:35:34,20.37,100.0,0.0,22.363,120.599
74DA38F20DC0,2026-02-18,21:35:44,17.75,100.0,2.0,22.711,120.295
74DA38F20A78,2026-02-18,21:35:48,15.37,100.0,10.0,22.904,121.124
74DA38F7C616,2026-02-18,21:35:59,15.75,100.0,0.0,25.031,121.563
74DA38F20BE4,2026-02-18,21:36:00,15.25,100.0,36.0,24.791,120.957
74DA38F21088,2026-02-18,21:36:00,15.75,100.0,0.0,25.068,121.588
74DA38F7C30E,2026-02-18,21:36:03,15.62,100.0,25.0,24.949,121.382
74DA38F7C566,2026-02-18,21:36:05,16.75,100.0,0.0,25.051,121.448
74DA38F7C560,2026-02-18,21:36:12,15.37,100.0,0.0,25.079,121.671
74DA38F7C524,2026-02-18,21:36:16,14.37,100.0,62.0,25.002,121.552
74DA38F7C3B2,2026-02-18,21:36:24,18.75,67.0,19.0,24.929,121.378
74DA38F20D70,2026-02-18,21:36:30,16.12,100.0,1.0,23.05,121.164
74DA38F2118E,2026-02-18,21:36:33,10.87,100.0,65.0,26.148,119.935
74DA38F20AAA,2026-02-18,21:36:39,12.5,100.0,12.0,24.6,120.999
74DA38F209EE,2026-02-18,21:36:43,19.5,100.0,0.0,23.026,121.33
74DA38F7C3DE,2026-02-18,21:36:47,16.12,100.0,308.0,24.972,121.537
74DA38F21204,2026-02-18,21:37:03,19.87,100.0,0.0,25.062,121.451
74DA38F7C5E6,2026-02-18,21:37:03,15.75,100.0,16.0,25.107,121.843
74DA38F20EB2,2026-02-18,21:37:10,12.62,100.0,31.0,24.324,120.835
74DA38F7C31C,2026-02-18,21:37:17,15.37,100.0,2.0,24.93,121.372
74DA38F7C4DE,2026-02-18,21:37:18,15.87,100.0,0.0,25.09,121.462
74DA38F7C3BA,2026-02-18,21:37:23,118.87,46.0,130.0,25.174,121.441
74DA38F20D1A,2026-02-18,21:37:24,16.25,85.0,0.0,25.078,121.541
74DA38F20C22,2026-02-18,21:37:30,18.62,100.0,2.0,22.729,120.357
74DA38F20AE6,2026-02-18,21:37:42,24.62,100.0,17.0,22.63,120.348
74DA38F7C3DC,2026-02-18,21:37:47,15.25,100.0,32.0,25.003,121.539
74DA38F20B88,2026-02-18,21:37:50,17.25,100.0,0.0,22.75,120.316
74DA38F208E2,2026-02-18,21:37:51,15.25,100.0,16.0,24.688,121.766
74DA38F7C514,2026-02-18,21:37:56,15.5,100.0,26.0,25.051,121.518
74DA38F20DD0,2026-02-18,21:37:57,18.75,100.0,1.0,22.6080258,120.3229833
74DA38F21054,2026-02-18,21:37:58,23.87,64.0,21.0,22.898,120.627
74DA38F7C3D6,2026-02-18,21:37:58,16.0,100.0,0.0,25.045,121.541
74DA38ED05EA,2026-02-18,21:38:01,15.87,100.0,17.0,23.394,121.357
74DA38ED0640,2026-02-18,21:38:02,14.25,100.0,11.0,23.154,121.266
74DA38F20B82,2026-02-18,21:38:07,-4.0,0.0,3.0,22.847,120.465
74DA38F7C47C,2026-02-18,21:38:17,16.25,100.0,0.0,25.055,121.455
74DA38F207DE,2026-02-18,21:38:19,19.0,100.0,41.0,22.603,120.34
74DA38F7C39A,2026-02-18,21:38:20,15.75,100.0,1.0,25.002,121.414
74DA38F7C37C,2026-02-18,21:38:23,14.0,100.0,1.0,25.111,121.856
74DA38F20A30,2026-02-18,21:38:25,15.75,88.0,0.0,24.948,121.372
74DA38F209F8,2026-02-18,21:38:35,16.62,100.0,0.0,23.157,121.4
74DA38F7C570,2026-02-18,21:38:37,15.75,100.0,0.0,25.239,121.63
74DA38F7C464,2026-02-18,21:38:57,14.62,32.0,0.0,25.006,121.413
74DA38F7C47E,2026-02-18,21:38:59,15.87,100.0,32.0,25.053963,121.427681
74DA38ED0630,2026-02-18,21:39:02,18.12,100.0,0.0,23.994,121.594
74DA38F20E6E,2026-02-18,21:39:07,14.5,92.0,0.0,24.41,120.902
74DA38F21136,2026-02-18,21:39:08,15.87,100.0,18.0,25.119,121.505
74DA38ED06E0,2026-02-18,21:39:17,18.37,91.0,0.0,23.601,121.521
74DA38F20BD0,2026-02-18,21:39:19,-4.0,0.0,25.0,22.688,120.408
74DA38F210F6,2026-02-18,21:39:22,18.5,100.0,8.0,22.757426,121.158891
74DA38F7C562,2026-02-18,21:39:22,15.37,100.0,27.0,25.021,121.418
74DA38ED0454,2026-02-18,21:39:33,18.12,100.0,13.0,24.053,121.599
74DA38F7C29C,2026-02-18,21:39:34,16.25,100.0,24.0,25.02,121.416
74DA38F7C610,2026-02-18,21:39:34,17.37,81.0,25.0,25.063,121.564
74DA38F20D2E,2026-02-18,21:39:37,15.87,100.0,0.0,25.06,121.545
74DA38F210A2,2026-02-18,21:39:37,16.12,100.0,7.0,25.12,121.466
74DA38F20976,2026-02-18,21:39:43,16.0,92.0,26.0,25.127,121.746
74DA38F7C27E,2026-02-18,21:39:43,16.37,94.0,27.0,25.053,121.444
74DA38ED05B6,2026-02-18,21:39:50,15.75,100.0,24.0,23.43,121.348
74DA38F20AA4,2026-02-18,21:39:52,22.75,90.0,28.0,22.685,120.492
74DA38F7C53C,2026-02-18,21:39:52,14.75,100.0,1.0,25.11,121.804
74DA38F7C41E,2026-02-18,21:39:55,16.62,76.0,23.0,25.054,121.517
74DA38F20E9E,2026-02-18,21:39:56,14.87,100.0,12.0,24.648,121.151
74DA38F21048,2026-02-18,21:39:56,18.75,100.0,32.0,22.595,120.341
74DA38F7C4CC,2026-02-18,21:39:57,15.75,100.0,18.0,25.062,121.451
74DA38F7C30C,2026-02-18,21:39:59,15.62,100.0,0.0,24.975,121.532
74DA38F20D1E,2026-02-18,21:40:10,15.87,100.0,33.0,25.048,121.573
74DA38ED04F2,2026-02-18,21:40:11,16.5,100.0,9.0,23.468,121.496
74DA38ED059C,2026-02-18,21:40:12,14.87,100.0,26.0,23.706,121.412
74DA38F20D16,2026-02-18,21:40:17,16.25,100.0,30.0,25.062,121.526
74DA38F20F0A,2026-02-18,21:40:18,18.37,100.0,19.0,22.995,120.635
74DA38F20D2A,2026-02-18,21:40:21,16.25,72.0,0.0,25.048,121.573
74DA38F209A4,2026-02-18,21:40:25,17.5,100.0,0.0,22.702,120.572
74DA38F210E4,2026-02-18,21:40:25,18.12,100.0,21.0,23.24,120.696
74DA38F20D4C,2026-02-18,21:40:33,17.75,100.0,0.0,22.971,121.303
74DA38F7C5CE,2026-02-18,21:40:34,15.0,90.0,2.0,25.066,121.656
74DA38F7C59C,2026-02-18,21:40:36,15.75,78.0,33.0,25.103,121.487
74DA38F20B80,2026-02-18,21:40:39,17.75,100.0,1.0,22.599,120.35
74DA38F20C26,2026-02-18,21:40:44,20.75,72.0,33.0,22.676,120.342
74DA38F209DE,2026-02-18,21:40:47,17.37,100.0,0.0,24.861,120.964
74DA38F209A8,2026-02-18,21:40:49,-4.0,0.0,0.0,22.401,120.577
74DA38F2104E,2026-02-18,21:40:50,18.25,100.0,32.0,23.108,120.7
74DA38F2113E,2026-02-18,21:40:54,-4.0,0.0,12.0,22.728,120.313
74DA38F20E34,2026-02-18,21:41:02,20.0,73.0,24.0,22.586,120.313
74DA38F7C366,2026-02-18,21:41:08,15.5,100.0,16.0,25.002,121.516
74DA38F20902,2026-02-18,21:41:23,19.87,95.0,1.0,22.204,120.7
74DA38F20BCA,2026-02-18,21:41:25,15.37,99.0,1.0,25.079,121.58
74DA38F7C40C,2026-02-18,21:41:28,15.37,100.0,0.0,24.995,121.52
74DA38F7C63C,2026-02-18,21:41:36,85.25,100.0,18.0,24.998,121.425
74DA38F20DE0,2026-02-18,21:41:45,21.0,100.0,2.0,22.589,120.328
74DA38F7C600,2026-02-18,21:41:46,20.62,55.0,17.0,25.07,121.586
74DA38F7C260,2026-02-18,21:41:49,15.37,100.0,0.0,25.065,121.425
74DA38F21024,2026-02-18,21:41:55,16.25,100.0,0.0,24.93,121.036
74DA38F20A78,2026-02-18,21:42:03,15.37,100.0,10.0,22.904,121.124
74DA38F209B2,2026-02-18,21:42:08,20.25,100.0,0.0,22.363,120.599
74DA38F7C616,2026-02-18,21:42:13,15.62,100.0,0.0,25.031,121.563
74DA38F20BE4,2026-02-18,21:42:19,15.37,100.0,37.0,24.791,120.957
74DA38F20DC0,2026-02-18,21:42:20,17.75,100.0,3.0,22.711,120.295
74DA38F7C30E,2026-02-18,21:42:22,15.62,100.0,25.0,24.949,121.382
74DA38F21088,2026-02-18,21:42:36,15.75,100.0,1.0,25.068,121.588
74DA38F7C3B2,2026-02-18,21:42:39,18.75,67.0,18.0,24.929,121.378
74DA38F7C566,2026-02-18,21:42:39,16.75,100.0,0.0,25.051,121.448
74DA38F20D70,2026-02-18,21:42:45,16.0,100.0,1.0,23.05,121.164
74DA38F7C560,2026-02-18,21:42:47,15.37,100.0,0.0,25.079,121.671
74DA38F7C3DE,2026-02-18,21:42:48,16.25,100.0,295.0,24.972,121.537
74DA38F20AAA,2026-02-18,21:42:52,12.37,100.0,11.0,24.6,120.999
74DA38F209EE,2026-02-18,21:42:55,19.37,100.0,0.0,23.026,121.33
74DA38F7C524,2026-02-18,21:43:06,14.37,100.0,64.0,25.002,121.552
74DA38F2118E,2026-02-18,21:43:18,11.0,100.0,65.0,26.148,119.935
74DA38F21204,2026-02-18,21:43:18,19.75,100.0,0.0,25.062,121.451
74DA38F7C5E6,2026-02-18,21:43:19,15.75,100.0,16.0,25.107,121.843
74DA38F20B5C,2026-02-18,21:43:20,-4.0,0.0,42.0,22.798,120.293
74DA38F20EB2,2026-02-18,21:43:28,12.5,100.0,31.0,24.324,120.835
74DA38F7C3BA,2026-02-18,21:43:33,118.87,46.0,130.0,25.174,121.441
74DA38F7C4DE,2026-02-18,21:43:34,15.87,100.0,0.0,25.09,121.462
74DA38F20B26,2026-02-18,21:43:42,19.37,100.0,35.0,22.783,120.247
74DA38F7C31C,2026-02-18,21:43:54,15.37,100.0,3.0,24.93,121.372
74DA38F20AE6,2026-02-18,21:43:55,24.62,100.0,16.0,22.63,120.348
74DA38F20D1A,2026-02-18,21:44:00,16.25,85.0,0.0,25.078,121.541
74DA38F7C3DC,2026-02-18,21:44:03,15.12,100.0,32.0,25.003,121.539
74DA38F208E2,2026-02-18,21:44:04,15.25,100.0,10.0,24.688,121.766
74DA38F20C22,2026-02-18,21:44:05,18.87,100.0,1.0,22.729,120.357
74DA38F21054,2026-02-18,21:44:13,23.87,64.0,20.0,22.898,120.627
74DA38F7C514,2026-02-18,21:44:15,15.75,100.0,26.0,25.051,121.518
74DA38ED05EA,2026-02-18,21:44:19,16.0,100.0,17.0,23.394,121.357
74DA38ED0640,2026-02-18,21:44:19,14.25,100.0,11.0,23.154,121.266
74DA38F20B88,2026-02-18,21:44:24,17.25,100.0,0.0,22.75,120.316
74DA38F7C3D6,2026-02-18,21:44:32,16.0,100.0,0.0,25.045,121.541
74DA38F7C47C,2026-02-18,21:44:32,16.25,99.0,0.0,25.055,121.455
74DA38F20DD0,2026-02-18,21:44:33,18.87,100.0,0.0,22.6080258,120.3229833
74DA38F207DE,2026-02-18,21:44:39,18.87,100.0,40.0,22.603,120.34
74DA38F7C39A,2026-02-18,21:44:56,15.75,100.0,0.0,25.002,121.414
74DA38F20A30,2026-02-18,21:45:00,15.75,88.0,0.0,24.948,121.372
74DA38F7C37C,2026-02-18,21:45:01,14.0,100.0,0.0,25.111,121.856
74DA38F209F8,2026-02-18,21:45:09,16.5,100.0,0.0,23.157,121.4
74DA38F7C570,2026-02-18,21:45:12,15.75,100.0,0.0,25.239,121.63
74DA38F20E6E,2026-02-18,21:45:14,14.37,92.0,0.0,24.41,120.902
74DA38F7C47E,2026-02-18,21:45:17,16.12,100.0,32.0,25.053963,121.427681
74DA38F21136,2026-02-18,21:45:25,15.87,100.0,19.0,25.119,121.505
74DA38F7C464,2026-02-18,21:45:32,14.5,33.0,0.0,25.006,121.413
74DA38ED06E0,2026-02-18,21:45:33,18.37,91.0,0.0,23.601,121.521
74DA38F210F6,2026-02-18,21:45:33,18.5,100.0,9.0,22.757426,121.158891
74DA38ED0630,2026-02-18,21:45:36,18.12,100.0,0.0,23.994,121.594
74DA38F7C29C,2026-02-18,21:45:47,16.25,100.0,23.0,25.02,121.416
74DA38F210A2,2026-02-18,21:45:48,16.25,100.0,6.0,25.12,121.466
74DA38F7C610,2026-02-18,21:45:48,17.25,81.0,24.0,25.063,121.564
74DA38F7C562,2026-02-18,21:45:50,15.25,100.0,26.0,25.021,121.418
74DA38ED0454,2026-02-18,21:45:56,18.0,100.0,19.0,24.053,121.599
74DA38F20976,2026-02-18,21:45:57,15.87,92.0,25.0,25.127,121.746
74DA38F7C27E,2026-02-18,21:45:59,16.37,94.0,28.0,25.053,121.444
74DA38ED05B6,2026-02-18,21:46:03,15.87,100.0,25.0,23.43,121.348
74DA38F20AA4,2026-02-18,21:46:07,22.62,90.0,28.0,22.685,120.492
74DA38F20E9E,2026-02-18,21:46:09,14.87,100.0,11.0,24.648,121.151
74DA38F20D2E,2026-02-18,21:46:11,15.87,100.0,1.0,25.06,121.545
74DA38F7C41E,2026-02-18,21:46:11,16.62,77.0,23.0,25.054,121.517
74DA38F7C30C,2026-02-18,21:46:12,15.62,100.0,0.0,24.975,121.532
74DA38F7C4CC,2026-02-18,21:46:12,15.75,100.0,17.0,25.062,121.451
74DA38F7C5BE,2026-02-18,21:46:13,16.37,82.0,29.0,25.092,121.523
74DA38ED04F2,2026-02-18,21:46:24,16.37,100.0,8.0,23.468,121.496
74DA38F7C53C,2026-02-18,21:46:26,14.75,100.0,0.0,25.11,121.804
74DA38F20D1E,2026-02-18,21:46:28,16.0,100.0,33.0,25.048,121.573
74DA38ED059C,2026-02-18,21:46:29,14.87,100.0,25.0,23.706,121.412
74DA38F20D16,2026-02-18,21:46:31,16.25,100.0,30.0,25.062,121.526
74DA38F21048,2026-02-18,21:46:33,18.87,100.0,36.0,22.595,120.341
74DA38F20F0A,2026-02-18,21:46:34,18.37,100.0,20.0,22.995,120.635
74DA38F210E4,2026-02-18,21:46:39,18.12,100.0,18.0,23.24,120.696
74DA38F7C59C,2026-02-18,21:46:51,15.75,78.0,32.0,25.103,121.487
74DA38F20D2A,2026-02-18,21:46:53,16.12,72.0,0.0,25.048,121.573
74DA38F209A4,2026-02-18,21:47:01,17.5,100.0,0.0,22.702,120.572
74DA38F20C26,2026-02-18,21:47:02,20.62,72.0,33.0,22.676,120.342
74DA38F20D4C,2026-02-18,21:47:05,17.62,100.0,0.0,22.971,121.303
74DA38F2104E,2026-02-18,21:47:06,18.25,100.0,33.0,23.108,120.7
74DA38F7C5CE,2026-02-18,21:47:07,15.0,90.0,0.0,25.066,121.656
74DA38F20B80,2026-02-18,21:47:16,17.62,100.0,2.0,22.599,120.35
74DA38F20E34,2026-02-18,21:47:17,20.0,73.0,24.0,22.586,120.313
74DA38F209DE,2026-02-18,21:47:22,17.5,100.0,0.0,24.861,120.964
74DA38F7C366,2026-02-18,21:47:23,15.5,100.0,15.0,25.002,121.516
74DA38F20902,2026-02-18,21:47:39,19.87,95.0,2.0,22.204,120.7
74DA38F7C40C,2026-02-18,21:47:45,15.37,100.0,0.0,24.995,121.52
74DA38F20B82,2026-02-18,21:47:51,-4.0,0.0,2.0,22.847,120.465
74DA38F7C63C,2026-02-18,21:47:55,85.25,100.0,18.0,24.998,121.425
74DA38F20BCA,2026-02-18,21:48:06,15.5,99.0,0.0,25.079,121.58
74DA38F7C600,2026-02-18,21:48:15,20.62,55.0,17.0,25.07,121.586
74DA38F20A78,2026-02-18,21:48:20,15.37,100.0,9.0,22.904,121.124
74DA38F2113E,2026-02-18,21:48:22,-4.0,0.0,7.0,22.728,120.313
74DA38F20DE0,2026-02-18,21:48:23,20.75,100.0,2.0,22.589,120.328
74DA38F7C260,2026-02-18,21:48:26,15.5,100.0,0.0,25.065,121.425
74DA38F21024,2026-02-18,21:48:30,16.25,100.0,0.0,24.93,121.036
74DA38F7C616,2026-02-18,21:48:34,15.62,100.0,0.0,25.031,121.563
74DA38F20BE4,2026-02-18,21:48:38,15.37,100.0,37.0,24.791,120.957
74DA38F7C30E,2026-02-18,21:48:39,15.62,100.0,25.0,24.949,121.382
74DA38F209B2,2026-02-18,21:48:43,19.62,100.0,0.0,22.363,120.599
74DA38F7C3DE,2026-02-18,21:48:51,16.25,100.0,304.0,24.972,121.537
74DA38F7C3B2,2026-02-18,21:48:55,18.75,67.0,18.0,24.929,121.378
74DA38F20DC0,2026-02-18,21:48:56,17.75,100.0,3.0,22.711,120.295
74DA38F20D70,2026-02-18,21:49:01,16.12,100.0,1.0,23.05,121.164
74DA38F20AAA,2026-02-18,21:49:06,12.37,100.0,15.0,24.6,120.999
74DA38F209EE,2026-02-18,21:49:07,19.5,100.0,0.0,23.026,121.33
74DA38F21088,2026-02-18,21:49:13,15.75,100.0,0.0,25.068,121.588
74DA38F7C566,2026-02-18,21:49:14,16.75,100.0,0.0,25.051,121.448
74DA38F7C560,2026-02-18,21:49:22,15.37,100.0,0.0,25.079,121.671
74DA38F21204,2026-02-18,21:49:37,19.75,100.0,0.0,25.062,121.451
74DA38F7C5E6,2026-02-18,21:49:38,15.75,100.0,16.0,25.107,121.843
74DA38F7C3BA,2026-02-18,21:49:42,118.87,46.0,128.0,25.174,121.441
74DA38F20EB2,2026-02-18,21:49:46,12.5,100.0,31.0,24.324,120.835
74DA38F7C4DE,2026-02-18,21:49:47,15.87,100.0,0.0,25.09,121.462
74DA38F7C524,2026-02-18,21:49:49,14.37,100.0,65.0,25.002,121.552
74DA38F20BD0,2026-02-18,21:50:02,-4.0,0.0,25.0,22.688,120.408
74DA38F2118E,2026-02-18,21:50:04,11.0,100.0,65.0,26.148,119.935
74DA38F20AE6,2026-02-18,21:50:08,24.62,100.0,16.0,22.63,120.348
74DA38F208E2,2026-02-18,21:50:15,15.37,100.0,8.0,24.688,121.766
74DA38F7C3DC,2026-02-18,21:50:16,15.25,100.0,32.0,25.003,121.539
74DA38F21054,2026-02-18,21:50:27,23.87,64.0,20.0,22.898,120.627
74DA38F7C31C,2026-02-18,21:50:30,15.37,100.0,2.0,24.93,121.372
74DA38F7C514,2026-02-18,21:50:33,15.62,100.0,26.0,25.051,121.518
74DA38F209A8,2026-02-18,21:50:36,-4.0,0.0,0.0,22.401,120.577
74DA38ED05EA,2026-02-18,21:50:37,16.12,100.0,16.0,23.394,121.357
74DA38ED0640,2026-02-18,21:50:37,14.25,100.0,11.0,23.154,121.266
74DA38F20D1A,2026-02-18,21:50:38,16.25,85.0,0.0,25.078,121.541
74DA38F20C22,2026-02-18,21:50:45,19.25,100.0,0.0,22.729,120.357
74DA38F7C47C,2026-02-18,21:50:47,16.25,100.0,0.0,25.055,121.455
74DA38F207DE,2026-02-18,21:50:55,18.75,100.0,41.0,22.603,120.34
74DA38F20B88,2026-02-18,21:50:59,17.12,100.0,0.0,22.75,120.316
74DA38F7C3D6,2026-02-18,21:51:07,16.12,100.0,0.0,25.045,121.541
74DA38F20DD0,2026-02-18,21:51:17,18.87,100.0,0.0,22.6080258,120.3229833
74DA38F20E6E,2026-02-18,21:51:22,14.5,92.0,0.0,24.41,120.902
74DA38F7C39A,2026-02-18,21:51:34,15.62,100.0,0.0,25.002,121.414
74DA38F7C47E,2026-02-18,21:51:34,15.75,100.0,32.0,25.053963,121.427681
74DA38F20A30,2026-02-18,21:51:38,15.75,88.0,0.0,24.948,121.372
74DA38F7C37C,2026-02-18,21:51:39,14.0,100.0,0.0,25.111,121.856
74DA38F21136,2026-02-18,21:51:46,15.87,100.0,18.0,25.119,121.505
74DA38F209F8,2026-02-18,21:51:49,16.62,100.0,0.0,23.157,121.4
74DA38F210F6,2026-02-18,21:51:50,18.37,100.0,9.0,22.757426,121.158891
74DA38F7C570,2026-02-18,21:51:53,15.62,100.0,1.0,25.239,121.63
74DA38ED06E0,2026-02-18,21:51:54,18.37,91.0,0.0,23.601,121.521
74DA38F210A2,2026-02-18,21:52:06,16.0,100.0,7.0,25.12,121.466
74DA38F7C610,2026-02-18,21:52:08,17.25,81.0,25.0,25.063,121.564
74DA38F7C29C,2026-02-18,21:52:09,16.25,100.0,23.0,25.02,121.416
74DA38F7C464,2026-02-18,21:52:12,14.5,31.0,0.0,25.006,121.413
74DA38ED0630,2026-02-18,21:52:15,18.12,100.0,0.0,23.994,121.594
74DA38ED0454,2026-02-18,21:52:16,18.0,100.0,16.0,24.053,121.599
74DA38F7C562,2026-02-18,21:52:16,15.25,100.0,26.0,25.021,121.418
74DA38F20976,2026-02-18,21:52:18,16.0,91.0,25.0,25.127,121.746
74DA38ED05B6,2026-02-18,21:52:20,15.75,100.0,24.0,23.43,121.348
74DA38F7C27E,2026-02-18,21:52:20,16.37,95.0,27.0,25.053,121.444
74DA38F7C30C,2026-02-18,21:52:39,15.75,100.0,0.0,24.975,121.532
74DA38ED04F2,2026-02-18,21:52:41,16.5,100.0,8.0,23.468,121.496
74DA38ED059C,2026-02-18,21:52:45,15.0,100.0,22.0,23.706,121.412
74DA38F20D16,2026-02-18,21:52:47,16.25,100.0,29.0,25.062,121.526
74DA38F20D2E,2026-02-18,21:52:48,15.87,100.0,1.0,25.06,121.545
74DA38F20B5C,2026-02-18,21:52:49,-4.0,0.0,41.0,22.798,120.293
74DA38F20F0A,2026-02-18,21:52:50,18.37,100.0,21.0,22.995,120.635
74DA38F210E4,2026-02-18,21:52:54,17.87,100.0,19.0,23.24,120.696
74DA38F7C53C,2026-02-18,21:53:01,14.75,100.0,0.0,25.11,121.804
74DA38F7C59C,2026-02-18,21:53:05,15.87,78.0,33.0,25.103,121.487
74DA38F21048,2026-02-18,21:53:14,18.87,100.0,37.0,22.595,120.341
74DA38F20C26,2026-02-18,21:53:22,20.0,73.0,33.0,22.676,120.342
74DA38F20D2A,2026-02-18,21:53:29,16.37,72.0,0.0,25.048,121.573
74DA38F20E34,2026-02-18,21:53:35,20.12,73.0,24.0,22.586,120.313
74DA38F7C366,2026-02-18,21:53:36,15.5,100.0,16.0,25.002,121.516
74DA38F209A4,2026-02-18,21:53:37,17.75,100.0,0.0,22.702,120.572
74DA38F20D4C,2026-02-18,21:53:39,17.62,100.0,0.0,22.971,121.303
74DA38F7C5CE,2026-02-18,21:53:42,15.0,90.0,0.0,25.066,121.656
74DA38F20B80,2026-02-18,21:53:47,17.5,100.0,2.0,22.599,120.35
74DA38F20902,2026-02-18,21:53:50,19.75,96.0,2.0,22.204,120.7
74DA38F209DE,2026-02-18,21:53:55,17.37,100.0,0.0,24.861,120.964
74DA38F7C40C,2026-02-18,21:54:00,15.37,100.0,0.0,24.995,121.52
74DA38F7C63C,2026-02-18,21:54:08,85.25,100.0,17.0,24.998,121.425
74DA38F7C600,2026-02-18,21:54:28,20.62,55.0,17.0,25.07,121.586
74DA38F20A78,2026-02-18,21:54:33,15.5,100.0,8.0,22.904,121.124
74DA38F7C5A0,2026-02-18,21:54:41,16.12,91.0,0.0,25.107,121.518
74DA38F20BCA,2026-02-18,21:54:42,15.5,100.0,0.0,25.079,121.58
74DA38F7C616,2026-02-18,21:54:49,15.75,100.0,0.0,25.031,121.563
74DA38F7C3DE,2026-02-18,21:54:51,16.25,100.0,304.0,24.972,121.537
74DA38F20BE4,2026-02-18,21:54:53,15.37,100.0,36.0,24.791,120.957
74DA38F7C30E,2026-02-18,21:54:53,15.62,100.0,24.0,24.949,121.382
74DA38F7C260,2026-02-18,21:54:59,15.5,100.0,0.0,25.065,121.425
74DA38F20DE0,2026-02-18,21:55:00,20.75,100.0,4.0,22.589,120.328
74DA38F21024,2026-02-18,21:55:04,16.25,100.0,0.0,24.93,121.036
74DA38F7C3B2,2026-02-18,21:55:08,18.75,67.0,17.0,24.929,121.378
74DA38F20D70,2026-02-18,21:55:13,16.12,100.0,1.0,23.05,121.164
74DA38F209B2,2026-02-18,21:55:15,19.25,100.0,0.0,22.363,120.599
74DA38F209EE,2026-02-18,21:55:19,19.37,100.0,0.0,23.026,121.33
74DA38F20AAA,2026-02-18,21:55:19,12.5,100.0,12.0,24.6,120.999
74DA38F20DC0,2026-02-18,21:55:33,17.62,100.0,3.0,22.711,120.295
74DA38F21088,2026-02-18,21:55:48,15.75,100.0,0.0,25.068,121.588
74DA38F2113E,2026-02-18,21:55:49,-4.0,0.0,12.0,22.728,120.313
74DA38F7C3BA,2026-02-18,21:55:49,118.87,46.0,125.0,25.174,121.441
74DA38F7C566,2026-02-18,21:55:49,16.87,100.0,0.0,25.051,121.448
74DA38F7C5E6,2026-02-18,21:55:51,15.75,100.0,16.0,25.107,121.843
74DA38F21204,2026-02-18,21:55:54,19.62,100.0,0.0,25.062,121.451
74DA38F7C560,2026-02-18,21:55:58,15.37,100.0,0.0,25.079,121.671
74DA38F20EB2,2026-02-18,21:56:03,12.5,100.0,31.0,24.324,120.835
74DA38F7C4DE,2026-02-18,21:56:19,15.87,100.0,0.0,25.09,121.462
74DA38F20AE6,2026-02-18,21:56:20,24.62,100.0,17.0,22.63,120.348
74DA38F208E2,2026-02-18,21:56:29,15.37,100.0,15.0,24.688,121.766
74DA38F7C3DC,2026-02-18,21:56:32,15.25,100.0,34.0,25.003,121.539
74DA38F7C524,2026-02-18,21:56:32,14.37,100.0,64.0,25.002,121.552
74DA38F21054,2026-02-18,21:56:43,23.87,64.0,21.0,22.898,120.627
74DA38F2118E,2026-02-18,21:56:49,11.0,100.0,66.0,26.148,119.935
74DA38F7C514,2026-02-18,21:56:49,15.87,100.0,26.0,25.051,121.518
74DA38ED05EA,2026-02-18,21:56:54,16.12,100.0,16.0,23.394,121.357
74DA38ED0640,2026-02-18,21:56:54,14.37,100.0,11.0,23.154,121.266
74DA38F7C47C,2026-02-18,21:57:03,16.25,100.0,0.0,25.055,121.455
74DA38F7C31C,2026-02-18,21:57:05,15.37,100.0,1.0,24.93,121.372
74DA38F207DE,2026-02-18,21:57:11,18.62,100.0,41.0,22.603,120.34
74DA38F20D1A,2026-02-18,21:57:13,16.25,86.0,0.0,25.078,121.541
74DA38F20B26,2026-02-18,21:57:18,19.25,100.0,33.0,22.783,120.247
74DA38F20C22,2026-02-18,21:57:22,19.25,100.0,1.0,22.729,120.357
74DA38F20B82,2026-02-18,21:57:28,-4.0,0.0,3.0,22.847,120.465
74DA38F20E6E,2026-02-18,21:57:30,14.5,92.0,0.0,24.41,120.902
74DA38F20B88,2026-02-18,21:57:34,17.12,100.0,0.0,22.75,120.316
74DA38F7C3D6,2026-02-18,21:57:40,16.0,100.0,0.0,25.045,121.541
74DA38F7C47E,2026-02-18,21:57:49,16.0,100.0,31.0,25.053963,121.427681
74DA38F20DD0,2026-02-18,21:57:58,18.87,100.0,0.0,22.6080258,120.3229833
74DA38F210F6,2026-02-18,21:57:59,18.5,100.0,8.0,22.757426,121.158891
74DA38F21136,2026-02-18,21:58:01,15.87,100.0,19.0,25.119,121.505
74DA38F7C39A,2026-02-18,21:58:05,15.75,100.0,0.0,25.002,121.414
74DA38ED06E0,2026-02-18,21:58:07,18.25,91.0,0.0,23.601,121.521
74DA38F7C37C,2026-02-18,21:58:11,13.87,100.0,0.0,25.111,121.856
74DA38F20A30,2026-02-18,21:58:12,15.75,88.0,0.0,24.948,121.372
74DA38F210A2,2026-02-18,21:58:14,16.25,100.0,7.0,25.12,121.466
74DA38F209F8,2026-02-18,21:58:20,16.5,100.0,0.0,23.157,121.4
74DA38F7C29C,2026-02-18,21:58:20,16.25,100.0,23.0,25.02,121.416
74DA38F7C610,2026-02-18,21:58:22,17.25,81.0,25.0,25.063,121.564
74DA38F7C570,2026-02-18,21:58:25,15.75,100.0,0.0,25.239,121.63
74DA38F7C27E,2026-02-18,21:58:30,16.25,95.0,27.0,25.053,121.444
74DA38F20976,2026-02-18,21:58:31,16.0,92.0,25.0,25.127,121.746
74DA38ED05B6,2026-02-18,21:58:32,15.62,100.0,23.0,23.43,121.348
74DA38F7C562,2026-02-18,21:58:32,15.5,100.0,26.0,25.021,121.418
74DA38F20E9E,2026-02-18,21:58:37,14.87,100.0,14.0,24.648,121.151
74DA38F20AA4,2026-02-18,21:58:41,22.75,91.0,29.0,22.685,120.492
74DA38F7C4CC,2026-02-18,21:58:42,16.0,100.0,18.0,25.062,121.451
74DA38F7C464,2026-02-18,21:58:43,14.62,32.0,0.0,25.006,121.413
74DA38F7C41E,2026-02-18,21:58:44,16.62,77.0,24.0,25.054,121.517
74DA38F7C5BE,2026-02-18,21:58:45,16.37,82.0,29.0,25.092,121.523
74DA38ED0630,2026-02-18,21:58:48,18.12,100.0,0.0,23.994,121.594
74DA38F7C30C,2026-02-18,21:58:51,15.75,100.0,0.0,24.975,121.532
74DA38ED04F2,2026-02-18,21:58:52,16.5,100.0,8.0,23.468,121.496
74DA38ED059C,2026-02-18,21:58:58,15.12,100.0,24.0,23.706,121.412
74DA38F20D16,2026-02-18,21:59:00,16.25,100.0,30.0,25.062,121.526
74DA38F20F0A,2026-02-18,21:59:00,18.25,100.0,20.0,22.995,120.635
74DA38F210E4,2026-02-18,21:59:05,17.75,100.0,19.0,23.24,120.696
74DA38F7C59C,2026-02-18,21:59:17,15.87,78.0,32.0,25.103,121.487
74DA38F20D2E,2026-02-18,21:59:19,15.87,100.0,0.0,25.06,121.545
74DA38F20D1E,2026-02-18,21:59:31,16.0,100.0,32.0,25.048,121.573
74DA38F7C53C,2026-02-18,21:59:31,14.75,100.0,0.0,25.11,121.804
74DA38F20C26,2026-02-18,21:59:36,20.12,73.0,32.0,22.676,120.342
74DA38F7C366,2026-02-18,21:59:45,15.62,100.0,15.0,25.002,121.516
74DA38F20E34,2026-02-18,21:59:47,20.12,73.0,24.0,22.586,120.313
74DA38F21048,2026-02-18,21:59:51,18.87,100.0,37.0,22.595,120.341
74DA38F20902,2026-02-18,21:59:59,19.75,96.0,2.0,22.204,120.7
74DA38F209A4,2026-02-18,22:00:10,17.75,100.0,0.0,22.702,120.572
74DA38F20D4C,2026-02-18,22:00:12,17.62,100.0,0.0,22.971,121.303
74DA38F7C40C,2026-02-18,22:00:12,15.5,100.0,0.0,24.995,121.52
74DA38F7C5CE,2026-02-18,22:00:16,15.0,90.0,0.0,25.066,121.656
74DA38F209A8,2026-02-18,22:00:22,-4.0,0.0,0.0,22.401,120.577
74DA38F20B80,2026-02-18,22:00:22,17.37,100.0,1.0,22.599,120.35
74DA38F20D2A,2026-02-18,22:00:23,16.5,72.0,0.0,25.048,121.573
74DA38F7C63C,2026-02-18,22:00:24,85.25,100.0,18.0,24.998,121.425
74DA38F209DE,2026-02-18,22:00:31,17.5,100.0,0.0,24.861,120.964
74DA38F20BD0,2026-02-18,22:00:45,-4.0,0.0,24.0,22.688,120.408
74DA38F20A78,2026-02-18,22:00:49,15.25,100.0,10.0,22.904,121.124
74DA38F7C600,2026-02-18,22:00:55,20.62,55.0,16.0,25.07,121.586
74DA38F7C3DE,2026-02-18,22:00:58,16.37,100.0,301.0,24.972,121.537
74DA38F7C616,2026-02-18,22:01:04,15.75,100.0,0.0,25.031,121.563
74DA38F20BE4,2026-02-18,22:01:10,15.37,100.0,36.0,24.791,120.957
74DA38F7C30E,2026-02-18,22:01:11,15.75,100.0,26.0,24.949,121.382
74DA38F20BCA,2026-02-18,22:01:19,15.5,100.0,0.0,25.079,121.58
74DA38F7C3B2,2026-02-18,22:01:23,18.75,67.0,17.0,24.929,121.378
74DA38F209EE,2026-02-18,22:01:31,19.37,100.0,0.0,23.026,121.33
74DA38F20AAA,2026-02-18,22:01:33,12.5,100.0,10.0,24.6,120.999
74DA38F20DE0,2026-02-18,22:01:35,20.87,100.0,5.0,22.589,120.328
74DA38F7C260,2026-02-18,22:01:38,15.5,100.0,0.0,25.065,121.425
74DA38F21024,2026-02-18,22:01:39,16.25,100.0,0.0,24.93,121.036
74DA38F20D70,2026-02-18,22:01:41,16.25,100.0,1.0,23.05,121.164
74DA38F209B2,2026-02-18,22:01:48,19.25,100.0,0.0,22.363,120.599
74DA38F20DC0,2026-02-18,22:02:13,17.62,100.0,5.0,22.711,120.295
74DA38F21204,2026-02-18,22:02:13,19.62,100.0,0.0,25.062,121.451
74DA38F7C5E6,2026-02-18,22:02:14,15.75,100.0,16.0,25.107,121.843
74DA38F20B5C,2026-02-18,22:02:19,-4.0,0.0,42.0,22.798,120.293
74DA38F21088,2026-02-18,22:02:21,15.62,100.0,0.0,25.068,121.588
74DA38F20EB2,2026-02-18,22:02:22,12.5,100.0,31.0,24.324,120.835
74DA38F7C566,2026-02-18,22:02:22,16.75,100.0,0.0,25.051,121.448
74DA38F20AE6,2026-02-18,22:02:31,24.62,100.0,18.0,22.63,120.348
74DA38F7C560,2026-02-18,22:02:31,15.37,100.0,0.0,25.079,121.671
74DA38F208E2,2026-02-18,22:02:39,15.37,100.0,16.0,24.688,121.766
74DA38F7C3DC,2026-02-18,22:02:44,15.12,100.0,31.0,25.003,121.539
74DA38F21054,2026-02-18,22:02:53,23.75,64.0,21.0,22.898,120.627
74DA38F7C514,2026-02-18,22:03:03,15.87,100.0,26.0,25.051,121.518
74DA38ED05EA,2026-02-18,22:03:06,16.25,100.0,16.0,23.394,121.357
74DA38ED0640,2026-02-18,22:03:06,14.37,100.0,11.0,23.154,121.266
74DA38F7C524,2026-02-18,22:03:11,14.37,100.0,63.0,25.002,121.552
74DA38F2113E,2026-02-18,22:03:13,-4.0,0.0,11.0,22.728,120.313
74DA38F7C47C,2026-02-18,22:03:15,16.25,100.0,0.0,25.055,121.455
74DA38F207DE,2026-02-18,22:03:24,18.75,100.0,41.0,22.603,120.34
74DA38F2118E,2026-02-18,22:03:30,10.87,100.0,66.0,26.148,119.935
74DA38F20E6E,2026-02-18,22:03:34,14.62,92.0,0.0,24.41,120.902
74DA38F7C31C,2026-02-18,22:03:38,15.37,100.0,3.0,24.93,121.372
74DA38F20D1A,2026-02-18,22:03:46,16.25,86.0,0.0,25.078,121.541
74DA38F20C22,2026-02-18,22:03:54,19.37,100.0,0.0,22.729,120.357
74DA38F7C47E,2026-02-18,22:04:03,16.12,100.0,32.0,25.053963,121.427681
74DA38F20B88,2026-02-18,22:04:08,17.25,100.0,0.0,22.75,120.316
74DA38F210F6,2026-02-18,22:04:08,18.37,100.0,7.0,22.757426,121.158891
74DA38F7C3D6,2026-02-18,22:04:11,16.12,100.0,0.0,25.045,121.541
74DA38F20B26,2026-02-18,22:04:13,19.37,100.0,34.0,22.783,120.247
74DA38F21136,2026-02-18,22:04:14,15.87,100.0,19.0,25.119,121.505
74DA38ED06E0,2026-02-18,22:04:21,18.25,91.0,0.0,23.601,121.521
74DA38F210A2,2026-02-18,22:04:26,16.25,100.0,7.0,25.12,121.466
74DA38F20DD0,2026-02-18,22:04:33,18.62,100.0,0.0,22.6080258,120.3229833
74DA38F7C29C,2026-02-18,22:04:38,16.25,100.0,23.0,25.02,121.416
74DA38F7C610,2026-02-18,22:04:39,17.25,81.0,24.0,25.063,121.564
74DA38F7C39A,2026-02-18,22:04:44,15.75,100.0,2.0,25.002,121.414
74DA38F20976,2026-02-18,22:04:47,16.12,92.0,24.0,25.127,121.746
74DA38F7C37C,2026-02-18,22:04:49,13.87,100.0,0.0,25.111,121.856
74DA38F20A30,2026-02-18,22:04:50,15.75,88.0,0.0,24.948,121.372
74DA38F7C27E,2026-02-18,22:04:50,16.25,95.0,27.0,25.053,121.444
74DA38F7C562,2026-02-18,22:04:52,15.5,100.0,26.0,25.021,121.418
74DA38ED05B6,2026-02-18,22:04:53,15.62,100.0,22.0,23.43,121.348
74DA38F20E9E,2026-02-18,22:04:53,14.87,100.0,13.0,24.648,121.151
74DA38F209F8,2026-02-18,22:04:56,16.5,100.0,0.0,23.157,121.4
74DA38ED0454,2026-02-18,22:04:59,18.0,100.0,13.0,24.053,121.599
74DA38F7C4CC,2026-02-18,22:05:01,16.0,100.0,20.0,25.062,121.451
74DA38F20AA4,2026-02-18,22:05:03,22.75,91.0,30.0,22.685,120.492
74DA38F7C570,2026-02-18,22:05:03,15.75,100.0,0.0,25.239,121.63
74DA38F7C41E,2026-02-18,22:05:06,16.75,77.0,23.0,25.054,121.517
74DA38F7C5BE,2026-02-18,22:05:09,16.5,82.0,28.0,25.092,121.523
74DA38F7C30C,2026-02-18,22:05:10,15.75,100.0,0.0,24.975,121.532
74DA38ED04F2,2026-02-18,22:05:14,16.62,100.0,8.0,23.468,121.496
74DA38ED059C,2026-02-18,22:05:15,15.12,100.0,22.0,23.706,121.412
74DA38F20D16,2026-02-18,22:05:16,16.25,100.0,29.0,25.062,121.526
74DA38F20F0A,2026-02-18,22:05:16,18.25,100.0,20.0,22.995,120.635
74DA38F7C464,2026-02-18,22:05:18,14.62,32.0,0.0,25.006,121.413
74DA38F210E4,2026-02-18,22:05:20,17.87,100.0,18.0,23.24,120.696
74DA38ED0630,2026-02-18,22:05:23,18.12,100.0,0.0,23.994,121.594
74DA38F7C59C,2026-02-18,22:05:32,16.0,78.0,32.0,25.103,121.487
74DA38F20D2E,2026-02-18,22:05:53,15.75,100.0,0.0,25.06,121.545
74DA38F20C26,2026-02-18,22:05:55,20.37,73.0,32.0,22.676,120.342
74DA38F7C366,2026-02-18,22:05:59,15.62,100.0,15.0,25.002,121.516
74DA38F20D1E,2026-02-18,22:06:01,16.0,100.0,33.0,25.048,121.573
74DA38F7C53C,2026-02-18,22:06:02,14.87,100.0,0.0,25.11,121.804
74DA38F20E34,2026-02-18,22:06:05,20.12,72.0,26.0,22.586,120.313
74DA38F20902,2026-02-18,22:06:12,19.87,96.0,2.0,22.204,120.7
74DA38F7C338,2026-02-18,22:06:13,18.12,95.0,23.0,25.011,121.458
74DA38F7C40C,2026-02-18,22:06:22,15.5,100.0,0.0,24.995,121.52
74DA38F21048,2026-02-18,22:06:26,18.87,100.0,35.0,22.595,120.341
74DA38F7C63C,2026-02-18,22:06:36,85.25,100.0,18.0,24.998,121.425
74DA38F20D4C,2026-02-18,22:06:41,17.5,100.0,0.0,22.971,121.303
74DA38F209A4,2026-02-18,22:06:43,17.75,100.0,0.0,22.702,120.572
74DA38F7C5CE,2026-02-18,22:06:44,15.0,90.0,0.0,25.066,121.656
74DA38F20B80,2026-02-18,22:06:54,17.25,100.0,3.0,22.599,120.35
74DA38F7C3DE,2026-02-18,22:06:56,16.25,100.0,301.0,24.972,121.537
74DA38F20A78,2026-02-18,22:06:59,15.37,100.0,11.0,22.904,121.124
74DA38F209DE,2026-02-18,22:07:01,17.5,100.0,0.0,24.861,120.964
74DA38F20D2A,2026-02-18,22:07:01,16.5,72.0,1.0,25.048,121.573
74DA38F20B82,2026-02-18,22:07:02,-4.0,0.0,2.0,22.847,120.465
74DA38F7C600,2026-02-18,22:07:04,20.62,54.0,17.0,25.07,121.586
74DA38F7C616,2026-02-18,22:07:18,15.75,100.0,0.0,25.031,121.563
74DA38F20BE4,2026-02-18,22:07:23,15.37,100.0,36.0,24.791,120.957
74DA38F7C3B2,2026-02-18,22:07:34,18.75,67.0,17.0,24.929,121.378
74DA38F209EE,2026-02-18,22:07:38,19.25,100.0,0.0,23.026,121.33
74DA38F20AAA,2026-02-18,22:07:45,12.5,100.0,10.0,24.6,120.999
74DA38F20BCA,2026-02-18,22:07:49,15.5,100.0,0.0,25.079,121.58
74DA38F20D70,2026-02-18,22:07:49,16.12,100.0,1.0,23.05,121.164
74DA38F7C3BA,2026-02-18,22:08:00,118.87,46.0,125.0,25.174,121.441
74DA38F20DE0,2026-02-18,22:08:08,20.87,100.0,7.0,22.589,120.328
74DA38F7C260,2026-02-18,22:08:08,15.5,100.0,0.0,25.065,121.425
74DA38F21024,2026-02-18,22:08:09,16.25,100.0,0.0,24.93,121.036
74DA38F2104E,2026-02-18,22:08:13,18.25,100.0,32.0,23.108,120.7
74DA38F209B2,2026-02-18,22:08:17,19.25,100.0,0.0,22.363,120.599
74DA38F7C5E6,2026-02-18,22:08:21,15.75,100.0,15.0,25.107,121.843
74DA38F21204,2026-02-18,22:08:27,19.62,100.0,0.0,25.062,121.451
74DA38F20AE6,2026-02-18,22:08:48,24.62,100.0,16.0,22.63,120.348
74DA38F208E2,2026-02-18,22:08:55,15.37,100.0,16.0,24.688,121.766
74DA38F20DC0,2026-02-18,22:08:55,17.62,100.0,1.0,22.711,120.295
74DA38F21088,2026-02-18,22:09:00,15.62,100.0,0.0,25.068,121.588
74DA38F20EB2,2026-02-18,22:09:02,12.5,100.0,32.0,24.324,120.835
74DA38F7C3DC,2026-02-18,22:09:02,15.0,100.0,32.0,25.003,121.539
74DA38F7C566,2026-02-18,22:09:02,16.87,100.0,0.0,25.051,121.448
74DA38F21054,2026-02-18,22:09:11,23.75,63.0,21.0,22.898,120.627
74DA38F7C560,2026-02-18,22:09:11,15.37,100.0,0.0,25.079,121.671
74DA38F20D6C,2026-02-18,22:09:28,20.25,74.0,0.0,22.661,120.301
74DA38ED05EA,2026-02-18,22:09:29,16.12,100.0,16.0,23.394,121.357
74DA38ED0640,2026-02-18,22:09:29,14.25,100.0,11.0,23.154,121.266
74DA38F7C514,2026-02-18,22:09:29,16.0,100.0,25.0,25.051,121.518
74DA38F7C47C,2026-02-18,22:09:33,16.25,100.0,0.0,25.055,121.455
74DA38F20E6E,2026-02-18,22:09:42,14.5,92.0,0.0,24.41,120.902
74DA38F207DE,2026-02-18,22:09:43,18.62,100.0,44.0,22.603,120.34
74DA38F7C524,2026-02-18,22:09:52,14.25,100.0,62.0,25.002,121.552
74DA38F209A8,2026-02-18,22:10:10,-4.0,0.0,0.0,22.401,120.577
74DA38F2118E,2026-02-18,22:10:13,10.87,100.0,67.0,26.148,119.935
74DA38F210F6,2026-02-18,22:10:19,18.37,100.0,8.0,22.757426,121.158891
74DA38F7C47E,2026-02-18,22:10:20,16.25,100.0,32.0,25.053963,121.427681
74DA38F20D1A,2026-02-18,22:10:23,16.12,86.0,0.0,25.078,121.541
74DA38F7C31C,2026-02-18,22:10:25,15.37,100.0,3.0,24.93,121.372
74DA38F21136,2026-02-18,22:10:28,15.87,100.0,18.0,25.119,121.505
74DA38F20C22,2026-02-18,22:10:29,19.25,100.0,0.0,22.729,120.357
74DA38ED06E0,2026-02-18,22:10:34,18.12,91.0,0.0,23.601,121.521
74DA38F210A2,2026-02-18,22:10:39,16.25,100.0,6.0,25.12,121.466
74DA38F2113E,2026-02-18,22:10:39,-4.0,0.0,7.0,22.728,120.313
74DA38F20B88,2026-02-18,22:10:44,17.25,100.0,0.0,22.75,120.316
74DA38F7C3D6,2026-02-18,22:10:44,16.0,100.0,0.0,25.045,121.541
74DA38F7C29C,2026-02-18,22:10:54,16.12,100.0,23.0,25.02,121.416
74DA38F7C610,2026-02-18,22:10:55,17.25,82.0,24.0,25.063,121.564
74DA38F20976,2026-02-18,22:11:02,16.0,92.0,24.0,25.127,121.746
74DA38ED05B6,2026-02-18,22:11:06,15.62,100.0,22.0,23.43,121.348
74DA38F20E9E,2026-02-18,22:11:06,14.87,100.0,12.0,24.648,121.151
74DA38F7C27E,2026-02-18,22:11:06,16.37,95.0,27.0,25.053,121.444
74DA38F20B26,2026-02-18,22:11:09,19.25,100.0,34.0,22.783,120.247
74DA38ED0454,2026-02-18,22:11:12,18.12,100.0,13.0,24.053,121.599
74DA38F20AA4,2026-02-18,22:11:18,22.75,91.0,30.0,22.685,120.492
74DA38F7C39A,2026-02-18,22:11:19,15.75,100.0,0.0,25.002,121.414
74DA38F7C41E,2026-02-18,22:11:20,16.75,77.0,23.0,25.054,121.517
74DA38F20BD0,2026-02-18,22:11:22,-4.0,0.0,25.0,22.688,120.408
74DA38F7C562,2026-02-18,22:11:22,15.37,100.0,26.0,25.021,121.418
74DA38F7C37C,2026-02-18,22:11:23,13.87,100.0,0.0,25.111,121.856
74DA38F20DD0,2026-02-18,22:11:24,18.75,100.0,0.0,22.6080258,120.3229833
74DA38F7C30C,2026-02-18,22:11:25,15.75,100.0,0.0,24.975,121.532
74DA38F7C5BE,2026-02-18,22:11:26,16.5,82.0,28.0,25.092,121.523
74DA38ED04F2,2026-02-18,22:11:30,16.62,100.0,8.0,23.468,121.496
74DA38ED059C,2026-02-18,22:11:30,15.25,100.0,20.0,23.706,121.412
74DA38F20A30,2026-02-18,22:11:30,15.75,89.0,0.0,24.948,121.372
74DA38F209F8,2026-02-18,22:11:31,16.5,100.0,0.0,23.157,121.4
74DA38F20D16,2026-02-18,22:11:33,16.25,100.0,29.0,25.062,121.526
74DA38F20F0A,2026-02-18,22:11:33,18.37,100.0,20.0,22.995,120.635
74DA38F210E4,2026-02-18,22:11:35,17.87,100.0,18.0,23.24,120.696
74DA38F7C570,2026-02-18,22:11:38,15.75,100.0,0.0,25.239,121.63
74DA38F7C59C,2026-02-18,22:11:47,16.0,78.0,32.0,25.103,121.487
74DA38F20B5C,2026-02-18,22:11:49,-4.0,0.0,42.0,22.798,120.293
74DA38F7C464,2026-02-18,22:11:53,14.62,32.0,0.0,25.006,121.413
74DA38ED0630,2026-02-18,22:12:03,18.12,100.0,0.0,23.994,121.594
74DA38F7C366,2026-02-18,22:12:12,15.75,100.0,14.0,25.002,121.516
74DA38F20C26,2026-02-18,22:12:16,20.12,73.0,33.0,22.676,120.342
74DA38F20D1E,2026-02-18,22:12:23,16.0,100.0,33.0,25.048,121.573
74DA38F20E34,2026-02-18,22:12:23,20.12,72.0,25.0,22.586,120.313
74DA38F20902,2026-02-18,22:12:24,19.87,97.0,2.0,22.204,120.7
74DA38F20D2E,2026-02-18,22:12:28,15.87,100.0,1.0,25.06,121.545
74DA38F7C40C,2026-02-18,22:12:35,15.5,100.0,0.0,24.995,121.52
74DA38F7C53C,2026-02-18,22:12:36,14.87,100.0,0.0,25.11,121.804
74DA38F7C63C,2026-02-18,22:12:59,85.25,100.0,20.0,24.998,121.425
74DA38F7C3DE,2026-02-18,22:13:04,16.25,100.0,300.0,24.972,121.537
74DA38F21048,2026-02-18,22:13:09,18.75,100.0,34.0,22.595,120.341
74DA38F20A78,2026-02-18,22:13:19,15.5,100.0,11.0,22.904,121.124
74DA38F20D4C,2026-02-18,22:13:22,17.5,100.0,0.0,22.971,121.303
74DA38F209A4,2026-02-18,22:13:24,17.87,100.0,0.0,22.702,120.572
74DA38F7C5CE,2026-02-18,22:13:25,15.0,90.0,0.0,25.066,121.656
74DA38F20B80,2026-02-18,22:13:34,17.25,100.0,2.0,22.599,120.35
74DA38F7C600,2026-02-18,22:13:39,20.75,54.0,16.0,25.07,121.586
74DA38F209DE,2026-02-18,22:13:42,17.5,100.0,0.0,24.861,120.964
74DA38F20D2A,2026-02-18,22:13:43,16.37,72.0,0.0,25.048,121.573
74DA38F7C616,2026-02-18,22:13:43,15.75,100.0,0.0,25.031,121.563
74DA38F20BE4,2026-02-18,22:13:45,15.37,100.0,37.0,24.791,120.957
74DA38F7C3B2,2026-02-18,22:13:51,18.75,67.0,18.0,24.929,121.378
74DA38F209EE,2026-02-18,22:13:53,19.12,100.0,0.0,23.026,121.33
74DA38F20AAA,2026-02-18,22:14:02,12.5,100.0,10.0,24.6,120.999
74DA38F20D70,2026-02-18,22:14:05,16.25,100.0,1.0,23.05,121.164
74DA38F7C3BA,2026-02-18,22:14:06,118.87,46.0,125.0,25.174,121.441
74DA38F7C30E,2026-02-18,22:14:09,15.62,100.0,26.0,24.949,121.382
74DA38F20BCA,2026-02-18,22:14:26,15.5,100.0,1.0,25.079,121.58
74DA38F2104E,2026-02-18,22:14:32,18.25,100.0,32.0,23.108,120.7
74DA38F7C5E6,2026-02-18,22:14:39,15.75,100.0,16.0,25.107,121.843
74DA38F21204,2026-02-18,22:14:40,19.62,100.0,0.0,25.062,121.451
74DA38F20DE0,2026-02-18,22:14:41,21.0,100.0,4.0,22.589,120.328
74DA38F21024,2026-02-18,22:14:42,16.37,100.0,0.0,24.93,121.036
74DA38F7C260,2026-02-18,22:14:47,15.5,100.0,0.0,25.065,121.425
74DA38F209B2,2026-02-18,22:14:52,19.25,100.0,2.0,22.363,120.599
74DA38F20AE6,2026-02-18,22:14:59,24.62,100.0,16.0,22.63,120.348
74DA38F208E2,2026-02-18,22:15:08,15.5,100.0,16.0,24.688,121.766
74DA38F7C3DC,2026-02-18,22:15:18,15.0,100.0,30.0,25.003,121.539
74DA38F20EB2,2026-02-18,22:15:21,12.37,100.0,33.0,24.324,120.835
74DA38F21054,2026-02-18,22:15:24,23.75,63.0,21.0,22.898,120.627
74DA38F20DC0,2026-02-18,22:15:32,17.62,100.0,1.0,22.711,120.295
74DA38F21088,2026-02-18,22:15:34,15.62,100.0,0.0,25.068,121.588
74DA38F7C566,2026-02-18,22:15:36,16.87,100.0,0.0,25.051,121.448
74DA38ED05EA,2026-02-18,22:15:45,16.0,100.0,15.0,23.394,121.357
74DA38ED0640,2026-02-18,22:15:46,14.37,100.0,10.0,23.154,121.266
74DA38F7C560,2026-02-18,22:15:46,15.37,100.0,0.0,25.079,121.671
74DA38F7C47C,2026-02-18,22:15:48,16.37,100.0,0.0,25.055,121.455
74DA38F7C514,2026-02-18,22:15:48,15.87,100.0,25.0,25.051,121.518
74DA38F20E6E,2026-02-18,22:15:50,14.5,92.0,0.0,24.41,120.902
74DA38F207DE,2026-02-18,22:15:58,18.62,100.0,44.0,22.603,120.34
74DA38F7C4DE,2026-02-18,22:16:08,15.87,100.0,0.0,25.09,121.462
74DA38F20D6C,2026-02-18,22:16:16,20.12,74.0,0.0,22.661,120.301
74DA38F210F6,2026-02-18,22:16:31,18.25,100.0,8.0,22.757426,121.158891
74DA38F7C524,2026-02-18,22:16:34,14.25,100.0,63.0,25.002,121.552
74DA38F7C47E,2026-02-18,22:16:38,16.25,100.0,31.0,25.053963,121.427681
74DA38F20B82,2026-02-18,22:16:41,-4.0,0.0,3.0,22.847,120.465
74DA38F21136,2026-02-18,22:16:42,15.87,100.0,17.0,25.119,121.505
74DA38ED06E0,2026-02-18,22:16:51,18.12,91.0,0.0,23.601,121.521
74DA38F210A2,2026-02-18,22:16:53,16.37,100.0,6.0,25.12,121.466
74DA38F2118E,2026-02-18,22:16:56,10.87,100.0,67.0,26.148,119.935
74DA38F20D1A,2026-02-18,22:17:01,16.25,87.0,0.0,25.078,121.541
74DA38F7C31C,2026-02-18,22:17:03,15.62,100.0,2.0,24.93,121.372
74DA38F7C610,2026-02-18,22:17:14,17.25,82.0,22.0,25.063,121.564
74DA38F7C29C,2026-02-18,22:17:15,16.12,100.0,23.0,25.02,121.416
74DA38F20C22,2026-02-18,22:17:16,19.37,100.0,1.0,22.729,120.357
74DA38F20976,2026-02-18,22:17:21,16.12,93.0,24.0,25.127,121.746
74DA38F20B88,2026-02-18,22:17:23,17.25,100.0,0.0,22.75,120.316
74DA38F20E9E,2026-02-18,22:17:23,14.87,100.0,13.0,24.648,121.151
74DA38F7C3D6,2026-02-18,22:17:23,16.0,100.0,0.0,25.045,121.541
74DA38ED05B6,2026-02-18,22:17:24,15.75,100.0,23.0,23.43,121.348
74DA38F7C27E,2026-02-18,22:17:28,16.37,95.0,27.0,25.053,121.444
74DA38ED059C,2026-02-18,22:17:51,15.12,100.0,18.0,23.706,121.412
74DA38F7C5BE,2026-02-18,22:17:51,16.37,82.0,28.0,25.092,121.523
74DA38ED04F2,2026-02-18,22:17:52,16.62,100.0,8.0,23.468,121.496
74DA38F20F0A,2026-02-18,22:17:54,18.37,100.0,20.0,22.995,120.635
74DA38F20D16,2026-02-18,22:17:56,16.25,100.0,28.0,25.062,121.526
74DA38F210E4,2026-02-18,22:17:57,18.0,100.0,17.0,23.24,120.696
74DA38F7C39A,2026-02-18,22:18:00,15.87,100.0,0.0,25.002,121.414
74DA38F7C37C,2026-02-18,22:18:01,13.87,100.0,0.0,25.111,121.856
74DA38F20DD0,2026-02-18,22:18:02,18.62,100.0,2.0,22.6080258,120.3229833
74DA38F2113E,2026-02-18,22:18:05,-4.0,0.0,3.0,22.728,120.313
74DA38F7C59C,2026-02-18,22:18:05,16.0,78.0,31.0,25.103,121.487
74DA38F209F8,2026-02-18,22:18:07,16.5,100.0,0.0,23.157,121.4
74DA38F20A30,2026-02-18,22:18:08,15.87,88.0,0.0,24.948,121.372
74DA38F7C570,2026-02-18,22:18:14,15.75,100.0,0.0,25.239,121.63
74DA38F7C366,2026-02-18,22:18:26,15.62,100.0,15.0,25.002,121.516
74DA38F7C464,2026-02-18,22:18:32,14.75,31.0,0.0,25.006,121.413
74DA38F20C26,2026-02-18,22:18:36,20.62,73.0,32.0,22.676,120.342
74DA38F20902,2026-02-18,22:18:37,19.87,97.0,2.0,22.204,120.7
74DA38F20E34,2026-02-18,22:18:42,20.25,72.0,26.0,22.586,120.313
74DA38ED0630,2026-02-18,22:18:44,18.0,100.0,0.0,23.994,121.594
74DA38F7C40C,2026-02-18,22:18:49,15.37,100.0,0.0,24.995,121.52
74DA38F20D1E,2026-02-18,22:18:51,16.0,100.0,33.0,25.048,121.573
74DA38F20D2E,2026-02-18,22:19:02,15.87,100.0,0.0,25.06,121.545
74DA38F7C3DE,2026-02-18,22:19:05,16.37,100.0,305.0,24.972,121.537
74DA38F7C53C,2026-02-18,22:19:11,14.87,100.0,0.0,25.11,121.804
74DA38F7C63C,2026-02-18,22:19:14,85.25,100.0,18.0,24.998,121.425
74DA38F7C4CC,2026-02-18,22:19:20,16.0,100.0,19.0,25.062,121.451
74DA38F20A78,2026-02-18,22:19:31,15.62,100.0,11.0,22.904,121.124
74DA38F21048,2026-02-18,22:19:48,18.62,100.0,35.0,22.595,120.341
74DA38F7C600,2026-02-18,22:19:52,20.87,54.0,16.0,25.07,121.586
74DA38F20D4C,2026-02-18,22:19:54,17.5,100.0,0.0,22.971,121.303
74DA38F7C616,2026-02-18,22:19:56,15.62,100.0,0.0,25.031,121.563
74DA38F209A8,2026-02-18,22:19:57,-4.0,0.0,0.0,22.401,120.577
74DA38F20BE4,2026-02-18,22:20:00,15.37,100.0,36.0,24.791,120.957
74DA38F209A4,2026-02-18,22:20:01,18.0,100.0,0.0,22.702,120.572
74DA38F7C5CE,2026-02-18,22:20:01,15.0,91.0,1.0,25.066,121.656
74DA38F209EE,2026-02-18,22:20:05,19.0,100.0,0.0,23.026,121.33
74DA38F7C3B2,2026-02-18,22:20:06,18.75,67.0,17.0,24.929,121.378
74DA38F20B80,2026-02-18,22:20:08,17.25,100.0,2.0,22.599,120.35
74DA38F7C3BA,2026-02-18,22:20:13,118.87,46.0,124.0,25.174,121.441
74DA38F20AAA,2026-02-18,22:20:15,12.37,100.0,11.0,24.6,120.999
74DA38F209DE,2026-02-18,22:20:17,17.5,100.0,0.0,24.861,120.964
74DA38F20D2A,2026-02-18,22:20:18,16.25,72.0,0.0,25.048,121.573
74DA38F20D70,2026-02-18,22:20:19,16.25,100.0,1.0,23.05,121.164
74DA38F7C30E,2026-02-18,22:20:29,15.62,100.0,27.0,24.949,121.382
74DA38F2104E,2026-02-18,22:20:52,18.25,100.0,33.0,23.108,120.7
74DA38F7C5E6,2026-02-18,22:20:53,15.75,100.0,15.0,25.107,121.843
74DA38F20BCA,2026-02-18,22:21:01,15.5,100.0,0.0,25.079,121.58
74DA38F21204,2026-02-18,22:21:11,19.5,100.0,0.0,25.062,121.451
74DA38F20AE6,2026-02-18,22:21:13,24.62,100.0,17.0,22.63,120.348
74DA38F21024,2026-02-18,22:21:20,16.25,100.0,0.0,24.93,121.036
74DA38F20DE0,2026-02-18,22:21:21,20.75,100.0,4.0,22.589,120.328
74DA38F208E2,2026-02-18,22:21:25,15.37,100.0,11.0,24.688,121.766
74DA38F20B5C,2026-02-18,22:21:27,-4.0,0.0,41.0,22.798,120.293
74DA38F7C260,2026-02-18,22:21:29,15.5,100.0,0.0,25.065,121.425
74DA38F209B2,2026-02-18,22:21:32,19.12,100.0,0.0,22.363,120.599
74DA38F7C3DC,2026-02-18,22:21:37,15.0,100.0,31.0,25.003,121.539
74DA38F21054,2026-02-18,22:21:43,23.75,63.0,22.0,22.898,120.627
74DA38F20E6E,2026-02-18,22:22:04,14.5,92.0,0.0,24.41,120.902
74DA38ED05EA,2026-02-18,22:22:08,16.0,100.0,14.0,23.394,121.357
74DA38ED0640,2026-02-18,22:22:08,14.25,100.0,10.0,23.154,121.266
74DA38F20BD0,2026-02-18,22:22:08,-4.0,0.0,25.0,22.688,120.408
74DA38F7C47C,2026-02-18,22:22:09,16.37,100.0,0.0,25.055,121.455
74DA38F7C514,2026-02-18,22:22:11,15.87,100.0,25.0,25.051,121.518
74DA38F20DC0,2026-02-18,22:22:12,17.75,100.0,1.0,22.711,120.295
74DA38F21088,2026-02-18,22:22:13,15.62,100.0,1.0,25.068,121.588
74DA38F7C566,2026-02-18,22:22:14,16.87,100.0,0.0,25.051,121.448
74DA38F207DE,2026-02-18,22:22:17,18.5,100.0,43.0,22.603,120.34
74DA38F7C560,2026-02-18,22:22:24,15.37,100.0,0.0,25.079,121.671
74DA38F210F6,2026-02-18,22:22:43,18.25,100.0,8.0,22.757426,121.158891
74DA38F21136,2026-02-18,22:22:56,15.87,100.0,17.0,25.119,121.505
74DA38F7C47E,2026-02-18,22:22:56,16.25,100.0,31.0,25.053963,121.427681
74DA38F7C4DE,2026-02-18,22:23:02,16.0,100.0,0.0,25.09,121.462
74DA38F210A2,2026-02-18,22:23:06,16.25,100.0,6.0,25.12,121.466
74DA38ED06E0,2026-02-18,22:23:10,18.12,92.0,0.0,23.601,121.521
74DA38F7C524,2026-02-18,22:23:16,14.25,100.0,63.0,25.002,121.552
74DA38F7C29C,2026-02-18,22:23:29,16.25,100.0,22.0,25.02,121.416
74DA38F7C610,2026-02-18,22:23:29,17.37,82.0,22.0,25.063,121.564
74DA38ED05B6,2026-02-18,22:23:37,15.75,100.0,23.0,23.43,121.348
74DA38F20D1A,2026-02-18,22:23:37,16.12,87.0,1.0,25.078,121.541
74DA38F20E9E,2026-02-18,22:23:37,14.87,100.0,11.0,24.648,121.151
74DA38F20976,2026-02-18,22:23:40,16.0,93.0,24.0,25.127,121.746
74DA38F2118E,2026-02-18,22:23:40,10.87,100.0,67.0,26.148,119.935
74DA38F7C31C,2026-02-18,22:23:40,15.75,100.0,2.0,24.93,121.372
74DA38F7C27E,2026-02-18,22:23:41,16.37,95.0,26.0,25.053,121.444
74DA38F20C22,2026-02-18,22:23:54,19.5,100.0,0.0,22.729,120.357
74DA38F20B88,2026-02-18,22:23:57,17.25,100.0,0.0,22.75,120.316
74DA38F20B26,2026-02-18,22:23:58,19.0,100.0,35.0,22.783,120.247
74DA38F7C3D6,2026-02-18,22:23:58,16.12,100.0,0.0,25.045,121.541
74DA38F20AA4,2026-02-18,22:24:00,22.75,91.0,30.0,22.685,120.492
74DA38ED0454,2026-02-18,22:24:01,18.12,100.0,13.0,24.053,121.599
74DA38F7C41E,2026-02-18,22:24:02,16.75,77.0,22.0,25.054,121.517
74DA38ED04F2,2026-02-18,22:24:08,16.5,100.0,9.0,23.468,121.496
74DA38ED059C,2026-02-18,22:24:08,15.0,100.0,17.0,23.706,121.412
74DA38F20F0A,2026-02-18,22:24:08,18.37,100.0,20.0,22.995,120.635
74DA38F7C5BE,2026-02-18,22:24:10,16.5,82.0,27.0,25.092,121.523
74DA38F20D16,2026-02-18,22:24:13,16.25,100.0,28.0,25.062,121.526
74DA38F210E4,2026-02-18,22:24:13,18.0,100.0,17.0,23.24,120.696
74DA38F7C59C,2026-02-18,22:24:22,16.0,78.0,31.0,25.103,121.487
74DA38F7C562,2026-02-18,22:24:24,15.5,100.0,25.0,25.021,121.418
74DA38F7C30C,2026-02-18,22:24:26,15.75,100.0,0.0,24.975,121.532
74DA38F7C39A,2026-02-18,22:24:34,15.87,100.0,0.0,25.002,121.414
74DA38F7C37C,2026-02-18,22:24:37,13.87,100.0,0.0,25.111,121.856
74DA38F20DD0,2026-02-18,22:24:40,18.5,100.0,1.0,22.6080258,120.3229833
74DA38F7C366,2026-02-18,22:24:40,15.62,100.0,16.0,25.002,121.516
74DA38F209F8,2026-02-18,22:24:44,16.5,100.0,0.0,23.157,121.4
74DA38F20A30,2026-02-18,22:24:44,15.87,88.0,0.0,24.948,121.372
74DA38F7C570,2026-02-18,22:24:49,15.75,100.0,0.0,25.239,121.63
74DA38F20902,2026-02-18,22:24:50,19.75,97.0,3.0,22.204,120.7
74DA38F20E34,2026-02-18,22:24:59,20.25,72.0,27.0,22.586,120.313
74DA38F20C26,2026-02-18,22:25:00,20.5,72.0,33.0,22.676,120.342
74DA38F7C40C,2026-02-18,22:25:03,15.5,100.0,0.0,24.995,121.52
74DA38F7C464,2026-02-18,22:25:07,14.75,33.0,0.0,25.006,121.413
74DA38F20D1E,2026-02-18,22:25:08,16.12,100.0,31.0,25.048,121.573
74DA38F7C3DE,2026-02-18,22:25:08,16.37,100.0,286.0,24.972,121.537
74DA38ED0630,2026-02-18,22:25:27,18.12,100.0,0.0,23.994,121.594
74DA38F2113E,2026-02-18,22:25:33,-4.0,0.0,4.0,22.728,120.313
74DA38F7C63C,2026-02-18,22:25:34,85.25,100.0,18.0,24.998,121.425
74DA38F7C4CC,2026-02-18,22:25:40,16.0,100.0,19.0,25.062,121.451
74DA38F20D2E,2026-02-18,22:25:42,15.87,100.0,0.0,25.06,121.545
74DA38F7C53C,2026-02-18,22:25:51,15.0,100.0,0.0,25.11,121.804
74DA38F20A78,2026-02-18,22:25:52,15.5,100.0,12.0,22.904,121.124
74DA38F7C600,2026-02-18,22:26:21,20.87,54.0,16.0,25.07,121.586
74DA38F7C616,2026-02-18,22:26:21,15.75,100.0,0.0,25.031,121.563
74DA38F209EE,2026-02-18,22:26:23,19.0,100.0,0.0,23.026,121.33
74DA38F20BE4,2026-02-18,22:26:23,15.37,100.0,36.0,24.791,120.957
74DA38F20B82,2026-02-18,22:26:24,-4.0,0.0,2.0,22.847,120.465
74DA38F7C3B2,2026-02-18,22:26:26,18.75,67.0,17.0,24.929,121.378
74DA38F7C3BA,2026-02-18,22:26:27,118.87,46.0,129.0,25.174,121.441
74DA38F21048,2026-02-18,22:26:30,18.75,100.0,36.0,22.595,120.341
74DA38F20D4C,2026-02-18,22:26:31,17.5,100.0,0.0,22.971,121.303
74DA38F20AAA,2026-02-18,22:26:32,12.5,100.0,11.0,24.6,120.999
74DA38F20D70,2026-02-18,22:26:34,16.37,100.0,0.0,23.05,121.164
74DA38F209A4,2026-02-18,22:26:37,18.0,100.0,0.0,22.702,120.572
74DA38F7C5CE,2026-02-18,22:26:39,15.0,91.0,1.0,25.066,121.656
74DA38F20B80,2026-02-18,22:26:44,17.25,100.0,2.0,22.599,120.35
74DA38F7C30E,2026-02-18,22:26:45,15.62,100.0,28.0,24.949,121.382
74DA38F209DE,2026-02-18,22:26:52,17.5,100.0,0.0,24.861,120.964
74DA38F20D2A,2026-02-18,22:26:55,16.25,73.0,1.0,25.048,121.573
74DA38F20AE6,2026-02-18,22:27:26,24.62,100.0,17.0,22.63,120.348
74DA38F21204,2026-02-18,22:27:28,19.5,100.0,0.0,25.062,121.451
74DA38F208E2,2026-02-18,22:27:36,15.5,100.0,11.0,24.688,121.766
74DA38F20BCA,2026-02-18,22:27:36,15.5,100.0,0.0,25.079,121.58
74DA38F7C3DC,2026-02-18,22:27:52,15.12,100.0,31.0,25.003,121.539
74DA38F21024,2026-02-18,22:27:54,16.25,100.0,0.0,24.93,121.036
74DA38F20DE0,2026-02-18,22:27:57,20.75,100.0,4.0,22.589,120.328
74DA38F21054,2026-02-18,22:27:57,23.75,63.0,22.0,22.898,120.627
74DA38F7C260,2026-02-18,22:28:04,15.5,100.0,1.0,25.065,121.425
74DA38F209B2,2026-02-18,22:28:05,19.12,100.0,0.0,22.363,120.599
74DA38F20E6E,2026-02-18,22:28:12,14.37,92.0,0.0,24.41,120.902
74DA38F7C47C,2026-02-18,22:28:24,16.37,100.0,0.0,25.055,121.455
74DA38ED05EA,2026-02-18,22:28:26,16.0,100.0,14.0,23.394,121.357
74DA38ED0640,2026-02-18,22:28:26,14.12,100.0,10.0,23.154,121.266
74DA38F7C514,2026-02-18,22:28:28,15.75,100.0,25.0,25.051,121.518
74DA38F20EB2,2026-02-18,22:28:30,12.25,100.0,32.0,24.324,120.835
74DA38F207DE,2026-02-18,22:28:35,18.62,100.0,42.0,22.603,120.34
74DA38F20DC0,2026-02-18,22:28:46,17.87,100.0,1.0,22.711,120.295
74DA38F21088,2026-02-18,22:28:50,15.62,100.0,0.0,25.068,121.588
74DA38F7C566,2026-02-18,22:28:50,16.87,100.0,0.0,25.051,121.448
74DA38F210F6,2026-02-18,22:28:55,18.25,100.0,8.0,22.757426,121.158891
74DA38F7C560,2026-02-18,22:29:00,15.37,100.0,0.0,25.079,121.671
74DA38F7C47E,2026-02-18,22:29:13,16.25,100.0,31.0,25.053963,121.427681
74DA38F210A2,2026-02-18,22:29:19,16.12,100.0,7.0,25.12,121.466
74DA38ED06E0,2026-02-18,22:29:22,18.25,92.0,0.0,23.601,121.521
74DA38F7C4DE,2026-02-18,22:29:35,15.87,100.0,0.0,25.09,121.462
74DA38F7C29C,2026-02-18,22:29:48,16.25,100.0,22.0,25.02,121.416
74DA38F209A8,2026-02-18,22:29:50,-4.0,0.0,0.0,22.401,120.577
74DA38F7C610,2026-02-18,22:29:50,17.37,82.0,23.0,25.063,121.564
74DA38F20E9E,2026-02-18,22:29:55,14.87,100.0,12.0,24.648,121.151
74DA38F20976,2026-02-18,22:30:00,16.0,93.0,25.0,25.127,121.746
74DA38F7C27E,2026-02-18,22:30:01,16.37,95.0,26.0,25.053,121.444
74DA38ED05B6,2026-02-18,22:30:02,15.62,100.0,21.0,23.43,121.348
74DA38F7C524,2026-02-18,22:30:04,14.37,100.0,69.0,25.002,121.552
74DA38F20D1A,2026-02-18,22:30:16,16.25,86.0,0.0,25.078,121.541
74DA38F20AA4,2026-02-18,22:30:21,22.75,91.0,30.0,22.685,120.492
74DA38F7C31C,2026-02-18,22:30:22,15.75,100.0,4.0,24.93,121.372
74DA38F7C41E,2026-02-18,22:30:23,16.87,77.0,21.0,25.054,121.517
74DA38ED04F2,2026-02-18,22:30:27,16.37,100.0,9.0,23.468,121.496
74DA38ED059C,2026-02-18,22:30:27,15.0,100.0,14.0,23.706,121.412
74DA38F20F0A,2026-02-18,22:30:28,18.37,100.0,19.0,22.995,120.635
74DA38ED0454,2026-02-18,22:30:29,18.0,100.0,14.0,24.053,121.599
74DA38F2118E,2026-02-18,22:30:34,11.0,100.0,68.0,26.148,119.935
74DA38F20D16,2026-02-18,22:30:36,16.25,100.0,28.0,25.062,121.526
74DA38F210E4,2026-02-18,22:30:37,18.0,100.0,19.0,23.24,120.696
74DA38F7C5BE,2026-02-18,22:30:37,16.5,83.0,27.0,25.092,121.523
74DA38F7C3D6,2026-02-18,22:30:39,16.12,100.0,0.0,25.045,121.541
74DA38F20C22,2026-02-18,22:30:40,19.5,100.0,0.0,22.729,120.357
74DA38F20B88,2026-02-18,22:30:41,17.25,100.0,1.0,22.75,120.316
74DA38F7C59C,2026-02-18,22:30:42,16.0,78.0,30.0,25.103,121.487
74DA38F7C30C,2026-02-18,22:30:44,15.75,100.0,0.0,24.975,121.532
74DA38F7C562,2026-02-18,22:30:53,15.25,100.0,25.0,25.021,121.418
74DA38F7C366,2026-02-18,22:30:55,15.62,100.0,15.0,25.002,121.516
74DA38F20B5C,2026-02-18,22:30:59,-4.0,0.0,41.0,22.798,120.293
74DA38F20902,2026-02-18,22:31:03,19.87,97.0,3.0,22.204,120.7
74DA38F7C3DE,2026-02-18,22:31:10,16.37,100.0,296.0,24.972,121.537
74DA38F7C37C,2026-02-18,22:31:12,13.87,100.0,0.0,25.111,121.856
74DA38F7C39A,2026-02-18,22:31:13,15.75,100.0,0.0,25.002,121.414
74DA38F20DD0,2026-02-18,22:31:14,18.37,100.0,1.0,22.6080258,120.3229833
74DA38F20E34,2026-02-18,22:31:17,20.12,72.0,27.0,22.586,120.313
74DA38F7C40C,2026-02-18,22:31:17,15.5,100.0,0.0,24.995,121.52
74DA38F209F8,2026-02-18,22:31:20,16.5,100.0,0.0,23.157,121.4
74DA38F20C26,2026-02-18,22:31:20,20.62,72.0,31.0,22.676,120.342
74DA38F20A30,2026-02-18,22:31:22,16.0,88.0,0.0,24.948,121.372
74DA38F7C570,2026-02-18,22:31:23,15.75,100.0,0.0,25.239,121.63
74DA38F7C464,2026-02-18,22:31:43,14.75,33.0,0.0,25.006,121.413
74DA38F20D6C,2026-02-18,22:31:47,20.25,75.0,0.0,22.661,120.301
74DA38F7C63C,2026-02-18,22:31:49,85.25,100.0,16.0,24.998,121.425
74DA38F7C4CC,2026-02-18,22:31:54,16.0,100.0,18.0,25.062,121.451
74DA38F20A78,2026-02-18,22:32:05,15.5,100.0,10.0,22.904,121.124
74DA38ED0630,2026-02-18,22:32:06,18.0,100.0,0.0,23.994,121.594
74DA38F20D2E,2026-02-18,22:32:18,15.87,100.0,0.0,25.06,121.545
74DA38F7C53C,2026-02-18,22:32:27,15.25,100.0,0.0,25.11,121.804
74DA38F7C600,2026-02-18,22:32:33,21.0,54.0,16.0,25.07,121.586
74DA38F7C3BA,2026-02-18,22:32:34,118.87,46.0,125.0,25.174,121.441
74DA38F209EE,2026-02-18,22:32:35,19.0,100.0,0.0,23.026,121.33
74DA38F20BE4,2026-02-18,22:32:41,15.5,100.0,35.0,24.791,120.957
74DA38F7C3B2,2026-02-18,22:32:43,18.75,67.0,18.0,24.929,121.378
74DA38F20AAA,2026-02-18,22:32:48,12.62,100.0,11.0,24.6,120.999
74DA38F20BD0,2026-02-18,22:32:48,-4.0,0.0,24.0,22.688,120.408
74DA38F20D70,2026-02-18,22:32:49,16.5,100.0,1.0,23.05,121.164
74DA38F2113E,2026-02-18,22:32:57,-4.0,0.0,3.0,22.728,120.313
74DA38F7C30E,2026-02-18,22:33:02,15.62,100.0,27.0,24.949,121.382
74DA38F20D4C,2026-02-18,22:33:05,17.62,100.0,0.0,22.971,121.303
74DA38F7C616,2026-02-18,22:33:08,15.75,100.0,0.0,25.031,121.563
74DA38F21048,2026-02-18,22:33:10,18.5,100.0,35.0,22.595,120.341
74DA38F209A4,2026-02-18,22:33:11,18.0,100.0,0.0,22.702,120.572
74DA38F7C5CE,2026-02-18,22:33:15,15.0,91.0,2.0,25.066,121.656
74DA38F20B80,2026-02-18,22:33:20,17.25,100.0,2.0,22.599,120.35
74DA38F2104E,2026-02-18,22:33:25,18.0,100.0,32.0,23.108,120.7
74DA38F209DE,2026-02-18,22:33:26,17.5,100.0,0.0,24.861,120.964
74DA38F7C5E6,2026-02-18,22:33:27,15.75,100.0,16.0,25.107,121.843
74DA38F20D2A,2026-02-18,22:33:32,16.25,73.0,1.0,25.048,121.573
74DA38F21204,2026-02-18,22:33:45,19.5,100.0,0.0,25.062,121.451
74DA38F208E2,2026-02-18,22:33:49,15.5,100.0,13.0,24.688,121.766
74DA38F7C3DC,2026-02-18,22:34:10,15.25,100.0,32.0,25.003,121.539
74DA38F21054,2026-02-18,22:34:14,23.75,63.0,22.0,22.898,120.627
74DA38F20BCA,2026-02-18,22:34:17,15.37,100.0,0.0,25.079,121.58
74DA38F20E6E,2026-02-18,22:34:25,14.25,92.0,0.0,24.41,120.902
74DA38F21024,2026-02-18,22:34:33,16.25,100.0,0.0,24.93,121.036
74DA38F20DE0,2026-02-18,22:34:39,20.75,100.0,4.0,22.589,120.328
74DA38F209B2,2026-02-18,22:34:45,19.37,100.0,0.0,22.363,120.599
74DA38F7C47C,2026-02-18,22:34:47,16.25,100.0,0.0,25.055,121.455
74DA38F7C514,2026-02-18,22:34:49,15.75,100.0,24.0,25.051,121.518
74DA38ED05EA,2026-02-18,22:34:50,16.0,100.0,14.0,23.394,121.357
74DA38ED0640,2026-02-18,22:34:50,14.25,100.0,9.0,23.154,121.266
74DA38F7C260,2026-02-18,22:34:50,15.5,100.0,0.0,25.065,121.425
74DA38F207DE,2026-02-18,22:34:56,18.37,100.0,41.0,22.603,120.34
74DA38F20EB2,2026-02-18,22:34:57,12.25,100.0,33.0,24.324,120.835
74DA38F210F6,2026-02-18,22:35:07,18.25,100.0,7.0,22.757426,121.158891
74DA38F21136,2026-02-18,22:35:16,15.87,100.0,17.0,25.119,121.505
74DA38F20DC0,2026-02-18,22:35:21,17.75,100.0,2.0,22.711,120.295
74DA38F7C566,2026-02-18,22:35:24,16.87,100.0,0.0,25.051,121.448
74DA38F21088,2026-02-18,22:35:26,15.75,100.0,0.0,25.068,121.588
74DA38F7C47E,2026-02-18,22:35:28,16.5,100.0,30.0,25.053963,121.427681
74DA38ED06E0,2026-02-18,22:35:35,18.25,92.0,0.0,23.601,121.521
74DA38F7C560,2026-02-18,22:35:36,15.37,100.0,0.0,25.079,121.671
74DA38F210A2,2026-02-18,22:35:40,16.25,100.0,6.0,25.12,121.466
74DA38F20B82,2026-02-18,22:36:02,-4.0,0.0,2.0,22.847,120.465
74DA38F7C610,2026-02-18,22:36:02,17.25,82.0,22.0,25.063,121.564
74DA38F7C29C,2026-02-18,22:36:03,16.25,100.0,22.0,25.02,121.416
74DA38F20E9E,2026-02-18,22:36:07,14.87,100.0,13.0,24.648,121.151
74DA38F20976,2026-02-18,22:36:13,15.87,93.0,25.0,25.127,121.746
74DA38F7C27E,2026-02-18,22:36:15,16.37,95.0,26.0,25.053,121.444
74DA38ED05B6,2026-02-18,22:36:19,15.62,100.0,22.0,23.43,121.348
74DA38F7C4DE,2026-02-18,22:36:19,15.87,100.0,0.0,25.09,121.462
74DA38F7C41E,2026-02-18,22:36:37,16.87,77.0,21.0,25.054,121.517
74DA38F20AA4,2026-02-18,22:36:38,22.75,91.0,30.0,22.685,120.492
74DA38F20F0A,2026-02-18,22:36:40,18.25,100.0,21.0,22.995,120.635
74DA38ED04F2,2026-02-18,22:36:42,16.25,100.0,10.0,23.468,121.496
74DA38ED059C,2026-02-18,22:36:42,15.12,100.0,13.0,23.706,121.412
74DA38ED0454,2026-02-18,22:36:45,18.0,100.0,20.0,24.053,121.599
74DA38F210E4,2026-02-18,22:36:47,17.87,100.0,18.0,23.24,120.696
74DA38F7C524,2026-02-18,22:36:47,14.5,100.0,80.0,25.002,121.552
74DA38F20D1A,2026-02-18,22:36:48,16.25,86.0,0.0,25.078,121.541
74DA38F7C5BE,2026-02-18,22:36:49,16.62,82.0,26.0,25.092,121.523
74DA38F20D16,2026-02-18,22:36:51,16.25,100.0,28.0,25.062,121.526
74DA38F7C59C,2026-02-18,22:36:53,16.0,78.0,30.0,25.103,121.487
74DA38F7C5A0,2026-02-18,22:36:53,16.12,92.0,1.0,25.107,121.518
74DA38F7C31C,2026-02-18,22:36:55,15.87,100.0,1.0,24.93,121.372
74DA38F7C30C,2026-02-18,22:36:56,15.75,100.0,0.0,24.975,121.532
74DA38F7C366,2026-02-18,22:37:06,15.62,100.0,14.0,25.002,121.516
74DA38F7C3D6,2026-02-18,22:37:09,16.12,100.0,0.0,25.045,121.541
74DA38F7C3DE,2026-02-18,22:37:09,16.5,100.0,308.0,24.972,121.537
74DA38F20902,2026-02-18,22:37:11,19.75,97.0,3.0,22.204,120.7
74DA38F20C22,2026-02-18,22:37:12,19.37,100.0,1.0,22.729,120.357
74DA38F20B88,2026-02-18,22:37:13,17.37,100.0,0.0,22.75,120.316
74DA38F2118E,2026-02-18,22:37:16,11.0,100.0,68.0,26.148,119.935
74DA38F7C40C,2026-02-18,22:37:27,15.5,100.0,0.0,24.995,121.52
74DA38F20E34,2026-02-18,22:37:32,20.0,73.0,27.0,22.586,120.313
74DA38F20C26,2026-02-18,22:37:40,20.75,72.0,31.0,22.676,120.342
74DA38F20D1E,2026-02-18,22:37:41,16.0,100.0,32.0,25.048,121.573
74DA38F7C37C,2026-02-18,22:37:42,13.87,100.0,0.0,25.111,121.856
74DA38F20DD0,2026-02-18,22:37:44,18.25,100.0,1.0,22.6080258,120.3229833
74DA38F7C39A,2026-02-18,22:37:46,15.87,100.0,0.0,25.002,121.414
74DA38F209F8,2026-02-18,22:37:49,16.5,100.0,3.0,23.157,121.4
74DA38F7C570,2026-02-18,22:37:52,15.87,100.0,0.0,25.239,121.63
74DA38F7C63C,2026-02-18,22:38:02,85.25,100.0,17.0,24.998,121.425
74DA38F20A30,2026-02-18,22:38:05,16.0,88.0,1.0,24.948,121.372
74DA38F7C4CC,2026-02-18,22:38:06,16.0,100.0,18.0,25.062,121.451
74DA38F20A78,2026-02-18,22:38:15,15.5,100.0,10.0,22.904,121.124
74DA38F7C464,2026-02-18,22:38:15,14.62,31.0,0.0,25.006,121.413
74DA38F20D6C,2026-02-18,22:38:16,20.25,75.0,0.0,22.661,120.301
74DA38F7C3BA,2026-02-18,22:38:36,118.87,46.0,124.0,25.174,121.441
74DA38ED0630,2026-02-18,22:38:39,18.0,100.0,0.0,23.994,121.594
74DA38F7C600,2026-02-18,22:38:41,21.12,54.0,16.0,25.07,121.586
74DA38F209EE,2026-02-18,22:38:43,19.12,100.0,0.0,23.026,121.33
74DA38F20D2E,2026-02-18,22:38:49,15.87,100.0,1.0,25.06,121.545
74DA38F7C3B2,2026-02-18,22:38:54,18.75,67.0,18.0,24.929,121.378
74DA38F20BE4,2026-02-18,22:38:55,15.5,100.0,35.0,24.791,120.957
74DA38F20AAA,2026-02-18,22:38:56,12.62,100.0,11.0,24.6,120.999
74DA38F7C53C,2026-02-18,22:38:57,15.25,100.0,0.0,25.11,121.804
74DA38F20D70,2026-02-18,22:38:58,16.62,100.0,1.0,23.05,121.164
74DA38F7C30E,2026-02-18,22:39:14,15.62,100.0,27.0,24.949,121.382
74DA38F7C616,2026-02-18,22:39:17,15.75,100.0,0.0,25.031,121.563
74DA38F209A8,2026-02-18,22:39:30,-4.0,0.0,0.0,22.401,120.577
74DA38F20D4C,2026-02-18,22:39:35,17.62,100.0,0.0,22.971,121.303
74DA38F7C5E6,2026-02-18,22:39:37,15.62,100.0,15.0,25.107,121.843
74DA38F2104E,2026-02-18,22:39:39,18.0,100.0,33.0,23.108,120.7
74DA38F209A4,2026-02-18,22:39:42,18.0,100.0,0.0,22.702,120.572
74DA38F7C5CE,2026-02-18,22:39:44,15.0,91.0,0.0,25.066,121.656
74DA38F21048,2026-02-18,22:39:45,18.37,100.0,33.0,22.595,120.341
74DA38F20AE6,2026-02-18,22:39:47,24.62,100.0,16.0,22.63,120.348
74DA38F20B80,2026-02-18,22:39:51,17.37,100.0,1.0,22.599,120.35
74DA38F21204,2026-02-18,22:39:53,19.37,100.0,0.0,25.062,121.451
74DA38F209DE,2026-02-18,22:39:55,17.37,100.0,0.0,24.861,120.964
74DA38F208E2,2026-02-18,22:39:56,15.37,100.0,12.0,24.688,121.766
74DA38F20D2A,2026-02-18,22:40:08,16.37,73.0,0.0,25.048,121.573
74DA38F2113E,2026-02-18,22:40:16,-4.0,0.0,2.0,22.728,120.313
74DA38F7C3DC,2026-02-18,22:40:19,15.12,100.0,31.0,25.003,121.539
74DA38F21054,2026-02-18,22:40:24,23.75,63.0,22.0,22.898,120.627
74DA38F20B5C,2026-02-18,22:40:26,-4.0,0.0,41.0,22.798,120.293
74DA38F20E6E,2026-02-18,22:40:27,14.37,92.0,0.0,24.41,120.902
74DA38F20BCA,2026-02-18,22:40:46,15.37,100.0,0.0,25.079,121.58
74DA38F7C47C,2026-02-18,22:40:57,16.37,100.0,0.0,25.055,121.455
74DA38ED05EA,2026-02-18,22:40:58,16.0,100.0,15.0,23.394,121.357
74DA38ED0640,2026-02-18,22:40:58,14.37,100.0,9.0,23.154,121.266
74DA38F21024,2026-02-18,22:41:02,16.25,100.0,0.0,24.93,121.036
74DA38F7C514,2026-02-18,22:41:02,15.87,100.0,24.0,25.051,121.518
74DA38F207DE,2026-02-18,22:41:08,18.37,100.0,46.0,22.603,120.34
74DA38F20DE0,2026-02-18,22:41:10,20.87,100.0,4.0,22.589,120.328
74DA38F20EB2,2026-02-18,22:41:12,12.5,100.0,33.0,24.324,120.835
74DA38F209B2,2026-02-18,22:41:14,19.37,100.0,1.0,22.363,120.599
74DA38F210F6,2026-02-18,22:41:15,18.37,100.0,7.0,22.757426,121.158891
74DA38F7C260,2026-02-18,22:41:19,15.62,100.0,0.0,25.065,121.425
74DA38F21136,2026-02-18,22:41:26,15.87,100.0,17.0,25.119,121.505
74DA38F7C47E,2026-02-18,22:41:39,16.5,100.0,30.0,25.053963,121.427681
74DA38ED06E0,2026-02-18,22:41:43,18.25,91.0,0.0,23.601,121.521
74DA38F210A2,2026-02-18,22:41:47,16.25,100.0,6.0,25.12,121.466
74DA38F7C566,2026-02-18,22:41:53,16.87,100.0,0.0,25.051,121.448
74DA38F21088,2026-02-18,22:41:56,15.62,100.0,0.0,25.068,121.588
74DA38F20DC0,2026-02-18,22:42:01,17.5,100.0,4.0,22.711,120.295
74DA38F7C560,2026-02-18,22:42:05,15.5,100.0,0.0,25.079,121.671
74DA38F20E9E,2026-02-18,22:42:12,14.87,100.0,11.0,24.648,121.151
74DA38F7C29C,2026-02-18,22:42:12,16.25,100.0,21.0,25.02,121.416
74DA38F7C610,2026-02-18,22:42:13,17.25,82.0,23.0,25.063,121.564
74DA38F20976,2026-02-18,22:42:24,15.87,94.0,25.0,25.127,121.746
74DA38F7C27E,2026-02-18,22:42:24,16.37,95.0,26.0,25.053,121.444
74DA38ED05B6,2026-02-18,22:42:26,15.5,100.0,22.0,23.43,121.348
74DA38F7C4DE,2026-02-18,22:42:33,16.0,100.0,0.0,25.09,121.462
74DA38F20AA4,2026-02-18,22:42:48,22.75,90.0,30.0,22.685,120.492
74DA38F7C41E,2026-02-18,22:42:49,16.87,77.0,21.0,25.054,121.517
74DA38ED059C,2026-02-18,22:42:50,15.25,100.0,12.0,23.706,121.412
74DA38F20F0A,2026-02-18,22:42:50,18.25,100.0,21.0,22.995,120.635
74DA38ED0454,2026-02-18,22:42:52,17.87,100.0,27.0,24.053,121.599
74DA38ED04F2,2026-02-18,22:42:53,16.37,100.0,10.0,23.468,121.496
74DA38F210E4,2026-02-18,22:42:56,17.87,100.0,18.0,23.24,120.696
74DA38F20D16,2026-02-18,22:43:03,16.37,100.0,28.0,25.062,121.526
74DA38F7C5BE,2026-02-18,22:43:03,16.5,82.0,26.0,25.092,121.523
74DA38F7C59C,2026-02-18,22:43:04,16.0,78.0,30.0,25.103,121.487
74DA38F7C30C,2026-02-18,22:43:12,15.75,100.0,0.0,24.975,121.532
74DA38F7C366,2026-02-18,22:43:16,15.75,100.0,14.0,25.002,121.516
74DA38F20902,2026-02-18,22:43:18,19.75,97.0,2.0,22.204,120.7
74DA38F20D1A,2026-02-18,22:43:20,16.25,87.0,0.0,25.078,121.541
74DA38F20BD0,2026-02-18,22:43:22,-4.0,0.0,25.0,22.688,120.408
74DA38F7C31C,2026-02-18,22:43:23,15.62,100.0,2.0,24.93,121.372
74DA38F7C524,2026-02-18,22:43:23,14.37,100.0,82.0,25.002,121.552
74DA38F7C40C,2026-02-18,22:43:39,15.5,100.0,0.0,24.995,121.52
74DA38F7C3D6,2026-02-18,22:43:44,16.12,100.0,0.0,25.045,121.541
74DA38F20B88,2026-02-18,22:43:51,17.25,100.0,0.0,22.75,120.316
74DA38F20C22,2026-02-18,22:43:51,19.5,100.0,0.0,22.729,120.357
74DA38F20E34,2026-02-18,22:43:55,20.0,72.0,29.0,22.586,120.313
74DA38F20D1E,2026-02-18,22:44:03,16.12,100.0,31.0,25.048,121.573
74DA38F20C26,2026-02-18,22:44:04,20.75,72.0,30.0,22.676,120.342
74DA38F2118E,2026-02-18,22:44:07,11.12,100.0,67.0,26.148,119.935
74DA38F7C562,2026-02-18,22:44:16,15.62,100.0,24.0,25.021,121.418
74DA38F7C37C,2026-02-18,22:44:23,14.0,100.0,0.0,25.111,121.856
74DA38F7C63C,2026-02-18,22:44:25,85.25,100.0,17.0,24.998,121.425
74DA38F20DD0,2026-02-18,22:44:26,18.0,100.0,1.0,22.6080258,120.3229833
74DA38F7C39A,2026-02-18,22:44:27,15.87,100.0,0.0,25.002,121.414
74DA38F7C4CC,2026-02-18,22:44:27,15.87,100.0,20.0,25.062,121.451
74DA38F209F8,2026-02-18,22:44:28,16.62,100.0,7.0,23.157,121.4
74DA38F7C570,2026-02-18,22:44:30,15.87,100.0,0.0,25.239,121.63
74DA38F20A78,2026-02-18,22:44:31,15.37,100.0,10.0,22.904,121.124
74DA38F7C3BA,2026-02-18,22:44:43,118.87,46.0,126.0,25.174,121.441
74DA38F7C464,2026-02-18,22:44:53,14.75,33.0,0.0,25.006,121.413
74DA38F7C600,2026-02-18,22:44:53,21.25,54.0,16.0,25.07,121.586
74DA38F209EE,2026-02-18,22:44:55,19.12,100.0,0.0,23.026,121.33
74DA38F7C3B2,2026-02-18,22:45:09,18.75,67.0,18.0,24.929,121.378
74DA38F20AAA,2026-02-18,22:45:10,12.62,100.0,11.0,24.6,120.999
74DA38F20D70,2026-02-18,22:45:12,16.62,100.0,1.0,23.05,121.164
74DA38F20BE4,2026-02-18,22:45:14,15.5,100.0,35.0,24.791,120.957
74DA38ED0630,2026-02-18,22:45:19,17.87,100.0,0.0,23.994,121.594
74DA38F20D2E,2026-02-18,22:45:24,16.0,100.0,0.0,25.06,121.545
74DA38F7C30E,2026-02-18,22:45:30,15.62,100.0,26.0,24.949,121.382
74DA38F7C53C,2026-02-18,22:45:34,15.25,100.0,0.0,25.11,121.804
74DA38F20B82,2026-02-18,22:45:41,-4.0,0.0,2.0,22.847,120.465
74DA38F7C616,2026-02-18,22:45:42,15.75,100.0,0.0,25.031,121.563
74DA38F7C5E6,2026-02-18,22:45:53,15.75,100.0,15.0,25.107,121.843
74DA38F2104E,2026-02-18,22:45:56,18.0,100.0,33.0,23.108,120.7
74DA38F20AE6,2026-02-18,22:46:00,24.62,100.0,16.0,22.63,120.348
74DA38F208E2,2026-02-18,22:46:07,15.37,100.0,13.0,24.688,121.766
74DA38F20D4C,2026-02-18,22:46:08,17.5,100.0,0.0,22.971,121.303
74DA38F21204,2026-02-18,22:46:15,19.5,100.0,0.0,25.062,121.451
74DA38F209A4,2026-02-18,22:46:18,18.0,100.0,0.0,22.702,120.572
74DA38F7C5CE,2026-02-18,22:46:19,15.0,91.0,1.0,25.066,121.656
74DA38F21048,2026-02-18,22:46:23,18.37,100.0,31.0,22.595,120.341
74DA38F20B80,2026-02-18,22:46:25,17.37,100.0,1.0,22.599,120.35
74DA38F209DE,2026-02-18,22:46:28,17.37,100.0,0.0,24.861,120.964
74DA38F7C3DC,2026-02-18,22:46:34,15.12,100.0,30.0,25.003,121.539
74DA38F20E6E,2026-02-18,22:46:35,14.37,91.0,0.0,24.41,120.902
74DA38F21054,2026-02-18,22:46:38,23.75,63.0,22.0,22.898,120.627
74DA38F20D2A,2026-02-18,22:46:45,16.25,73.0,0.0,25.048,121.573
74DA38F7C47C,2026-02-18,22:47:11,16.5,100.0,0.0,25.055,121.455
74DA38ED05EA,2026-02-18,22:47:15,16.0,100.0,15.0,23.394,121.357
74DA38ED0640,2026-02-18,22:47:15,14.37,100.0,8.0,23.154,121.266
74DA38F7C514,2026-02-18,22:47:19,15.87,100.0,24.0,25.051,121.518
74DA38F20BCA,2026-02-18,22:47:22,15.37,100.0,0.0,25.079,121.58
74DA38F207DE,2026-02-18,22:47:27,18.37,100.0,44.0,22.603,120.34
74DA38F210F6,2026-02-18,22:47:27,18.37,100.0,7.0,22.757426,121.158891
74DA38F20EB2,2026-02-18,22:47:33,12.62,100.0,34.0,24.324,120.835
74DA38F21024,2026-02-18,22:47:34,16.25,100.0,0.0,24.93,121.036
74DA38F21136,2026-02-18,22:47:41,16.0,100.0,17.0,25.119,121.505
74DA38F2113E,2026-02-18,22:47:42,-4.0,0.0,5.0,22.728,120.313
74DA38F20DE0,2026-02-18,22:47:53,20.87,100.0,4.0,22.589,120.328
74DA38F209B2,2026-02-18,22:47:55,19.25,100.0,0.0,22.363,120.599
74DA38ED06E0,2026-02-18,22:48:01,18.12,91.0,0.0,23.601,121.521
74DA38F7C260,2026-02-18,22:48:01,15.62,100.0,0.0,25.065,121.425
74DA38F7C47E,2026-02-18,22:48:01,16.62,100.0,30.0,25.053963,121.427681
74DA38F210A2,2026-02-18,22:48:06,16.25,100.0,6.0,25.12,121.466
74DA38F20E9E,2026-02-18,22:48:31,14.87,100.0,12.0,24.648,121.151
74DA38F7C29C,2026-02-18,22:48:33,16.25,100.0,21.0,25.02,121.416
74DA38F7C566,2026-02-18,22:48:34,16.75,100.0,0.0,25.051,121.448
74DA38F7C610,2026-02-18,22:48:34,17.25,82.0,22.0,25.063,121.564
74DA38F21088,2026-02-18,22:48:37,15.5,100.0,0.0,25.068,121.588
74DA38F20DC0,2026-02-18,22:48:39,17.5,100.0,2.0,22.711,120.295
74DA38F7C27E,2026-02-18,22:48:42,16.37,95.0,25.0,25.053,121.444
74DA38F7C560,2026-02-18,22:48:43,15.5,100.0,0.0,25.079,121.671
74DA38F20976,2026-02-18,22:48:44,15.75,94.0,24.0,25.127,121.746
74DA38ED05B6,2026-02-18,22:48:46,15.5,100.0,21.0,23.43,121.348
74DA38ED059C,2026-02-18,22:49:04,15.25,100.0,8.0,23.706,121.412
74DA38F7C41E,2026-02-18,22:49:04,16.87,77.0,21.0,25.054,121.517
74DA38F20AA4,2026-02-18,22:49:05,22.75,90.0,29.0,22.685,120.492
74DA38F20F0A,2026-02-18,22:49:06,18.37,100.0,22.0,22.995,120.635
74DA38F7C3DE,2026-02-18,22:49:07,16.5,100.0,297.0,24.972,121.537
74DA38ED04F2,2026-02-18,22:49:11,16.25,100.0,10.0,23.468,121.496
74DA38F210E4,2026-02-18,22:49:11,18.12,100.0,17.0,23.24,120.696
74DA38F209A8,2026-02-18,22:49:12,-4.0,0.0,0.0,22.401,120.577
74DA38F7C5BE,2026-02-18,22:49:18,16.62,82.0,26.0,25.092,121.523
74DA38F20D16,2026-02-18,22:49:19,16.25,100.0,27.0,25.062,121.526
74DA38F7C4DE,2026-02-18,22:49:20,16.0,100.0,0.0,25.09,121.462
74DA38F7C59C,2026-02-18,22:49:20,16.12,78.0,30.0,25.103,121.487
74DA38ED0454,2026-02-18,22:49:25,18.0,100.0,25.0,24.053,121.599
74DA38F7C366,2026-02-18,22:49:30,15.75,100.0,14.0,25.002,121.516
74DA38F20902,2026-02-18,22:49:36,19.75,97.0,2.0,22.204,120.7
74DA38F7C30C,2026-02-18,22:49:36,15.75,100.0,0.0,24.975,121.532
74DA38F7C40C,2026-02-18,22:49:51,15.5,100.0,0.0,24.995,121.52
74DA38F20D1A,2026-02-18,22:49:55,16.25,87.0,0.0,25.078,121.541
74DA38F20B5C,2026-02-18,22:49:58,-4.0,0.0,42.0,22.798,120.293
74DA38F7C31C,2026-02-18,22:49:59,15.62,100.0,1.0,24.93,121.372
74DA38F7C524,2026-02-18,22:50:07,14.37,100.0,94.0,25.002,121.552
74DA38F20E34,2026-02-18,22:50:12,19.87,73.0,30.0,22.586,120.313
74DA38F7C3D6,2026-02-18,22:50:19,16.12,100.0,0.0,25.045,121.541
74DA38F20B88,2026-02-18,22:50:27,17.25,100.0,0.0,22.75,120.316
74DA38F20C22,2026-02-18,22:50:30,19.5,100.0,0.0,22.729,120.357
74DA38F7C562,2026-02-18,22:50:33,15.5,100.0,24.0,25.021,121.418
74DA38F7C63C,2026-02-18,22:50:40,85.25,100.0,17.0,24.998,121.425
74DA38F7C4CC,2026-02-18,22:50:41,16.0,100.0,22.0,25.062,121.451
74DA38F20A78,2026-02-18,22:50:43,15.5,100.0,9.0,22.904,121.124
74DA38F7C3BA,2026-02-18,22:50:50,118.87,46.0,122.0,25.174,121.441
74DA38F2118E,2026-02-18,22:50:51,11.0,100.0,67.0,26.148,119.935
74DA38F20B26,2026-02-18,22:50:57,19.12,100.0,33.0,22.783,120.247
74DA38F7C37C,2026-02-18,22:50:58,14.0,100.0,0.0,25.111,121.856
74DA38F20DD0,2026-02-18,22:51:03,18.0,100.0,1.0,22.6080258,120.3229833
74DA38F7C39A,2026-02-18,22:51:03,15.87,100.0,0.0,25.002,121.414
74DA38F209F8,2026-02-18,22:51:05,16.62,100.0,0.0,23.157,121.4
74DA38F7C570,2026-02-18,22:51:06,15.87,100.0,1.0,25.239,121.63
74DA38F7C600,2026-02-18,22:51:06,21.37,54.0,16.0,25.07,121.586
74DA38F209EE,2026-02-18,22:51:08,19.0,100.0,0.0,23.026,121.33
74DA38F7C3B2,2026-02-18,22:51:23,18.75,67.0,17.0,24.929,121.378
74DA38F20AAA,2026-02-18,22:51:24,12.75,100.0,11.0,24.6,120.999
74DA38F20D70,2026-02-18,22:51:25,16.62,100.0,1.0,23.05,121.164
74DA38F7C464,2026-02-18,22:51:28,14.87,33.0,0.0,25.006,121.413
74DA38F20BE4,2026-02-18,22:51:30,15.62,100.0,35.0,24.791,120.957
74DA38F7C30E,2026-02-18,22:51:46,15.75,100.0,26.0,24.949,121.382
74DA38ED0630,2026-02-18,22:52:00,17.75,100.0,0.0,23.994,121.594
74DA38F20D2E,2026-02-18,22:52:00,15.87,100.0,0.0,25.06,121.545
74DA38F7C616,2026-02-18,22:52:01,15.87,100.0,0.0,25.031,121.563
74DA38F7C53C,2026-02-18,22:52:07,15.37,100.0,0.0,25.11,121.804
74DA38F7C5E6,2026-02-18,22:52:07,15.75,100.0,14.0,25.107,121.843
74DA38F20AE6,2026-02-18,22:52:11,24.62,100.0,17.0,22.63,120.348
74DA38F21204,2026-02-18,22:52:29,19.5,100.0,0.0,25.062,121.451
74DA38F20D4C,2026-02-18,22:52:43,17.37,100.0,1.0,22.971,121.303
74DA38F20E6E,2026-02-18,22:52:44,14.5,91.0,0.0,24.41,120.902
74DA38F7C3DC,2026-02-18,22:52:48,15.25,100.0,35.0,25.003,121.539
74DA38F21054,2026-02-18,22:52:52,23.75,63.0,22.0,22.898,120.627
74DA38F209A4,2026-02-18,22:52:54,18.0,100.0,0.0,22.702,120.572
74DA38F7C5CE,2026-02-18,22:52:54,15.12,91.0,0.0,25.066,121.656
74DA38F20B80,2026-02-18,22:53:00,17.37,100.0,2.0,22.599,120.35
74DA38F21048,2026-02-18,22:53:01,18.37,100.0,33.0,22.595,120.341
74DA38F209DE,2026-02-18,22:53:02,17.5,100.0,0.0,24.861,120.964
74DA38F20D2A,2026-02-18,22:53:21,16.25,73.0,0.0,25.048,121.573
74DA38F7C47C,2026-02-18,22:53:30,16.62,100.0,0.0,25.055,121.455
74DA38ED05EA,2026-02-18,22:53:32,16.0,100.0,15.0,23.394,121.357
74DA38ED0640,2026-02-18,22:53:34,14.5,100.0,8.0,23.154,121.266
74DA38F7C514,2026-02-18,22:53:36,15.87,100.0,23.0,25.051,121.518
74DA38F210F6,2026-02-18,22:53:38,18.37,100.0,7.0,22.757426,121.158891
74DA38F207DE,2026-02-18,22:53:45,18.5,100.0,43.0,22.603,120.34
74DA38F20EB2,2026-02-18,22:53:53,12.75,100.0,34.0,24.324,120.835
74DA38F21136,2026-02-18,22:53:56,16.0,100.0,17.0,25.119,121.505
74DA38F20BCA,2026-02-18,22:53:58,15.37,100.0,0.0,25.079,121.58
74DA38F20BD0,2026-02-18,22:53:58,-4.0,0.0,24.0,22.688,120.408
74DA38F21024,2026-02-18,22:54:08,16.25,100.0,0.0,24.93,121.036
74DA38ED06E0,2026-02-18,22:54:13,18.12,92.0,0.0,23.601,121.521
74DA38F210A2,2026-02-18,22:54:18,16.25,100.0,6.0,25.12,121.466
74DA38F7C47E,2026-02-18,22:54:20,16.0,100.0,28.0,25.053963,121.427681
74DA38F209B2,2026-02-18,22:54:27,19.12,100.0,0.0,22.363,120.599
74DA38F20DE0,2026-02-18,22:54:29,21.0,100.0,1.0,22.589,120.328
74DA38F7C260,2026-02-18,22:54:40,15.62,100.0,0.0,25.065,121.425
74DA38F20E9E,2026-02-18,22:54:43,14.87,100.0,12.0,24.648,121.151
74DA38F7C29C,2026-02-18,22:54:48,16.37,100.0,21.0,25.02,121.416
74DA38F7C610,2026-02-18,22:54:48,17.37,82.0,21.0,25.063,121.564
74DA38F7C27E,2026-02-18,22:54:54,16.5,95.0,25.0,25.053,121.444
74DA38F20976,2026-02-18,22:55:00,15.75,94.0,25.0,25.127,121.746
74DA38F2113E,2026-02-18,22:55:02,-4.0,0.0,2.0,22.728,120.313
74DA38ED05B6,2026-02-18,22:55:03,15.37,100.0,22.0,23.43,121.348
74DA38F7C566,2026-02-18,22:55:08,16.87,100.0,0.0,25.051,121.448
74DA38F7C3DE,2026-02-18,22:55:10,16.5,100.0,308.0,24.972,121.537
74DA38F21088,2026-02-18,22:55:13,15.62,100.0,0.0,25.068,121.588
74DA38F20DC0,2026-02-18,22:55:16,17.37,100.0,4.0,22.711,120.295
74DA38ED059C,2026-02-18,22:55:17,15.25,100.0,8.0,23.706,121.412
74DA38F7C560,2026-02-18,22:55:18,15.5,100.0,0.0,25.079,121.671
74DA38F20B82,2026-02-18,22:55:19,-4.0,0.0,3.0,22.847,120.465
74DA38F7C41E,2026-02-18,22:55:19,16.87,77.0,21.0,25.054,121.517
74DA38F20AA4,2026-02-18,22:55:21,22.75,90.0,29.0,22.685,120.492
74DA38F20F0A,2026-02-18,22:55:24,18.25,100.0,21.0,22.995,120.635
74DA38ED04F2,2026-02-18,22:55:26,16.12,100.0,11.0,23.468,121.496
74DA38F210E4,2026-02-18,22:55:26,18.25,100.0,17.0,23.24,120.696
74DA38F7C5BE,2026-02-18,22:55:33,16.75,82.0,25.0,25.092,121.523
74DA38F20D16,2026-02-18,22:55:34,16.37,100.0,27.0,25.062,121.526
74DA38F7C59C,2026-02-18,22:55:35,16.12,78.0,29.0,25.103,121.487
74DA38F7C366,2026-02-18,22:55:44,15.87,100.0,13.0,25.002,121.516
74DA38F20902,2026-02-18,22:55:49,19.87,97.0,2.0,22.204,120.7
74DA38F7C30C,2026-02-18,22:55:49,15.87,100.0,0.0,24.975,121.532
74DA38F7C4DE,2026-02-18,22:55:53,16.12,100.0,0.0,25.09,121.462
74DA38F7C40C,2026-02-18,22:56:05,15.62,100.0,0.0,24.995,121.52
74DA38F20D1A,2026-02-18,22:56:34,16.25,87.0,0.0,25.078,121.541
74DA38F20E34,2026-02-18,22:56:34,19.62,73.0,30.0,22.586,120.313
74DA38F7C31C,2026-02-18,22:56:41,15.75,100.0,2.0,24.93,121.372
74DA38F20D1E,2026-02-18,22:56:46,16.12,100.0,32.0,25.048,121.573
74DA38F7C524,2026-02-18,22:56:58,14.37,100.0,117.0,25.002,121.552
74DA38F7C562,2026-02-18,22:56:58,15.62,100.0,24.0,25.021,121.418
74DA38F7C3D6,2026-02-18,22:56:59,16.12,100.0,0.0,25.045,121.541
74DA38F7C63C,2026-02-18,22:56:59,85.25,100.0,15.0,24.998,121.425
74DA38F7C3BA,2026-02-18,22:57:01,118.87,46.0,131.0,25.174,121.441
74DA38F20A78,2026-02-18,22:57:02,15.5,100.0,10.0,22.904,121.124
74DA38F7C4CC,2026-02-18,22:57:03,16.0,100.0,24.0,25.062,121.451
74DA38F20B88,2026-02-18,22:57:06,17.12,100.0,0.0,22.75,120.316
74DA38F20C22,2026-02-18,22:57:09,19.37,100.0,0.0,22.729,120.357
74DA38F20C26,2026-02-18,22:57:10,20.75,71.0,31.0,22.676,120.342
74DA38F7C600,2026-02-18,22:57:20,21.37,53.0,16.0,25.07,121.586
74DA38F209EE,2026-02-18,22:57:21,19.0,100.0,0.0,23.026,121.33
74DA38F7C37C,2026-02-18,22:57:34,14.0,100.0,0.0,25.111,121.856
74DA38F2118E,2026-02-18,22:57:35,11.12,100.0,67.0,26.148,119.935
74DA38F20AAA,2026-02-18,22:57:38,12.75,100.0,11.0,24.6,120.999
74DA38F7C39A,2026-02-18,22:57:38,15.87,100.0,0.0,25.002,121.414
74DA38F209F8,2026-02-18,22:57:39,16.62,100.0,0.0,23.157,121.4
74DA38F20D70,2026-02-18,22:57:39,16.62,100.0,1.0,23.05,121.164
74DA38F20DD0,2026-02-18,22:57:40,18.0,100.0,1.0,22.6080258,120.3229833
74DA38F7C3B2,2026-02-18,22:57:40,18.75,67.0,18.0,24.929,121.378
74DA38F7C570,2026-02-18,22:57:43,15.87,100.0,0.0,25.239,121.63
74DA38F20BE4,2026-02-18,22:57:47,15.62,100.0,34.0,24.791,120.957
74DA38F7C30E,2026-02-18,22:58:07,15.75,100.0,27.0,24.949,121.382
74DA38F7C464,2026-02-18,22:58:08,14.87,33.0,0.0,25.006,121.413
74DA38F7C5E6,2026-02-18,22:58:20,15.75,100.0,15.0,25.107,121.843
74DA38F20AE6,2026-02-18,22:58:27,24.5,100.0,17.0,22.63,120.348
74DA38F208E2,2026-02-18,22:58:30,15.62,100.0,12.0,24.688,121.766
74DA38F2104E,2026-02-18,22:58:34,18.0,100.0,33.0,23.108,120.7
74DA38F20D2E,2026-02-18,22:58:35,16.0,100.0,0.0,25.06,121.545
74DA38ED0630,2026-02-18,22:58:40,17.87,100.0,0.0,23.994,121.594
74DA38F7C53C,2026-02-18,22:58:41,15.37,100.0,0.0,25.11,121.804
74DA38F21204,2026-02-18,22:58:43,19.5,100.0,1.0,25.062,121.451
74DA38F20A30,2026-02-18,22:58:46,15.87,88.0,2.0,24.948,121.372
74DA38F20E6E,2026-02-18,22:58:52,14.5,91.0,0.0,24.41,120.902
74DA38F209A8,2026-02-18,22:59:00,-4.0,0.0,0.0,22.401,120.577
74DA38F7C3DC,2026-02-18,22:59:03,15.25,100.0,36.0,25.003,121.539
74DA38F21054,2026-02-18,22:59:05,23.75,63.0,22.0,22.898,120.627
74DA38F20D4C,2026-02-18,22:59:17,17.37,100.0,0.0,22.971,121.303
74DA38F7C5CE,2026-02-18,22:59:28,15.12,91.0,0.0,25.066,121.656
74DA38F20B5C,2026-02-18,22:59:29,-4.0,0.0,41.0,22.798,120.293
74DA38F209A4,2026-02-18,22:59:31,18.0,100.0,1.0,22.702,120.572
74DA38F20B80,2026-02-18,22:59:36,17.37,100.0,1.0,22.599,120.35
74DA38F209DE,2026-02-18,22:59:37,17.5,100.0,0.0,24.861,120.964
74DA38F21048,2026-02-18,22:59:40,18.37,100.0,32.0,22.595,120.341
74DA38F7C47C,2026-02-18,22:59:46,16.5,100.0,0.0,25.055,121.455
74DA38ED05EA,2026-02-18,22:59:50,16.0,100.0,16.0,23.394,121.357
74DA38F210F6,2026-02-18,22:59:50,18.37,100.0,7.0,22.757426,121.158891
74DA38ED0640,2026-02-18,22:59:51,14.62,100.0,8.0,23.154,121.266
74DA38F7C514,2026-02-18,22:59:53,16.0,100.0,24.0,25.051,121.518
74DA38F20D2A,2026-02-18,22:59:59,16.25,73.0,0.0,25.048,121.573
74DA38F207DE,2026-02-18,23:00:06,18.37,100.0,42.0,22.603,120.34
74DA38F21136,2026-02-18,23:00:09,16.0,100.0,16.0,25.119,121.505
74DA38F20EB2,2026-02-18,23:00:15,12.75,100.0,35.0,24.324,120.835
74DA38F7C338,2026-02-18,23:00:24,18.0,96.0,21.0,25.011,121.458
74DA38ED06E0,2026-02-18,23:00:25,18.25,92.0,0.0,23.601,121.521
74DA38F210A2,2026-02-18,23:00:30,16.37,100.0,6.0,25.12,121.466
74DA38F20BCA,2026-02-18,23:00:34,15.37,100.0,0.0,25.079,121.58
74DA38F7C47E,2026-02-18,23:00:36,16.25,100.0,29.0,25.053963,121.427681
74DA38F21024,2026-02-18,23:00:43,16.25,100.0,0.0,24.93,121.036
74DA38F20E9E,2026-02-18,23:00:57,14.87,100.0,13.0,24.648,121.151
74DA38F7C610,2026-02-18,23:01:02,17.37,82.0,22.0,25.063,121.564
74DA38F209B2,2026-02-18,23:01:03,19.25,100.0,2.0,22.363,120.599
74DA38F7C29C,2026-02-18,23:01:03,16.37,100.0,21.0,25.02,121.416
74DA38F20DE0,2026-02-18,23:01:06,21.0,100.0,5.0,22.589,120.328
74DA38F7C27E,2026-02-18,23:01:10,16.5,95.0,26.0,25.053,121.444
74DA38F7C3DE,2026-02-18,23:01:13,16.37,100.0,296.0,24.972,121.537
74DA38F7C260,2026-02-18,23:01:15,15.62,100.0,0.0,25.065,121.425
74DA38F20976,2026-02-18,23:01:20,15.75,94.0,25.0,25.127,121.746
74DA38ED05B6,2026-02-18,23:01:21,15.37,100.0,22.0,23.43,121.348
74DA38ED059C,2026-02-18,23:01:31,15.37,100.0,9.0,23.706,121.412
74DA38F7C41E,2026-02-18,23:01:34,16.87,77.0,20.0,25.054,121.517
74DA38F20AA4,2026-02-18,23:01:38,22.75,90.0,30.0,22.685,120.492
74DA38F20F0A,2026-02-18,23:01:40,18.25,100.0,20.0,22.995,120.635
74DA38ED04F2,2026-02-18,23:01:42,16.0,100.0,10.0,23.468,121.496
74DA38F210E4,2026-02-18,23:01:42,18.12,100.0,19.0,23.24,120.696
74DA38F7C566,2026-02-18,23:01:44,16.87,100.0,0.0,25.051,121.448
74DA38F7C5BE,2026-02-18,23:01:47,16.87,82.0,25.0,25.092,121.523
74DA38F21088,2026-02-18,23:01:48,15.75,100.0,0.0,25.068,121.588
74DA38F20D16,2026-02-18,23:01:50,16.37,100.0,27.0,25.062,121.526
74DA38F7C59C,2026-02-18,23:01:50,16.25,78.0,28.0,25.103,121.487
74DA38F20DC0,2026-02-18,23:01:52,17.25,100.0,4.0,22.711,120.295
74DA38F7C560,2026-02-18,23:01:54,15.5,100.0,0.0,25.079,121.671
74DA38F7C366,2026-02-18,23:01:59,15.87,100.0,13.0,25.002,121.516
74DA38F20902,2026-02-18,23:02:02,19.87,96.0,2.0,22.204,120.7
74DA38F7C30C,2026-02-18,23:02:02,15.87,100.0,0.0,24.975,121.532
74DA38F7C4DE,2026-02-18,23:02:07,16.12,100.0,0.0,25.09,121.462
74DA38F7C40C,2026-02-18,23:02:18,15.62,100.0,0.0,24.995,121.52
74DA38ED0454,2026-02-18,23:02:19,17.87,100.0,19.0,24.053,121.599
74DA38F2113E,2026-02-18,23:02:27,-4.0,0.0,4.0,22.728,120.313
74DA38F20E34,2026-02-18,23:02:53,19.62,73.0,30.0,22.586,120.313
74DA38F20D1A,2026-02-18,23:03:07,16.37,87.0,0.0,25.078,121.541
74DA38F7C3BA,2026-02-18,23:03:07,118.87,46.0,124.0,25.174,121.441
74DA38F7C63C,2026-02-18,23:03:13,85.25,100.0,15.0,24.998,121.425
74DA38F20A78,2026-02-18,23:03:15,15.62,100.0,10.0,22.904,121.124
74DA38F7C31C,2026-02-18,23:03:18,15.87,100.0,2.0,24.93,121.372
74DA38F7C4CC,2026-02-18,23:03:18,16.0,100.0,25.0,25.062,121.451
74DA38F7C562,2026-02-18,23:03:22,15.5,100.0,24.0,25.021,121.418
74DA38F7C600,2026-02-18,23:03:32,21.37,53.0,17.0,25.07,121.586
74DA38F209EE,2026-02-18,23:03:33,19.25,100.0,0.0,23.026,121.33
74DA38F7C3D6,2026-02-18,23:03:33,16.12,100.0,0.0,25.045,121.541
74DA38F20B88,2026-02-18,23:03:39,17.12,100.0,0.0,22.75,120.316
74DA38F20C22,2026-02-18,23:03:43,19.62,100.0,0.0,22.729,120.357
74DA38F7C524,2026-02-18,23:03:46,14.5,100.0,145.0,25.002,121.552
74DA38F20AAA,2026-02-18,23:03:51,12.75,100.0,11.0,24.6,120.999
74DA38F20D70,2026-02-18,23:03:52,16.37,100.0,1.0,23.05,121.164
74DA38F7C3B2,2026-02-18,23:03:54,18.75,67.0,17.0,24.929,121.378
74DA38F20BE4,2026-02-18,23:04:03,15.62,100.0,35.0,24.791,120.957
74DA38F7C37C,2026-02-18,23:04:10,14.12,100.0,0.0,25.111,121.856
74DA38F209F8,2026-02-18,23:04:13,16.75,100.0,0.0,23.157,121.4
74DA38F7C39A,2026-02-18,23:04:13,15.87,100.0,0.0,25.002,121.414
74DA38F20DD0,2026-02-18,23:04:16,18.25,100.0,1.0,22.6080258,120.3229833
74DA38F20B26,2026-02-18,23:04:17,19.25,100.0,34.0,22.783,120.247
74DA38F7C570,2026-02-18,23:04:17,15.87,100.0,0.0,25.239,121.63
74DA38F7C30E,2026-02-18,23:04:22,15.87,100.0,29.0,24.949,121.382
74DA38F2118E,2026-02-18,23:04:26,11.25,100.0,68.0,26.148,119.935
74DA38F20BD0,2026-02-18,23:04:38,-4.0,0.0,24.0,22.688,120.408
74DA38F7C5E6,2026-02-18,23:04:39,15.75,100.0,16.0,25.107,121.843
74DA38F208E2,2026-02-18,23:04:41,15.37,100.0,12.0,24.688,121.766
74DA38F20AE6,2026-02-18,23:04:42,24.62,100.0,18.0,22.63,120.348
74DA38F7C464,2026-02-18,23:04:49,14.87,31.0,0.0,25.006,121.413
74DA38F20B82,2026-02-18,23:04:57,-4.0,0.0,3.0,22.847,120.465
74DA38F21204,2026-02-18,23:04:57,19.62,100.0,0.0,25.062,121.451
74DA38F20E6E,2026-02-18,23:04:59,14.37,91.0,0.0,24.41,120.902
74DA38F7C616,2026-02-18,23:05:08,15.87,100.0,0.0,25.031,121.563
74DA38F20D2E,2026-02-18,23:05:11,16.0,100.0,1.0,25.06,121.545
74DA38F7C53C,2026-02-18,23:05:14,15.37,100.0,0.0,25.11,121.804
74DA38F7C3DC,2026-02-18,23:05:17,15.25,100.0,43.0,25.003,121.539
74DA38F21054,2026-02-18,23:05:19,23.75,63.0,22.0,22.898,120.627
74DA38ED0630,2026-02-18,23:05:21,17.87,100.0,0.0,23.994,121.594
74DA38F20A30,2026-02-18,23:05:27,16.0,88.0,0.0,24.948,121.372
74DA38F20D4C,2026-02-18,23:05:51,17.37,100.0,0.0,22.971,121.303
74DA38F7C47C,2026-02-18,23:06:00,16.62,100.0,0.0,25.055,121.455
74DA38F210F6,2026-02-18,23:06:01,18.25,100.0,7.0,22.757426,121.158891
74DA38ED0640,2026-02-18,23:06:03,14.25,100.0,9.0,23.154,121.266
74DA38F7C5CE,2026-02-18,23:06:03,15.12,91.0,0.0,25.066,121.656
74DA38ED05EA,2026-02-18,23:06:04,16.0,100.0,16.0,23.394,121.357
74DA38F209A4,2026-02-18,23:06:06,18.12,100.0,0.0,22.702,120.572
74DA38F20D6C,2026-02-18,23:06:07,19.87,75.0,0.0,22.661,120.301
74DA38F20B80,2026-02-18,23:06:10,17.37,100.0,1.0,22.599,120.35
74DA38F209DE,2026-02-18,23:06:11,17.5,100.0,1.0,24.861,120.964
74DA38F7C514,2026-02-18,23:06:11,15.87,100.0,24.0,25.051,121.518
74DA38F21048,2026-02-18,23:06:18,18.62,100.0,35.0,22.595,120.341
74DA38F21136,2026-02-18,23:06:24,16.0,100.0,17.0,25.119,121.505
74DA38F207DE,2026-02-18,23:06:25,18.25,100.0,42.0,22.603,120.34
74DA38F20D2A,2026-02-18,23:06:34,16.25,73.0,0.0,25.048,121.573
74DA38F20EB2,2026-02-18,23:06:38,13.25,100.0,35.0,24.324,120.835
74DA38F210A2,2026-02-18,23:06:42,16.37,100.0,6.0,25.12,121.466
74DA38ED06E0,2026-02-18,23:06:44,18.25,91.0,0.0,23.601,121.521
74DA38F7C47E,2026-02-18,23:06:56,16.37,100.0,29.0,25.053963,121.427681
74DA38F20BCA,2026-02-18,23:07:11,15.5,100.0,1.0,25.079,121.58
74DA38F7C3DE,2026-02-18,23:07:15,16.37,100.0,287.0,24.972,121.537
74DA38F7C610,2026-02-18,23:07:15,17.37,82.0,22.0,25.063,121.564
74DA38F21024,2026-02-18,23:07:17,16.25,100.0,0.0,24.93,121.036
74DA38F7C29C,2026-02-18,23:07:18,16.37,100.0,21.0,25.02,121.416
74DA38F20E9E,2026-02-18,23:07:24,15.0,100.0,28.0,24.648,121.151
74DA38F7C27E,2026-02-18,23:07:25,16.5,95.0,25.0,25.053,121.444
74DA38ED05B6,2026-02-18,23:07:33,15.25,100.0,22.0,23.43,121.348
74DA38F20976,2026-02-18,23:07:34,15.75,95.0,24.0,25.127,121.746
74DA38F209B2,2026-02-18,23:07:37,19.0,100.0,0.0,22.363,120.599
74DA38F7C260,2026-02-18,23:07:48,15.62,100.0,0.0,25.065,121.425
74DA38F20DE0,2026-02-18,23:07:49,21.0,100.0,9.0,22.589,120.328
74DA38ED059C,2026-02-18,23:07:50,15.37,100.0,13.0,23.706,121.412
74DA38F7C41E,2026-02-18,23:07:50,16.87,77.0,20.0,25.054,121.517
74DA38F20AA4,2026-02-18,23:07:53,22.75,89.0,28.0,22.685,120.492
74DA38F20F0A,2026-02-18,23:07:54,18.12,100.0,21.0,22.995,120.635
74DA38ED04F2,2026-02-18,23:07:55,16.0,100.0,10.0,23.468,121.496
74DA38F210E4,2026-02-18,23:07:56,18.25,100.0,17.0,23.24,120.696
74DA38F20D16,2026-02-18,23:08:09,16.37,100.0,28.0,25.062,121.526
74DA38F7C366,2026-02-18,23:08:11,15.87,100.0,12.0,25.002,121.516
74DA38F20902,2026-02-18,23:08:14,19.87,96.0,2.0,22.204,120.7
74DA38F7C566,2026-02-18,23:08:18,16.87,100.0,0.0,25.051,121.448
74DA38F21088,2026-02-18,23:08:23,15.62,100.0,0.0,25.068,121.588
74DA38F7C30C,2026-02-18,23:08:24,16.0,100.0,0.0,24.975,121.532
74DA38F7C4DE,2026-02-18,23:08:27,16.25,100.0,0.0,25.09,121.462
74DA38F20DC0,2026-02-18,23:08:29,17.37,100.0,4.0,22.711,120.295
74DA38F7C560,2026-02-18,23:08:29,15.62,100.0,0.0,25.079,121.671
74DA38F7C40C,2026-02-18,23:08:32,15.62,100.0,0.0,24.995,121.52
74DA38F209A8,2026-02-18,23:08:48,-4.0,0.0,0.0,22.401,120.577
74DA38F20B5C,2026-02-18,23:09:01,-4.0,0.0,41.0,22.798,120.293
74DA38F20E34,2026-02-18,23:09:13,19.37,74.0,28.0,22.586,120.313
74DA38F7C3BA,2026-02-18,23:09:14,118.87,46.0,124.0,25.174,121.441
74DA38F7C63C,2026-02-18,23:09:26,85.25,100.0,15.0,24.998,121.425
74DA38F20A78,2026-02-18,23:09:28,15.75,100.0,11.0,22.904,121.124
74DA38F20D1E,2026-02-18,23:09:32,16.25,100.0,30.0,25.048,121.573
74DA38F7C4CC,2026-02-18,23:09:35,16.0,100.0,26.0,25.062,121.451
74DA38F20D1A,2026-02-18,23:09:43,16.37,86.0,0.0,25.078,121.541
74DA38F209EE,2026-02-18,23:09:44,19.5,100.0,0.0,23.026,121.33
74DA38F7C562,2026-02-18,23:09:44,15.5,100.0,23.0,25.021,121.418
74DA38F7C600,2026-02-18,23:09:44,21.5,50.0,17.0,25.07,121.586
74DA38F2113E,2026-02-18,23:09:51,-4.0,0.0,3.0,22.728,120.313
74DA38F7C31C,2026-02-18,23:09:52,15.87,100.0,2.0,24.93,121.372
74DA38F20AAA,2026-02-18,23:10:05,12.75,100.0,10.0,24.6,120.999
74DA38F20D70,2026-02-18,23:10:07,16.37,100.0,1.0,23.05,121.164
74DA38F7C3B2,2026-02-18,23:10:08,18.75,67.0,18.0,24.929,121.378
74DA38F7C3D6,2026-02-18,23:10:09,16.25,100.0,0.0,25.045,121.541
74DA38F20B88,2026-02-18,23:10:15,17.5,100.0,0.0,22.75,120.316
74DA38F20C22,2026-02-18,23:10:17,19.75,100.0,0.0,22.729,120.357
74DA38F20BE4,2026-02-18,23:10:22,15.75,100.0,35.0,24.791,120.957
74DA38F7C524,2026-02-18,23:10:30,14.5,100.0,149.0,25.002,121.552
74DA38F7C30E,2026-02-18,23:10:39,16.12,100.0,28.0,24.949,121.382
74DA38F209F8,2026-02-18,23:10:47,17.37,100.0,0.0,23.157,121.4
74DA38F7C37C,2026-02-18,23:10:47,14.12,100.0,0.0,25.111,121.856
74DA38F7C39A,2026-02-18,23:10:48,15.87,100.0,0.0,25.002,121.414
74DA38F20DD0,2026-02-18,23:10:50,18.25,100.0,1.0,22.6080258,120.3229833
74DA38F7C570,2026-02-18,23:10:52,16.0,100.0,0.0,25.239,121.63
74DA38F208E2,2026-02-18,23:10:53,15.5,100.0,12.0,24.688,121.766
74DA38F7C5E6,2026-02-18,23:10:54,15.75,100.0,14.0,25.107,121.843
74DA38F20AE6,2026-02-18,23:10:55,24.5,100.0,17.0,22.63,120.348
74DA38F20E6E,2026-02-18,23:11:07,14.5,92.0,0.0,24.41,120.902
74DA38F2118E,2026-02-18,23:11:08,11.37,100.0,68.0,26.148,119.935
74DA38F21204,2026-02-18,23:11:09,19.5,100.0,1.0,25.062,121.451
74DA38F7C616,2026-02-18,23:11:24,15.75,100.0,0.0,25.031,121.563
74DA38F7C464,2026-02-18,23:11:26,14.87,31.0,0.0,25.006,121.413
74DA38F21054,2026-02-18,23:11:33,23.75,63.0,22.0,22.898,120.627
74DA38F7C3DC,2026-02-18,23:11:35,15.37,100.0,47.0,25.003,121.539
74DA38F20D2E,2026-02-18,23:11:44,16.0,100.0,0.0,25.06,121.545
74DA38F7C53C,2026-02-18,23:11:49,15.25,100.0,0.0,25.11,121.804
74DA38ED0630,2026-02-18,23:12:01,17.87,100.0,0.0,23.994,121.594
74DA38F20A30,2026-02-18,23:12:04,16.12,88.0,2.0,24.948,121.372
74DA38F210F6,2026-02-18,23:12:13,18.25,100.0,7.0,22.757426,121.158891
74DA38F7C47C,2026-02-18,23:12:15,16.5,100.0,0.0,25.055,121.455
74DA38ED05EA,2026-02-18,23:12:16,16.0,100.0,16.0,23.394,121.357
74DA38ED0640,2026-02-18,23:12:17,14.25,100.0,9.0,23.154,121.266
74DA38F7C514,2026-02-18,23:12:26,15.75,100.0,24.0,25.051,121.518
74DA38F20D4C,2026-02-18,23:12:27,17.62,100.0,0.0,22.971,121.303
74DA38F21136,2026-02-18,23:12:38,16.0,100.0,17.0,25.119,121.505
74DA38F7C5CE,2026-02-18,23:12:38,15.12,91.0,0.0,25.066,121.656
74DA38F209A4,2026-02-18,23:12:41,18.12,100.0,0.0,22.702,120.572
74DA38F20B80,2026-02-18,23:12:43,17.37,100.0,2.0,22.599,120.35
74DA38F207DE,2026-02-18,23:12:44,18.25,100.0,44.0,22.603,120.34
74DA38F209DE,2026-02-18,23:12:45,17.5,100.0,0.0,24.861,120.964
74DA38F210A2,2026-02-18,23:12:54,16.5,100.0,5.0,25.12,121.466
74DA38ED06E0,2026-02-18,23:12:56,18.37,91.0,0.0,23.601,121.521
74DA38F21048,2026-02-18,23:12:59,18.5,100.0,35.0,22.595,120.341
74DA38F20EB2,2026-02-18,23:13:00,13.75,100.0,35.0,24.324,120.835
74DA38F7C47E,2026-02-18,23:13:12,16.5,100.0,29.0,25.053963,121.427681
74DA38F7C3DE,2026-02-18,23:13:17,16.37,100.0,288.0,24.972,121.537
74DA38F20D2A,2026-02-18,23:13:21,16.37,73.0,0.0,25.048,121.573
74DA38F7C338,2026-02-18,23:13:30,18.0,96.0,21.0,25.011,121.458
74DA38F7C610,2026-02-18,23:13:31,17.37,82.0,22.0,25.063,121.564
74DA38F7C29C,2026-02-18,23:13:36,16.37,100.0,21.0,25.02,121.416
74DA38F7C27E,2026-02-18,23:13:39,16.5,95.0,25.0,25.053,121.444
74DA38F20E9E,2026-02-18,23:13:43,15.25,100.0,23.0,24.648,121.151
74DA38F20BCA,2026-02-18,23:13:47,15.62,100.0,0.0,25.079,121.58
74DA38ED05B6,2026-02-18,23:13:50,15.37,100.0,20.0,23.43,121.348
74DA38F20976,2026-02-18,23:13:50,15.87,95.0,25.0,25.127,121.746
74DA38F21024,2026-02-18,23:13:51,16.25,100.0,0.0,24.93,121.036
74DA38ED059C,2026-02-18,23:14:03,15.5,100.0,21.0,23.706,121.412
74DA38F7C41E,2026-02-18,23:14:03,16.75,77.0,19.0,25.054,121.517
74DA38F20AA4,2026-02-18,23:14:07,22.75,89.0,28.0,22.685,120.492
74DA38ED04F2,2026-02-18,23:14:08,15.87,100.0,10.0,23.468,121.496
74DA38F20F0A,2026-02-18,23:14:09,18.12,100.0,21.0,22.995,120.635
74DA38F209B2,2026-02-18,23:14:11,18.87,100.0,0.0,22.363,120.599
74DA38F210E4,2026-02-18,23:14:12,18.12,100.0,19.0,23.24,120.696
74DA38F7C5BE,2026-02-18,23:14:16,17.0,81.0,25.0,25.092,121.523
74DA38F7C59C,2026-02-18,23:14:19,16.25,78.0,30.0,25.103,121.487
74DA38F7C366,2026-02-18,23:14:25,15.87,100.0,13.0,25.002,121.516
74DA38F20902,2026-02-18,23:14:26,20.0,95.0,2.0,22.204,120.7
74DA38F20DE0,2026-02-18,23:14:26,20.87,100.0,4.0,22.589,120.328
74DA38F7C260,2026-02-18,23:14:26,15.75,100.0,1.0,25.065,121.425
74DA38F20D16,2026-02-18,23:14:28,16.37,100.0,26.0,25.062,121.526
74DA38F20B82,2026-02-18,23:14:36,-4.0,0.0,3.0,22.847,120.465
74DA38F7C30C,2026-02-18,23:14:41,15.87,100.0,0.0,24.975,121.532
74DA38F7C4DE,2026-02-18,23:14:42,16.37,100.0,0.0,25.09,121.462
74DA38F7C40C,2026-02-18,23:14:45,15.75,100.0,0.0,24.995,121.52
74DA38F7C566,2026-02-18,23:14:52,16.87,100.0,0.0,25.051,121.448
74DA38F21088,2026-02-18,23:14:59,15.62,100.0,1.0,25.068,121.588
74DA38F7C560,2026-02-18,23:15:04,15.62,100.0,0.0,25.079,121.671
74DA38F20DC0,2026-02-18,23:15:07,17.5,100.0,3.0,22.711,120.295
74DA38F2104E,2026-02-18,23:15:09,18.25,100.0,32.0,23.108,120.7
74DA38F20BD0,2026-02-18,23:15:19,-4.0,0.0,25.0,22.688,120.408
74DA38F7C3BA,2026-02-18,23:15:22,118.87,46.0,128.0,25.174,121.441
74DA38F20E34,2026-02-18,23:15:29,19.5,74.0,27.0,22.586,120.313
74DA38F20A78,2026-02-18,23:15:41,15.62,100.0,11.0,22.904,121.124
74DA38F7C63C,2026-02-18,23:15:42,85.25,100.0,17.0,24.998,121.425
74DA38ED0454,2026-02-18,23:15:44,17.87,100.0,16.0,24.053,121.599
74DA38F20D1E,2026-02-18,23:15:50,16.37,100.0,29.0,25.048,121.573
74DA38F7C4CC,2026-02-18,23:15:51,16.12,100.0,32.0,25.062,121.451
74DA38F7C600,2026-02-18,23:15:55,21.5,49.0,16.0,25.07,121.586
74DA38F209EE,2026-02-18,23:15:57,19.62,100.0,0.0,23.026,121.33
74DA38F20AAA,2026-02-18,23:16:17,12.87,100.0,10.0,24.6,120.999
74DA38F20D1A,2026-02-18,23:16:18,16.5,86.0,1.0,25.078,121.541
74DA38F20D70,2026-02-18,23:16:19,16.5,100.0,2.0,23.05,121.164
74DA38F7C3B2,2026-02-18,23:16:22,18.75,67.0,17.0,24.929,121.378
74DA38F7C31C,2026-02-18,23:16:30,15.75,100.0,5.0,24.93,121.372
74DA38F20BE4,2026-02-18,23:16:37,15.75,100.0,35.0,24.791,120.957
74DA38F7C3D6,2026-02-18,23:16:42,16.25,100.0,0.0,25.045,121.541
74DA38F20B88,2026-02-18,23:16:50,17.62,100.0,0.0,22.75,120.316
74DA38F20C22,2026-02-18,23:16:59,19.5,100.0,0.0,22.729,120.357
74DA38F208E2,2026-02-18,23:17:04,15.5,100.0,14.0,24.688,121.766
74DA38F20AE6,2026-02-18,23:17:07,24.62,100.0,17.0,22.63,120.348
74DA38F7C30E,2026-02-18,23:17:12,16.25,100.0,30.0,24.949,121.382
74DA38F20E6E,2026-02-18,23:17:13,14.62,91.0,0.0,24.41,120.902
74DA38F7C524,2026-02-18,23:17:13,14.62,100.0,118.0,25.002,121.552
74DA38F2113E,2026-02-18,23:17:14,-4.0,0.0,3.0,22.728,120.313
74DA38F7C5E6,2026-02-18,23:17:15,15.75,100.0,14.0,25.107,121.843
74DA38F209F8,2026-02-18,23:17:21,18.25,100.0,0.0,23.157,121.4
74DA38F7C37C,2026-02-18,23:17:21,14.12,100.0,0.0,25.111,121.856
74DA38F7C39A,2026-02-18,23:17:23,16.0,100.0,0.0,25.002,121.414
74DA38F7C570,2026-02-18,23:17:25,15.87,100.0,0.0,25.239,121.63
74DA38F20DD0,2026-02-18,23:17:34,18.12,100.0,1.0,22.6080258,120.3229833
74DA38F20B26,2026-02-18,23:17:36,19.5,100.0,34.0,22.783,120.247
74DA38F7C616,2026-02-18,23:17:38,16.0,100.0,0.0,25.031,121.563
74DA38F21054,2026-02-18,23:17:45,23.75,63.0,22.0,22.898,120.627
74DA38F2118E,2026-02-18,23:17:51,11.25,100.0,69.0,26.148,119.935
74DA38F7C3DC,2026-02-18,23:17:52,15.37,100.0,47.0,25.003,121.539
74DA38F7C464,2026-02-18,23:18:02,15.0,32.0,0.0,25.006,121.413
74DA38F20D2E,2026-02-18,23:18:16,16.12,100.0,1.0,25.06,121.545
74DA38F7C53C,2026-02-18,23:18:19,15.37,100.0,0.0,25.11,121.804
74DA38F210F6,2026-02-18,23:18:20,18.25,100.0,7.0,22.757426,121.158891
74DA38F7C47C,2026-02-18,23:18:25,16.5,100.0,0.0,25.055,121.455
74DA38ED05EA,2026-02-18,23:18:26,16.0,100.0,15.0,23.394,121.357
74DA38ED0640,2026-02-18,23:18:26,14.25,100.0,10.0,23.154,121.266
74DA38F20B5C,2026-02-18,23:18:29,-4.0,0.0,41.0,22.798,120.293
74DA38F209A8,2026-02-18,23:18:32,-4.0,0.0,1.0,22.401,120.577
74DA38F20A30,2026-02-18,23:18:37,16.12,88.0,0.0,24.948,121.372
74DA38F7C514,2026-02-18,23:18:38,15.87,100.0,24.0,25.051,121.518
74DA38ED0630,2026-02-18,23:18:41,18.0,100.0,0.0,23.994,121.594
74DA38F20D4C,2026-02-18,23:18:57,17.87,100.0,0.0,22.971,121.303
74DA38F207DE,2026-02-18,23:18:59,18.37,100.0,46.0,22.603,120.34
74DA38F210A2,2026-02-18,23:19:01,16.5,100.0,5.0,25.12,121.466
74DA38ED06E0,2026-02-18,23:19:04,18.25,91.0,0.0,23.601,121.521
74DA38F7C5CE,2026-02-18,23:19:07,15.12,91.0,0.0,25.066,121.656
74DA38F20B80,2026-02-18,23:19:12,17.37,100.0,1.0,22.599,120.35
74DA38F209A4,2026-02-18,23:19:14,18.25,100.0,1.0,22.702,120.572
74DA38F209DE,2026-02-18,23:19:14,17.5,100.0,0.0,24.861,120.964
74DA38F7C3DE,2026-02-18,23:19:14,16.5,100.0,301.0,24.972,121.537
74DA38F7C47E,2026-02-18,23:19:23,16.5,100.0,28.0,25.053963,121.427681
74DA38F21048,2026-02-18,23:19:35,18.37,100.0,34.0,22.595,120.341
74DA38F7C610,2026-02-18,23:19:42,17.37,82.0,22.0,25.063,121.564
74DA38F7C29C,2026-02-18,23:19:47,16.37,100.0,20.0,25.02,121.416
74DA38F7C27E,2026-02-18,23:19:49,16.5,95.0,25.0,25.053,121.444
74DA38F20D2A,2026-02-18,23:19:51,16.25,73.0,1.0,25.048,121.573
74DA38F20E9E,2026-02-18,23:19:51,15.25,100.0,12.0,24.648,121.151
74DA38ED05B6,2026-02-18,23:19:58,15.37,100.0,20.0,23.43,121.348
74DA38F20976,2026-02-18,23:20:02,15.87,95.0,26.0,25.127,121.746
74DA38ED059C,2026-02-18,23:20:14,15.5,100.0,24.0,23.706,121.412
74DA38F7C41E,2026-02-18,23:20:14,16.75,77.0,20.0,25.054,121.517
74DA38F20AA4,2026-02-18,23:20:17,22.75,89.0,27.0,22.685,120.492
74DA38ED04F2,2026-02-18,23:20:18,15.87,100.0,9.0,23.468,121.496
74DA38F20F0A,2026-02-18,23:20:18,18.25,100.0,20.0,22.995,120.635
74DA38F20BCA,2026-02-18,23:20:19,15.62,100.0,1.0,25.079,121.58
74DA38F21024,2026-02-18,23:20:21,16.25,100.0,0.0,24.93,121.036
74DA38F210E4,2026-02-18,23:20:21,18.12,100.0,16.0,23.24,120.696
74DA38F7C5BE,2026-02-18,23:20:26,16.87,81.0,24.0,25.092,121.523
74DA38F7C59C,2026-02-18,23:20:27,16.25,78.0,28.0,25.103,121.487
74DA38F20902,2026-02-18,23:20:33,20.0,95.0,2.0,22.204,120.7
74DA38F7C366,2026-02-18,23:20:33,15.87,100.0,13.0,25.002,121.516
74DA38F20D16,2026-02-18,23:20:38,16.5,100.0,26.0,25.062,121.526
74DA38F209B2,2026-02-18,23:20:39,19.12,100.0,0.0,22.363,120.599
74DA38F7C30C,2026-02-18,23:20:54,15.87,100.0,0.0,24.975,121.532
74DA38F7C40C,2026-02-18,23:20:54,15.75,100.0,0.0,24.995,121.52
74DA38F7C4DE,2026-02-18,23:20:55,16.25,100.0,0.0,25.09,121.462
74DA38F20DE0,2026-02-18,23:20:57,20.75,100.0,7.0,22.589,120.328
74DA38F7C260,2026-02-18,23:20:58,15.75,100.0,0.0,25.065,121.425
74DA38F2104E,2026-02-18,23:21:21,18.25,100.0,33.0,23.108,120.7
74DA38F7C566,2026-02-18,23:21:22,16.87,100.0,0.0,25.051,121.448
74DA38F21088,2026-02-18,23:21:26,15.62,100.0,0.0,25.068,121.588
74DA38F7C3BA,2026-02-18,23:21:26,118.87,46.0,126.0,25.174,121.441
74DA38F7C560,2026-02-18,23:21:34,15.62,100.0,0.0,25.079,121.671
74DA38F20E34,2026-02-18,23:21:42,19.5,73.0,27.0,22.586,120.313
74DA38F20A78,2026-02-18,23:21:48,15.75,100.0,10.0,22.904,121.124
74DA38F7C63C,2026-02-18,23:21:50,85.25,100.0,15.0,24.998,121.425
74DA38F20DC0,2026-02-18,23:21:53,17.5,100.0,2.0,22.711,120.295
74DA38F7C600,2026-02-18,23:22:01,21.37,49.0,16.0,25.07,121.586
74DA38F209EE,2026-02-18,23:22:03,19.62,100.0,0.0,23.026,121.33
74DA38F7C4CC,2026-02-18,23:22:03,16.0,100.0,34.0,25.062,121.451
74DA38F20D1E,2026-02-18,23:22:04,16.25,100.0,30.0,25.048,121.573
74DA38ED0454,2026-02-18,23:22:05,18.0,100.0,15.0,24.053,121.599
74DA38F20AAA,2026-02-18,23:22:27,12.87,100.0,11.0,24.6,120.999
74DA38F20D70,2026-02-18,23:22:27,16.37,100.0,1.0,23.05,121.164
74DA38F7C3B2,2026-02-18,23:22:31,18.75,67.0,17.0,24.929,121.378
74DA38F7C562,2026-02-18,23:22:46,15.62,100.0,25.0,25.021,121.418
74DA38F20D1A,2026-02-18,23:22:47,16.5,86.0,0.0,25.078,121.541
74DA38F20BE4,2026-02-18,23:22:50,15.75,100.0,35.0,24.791,120.957
74DA38F7C31C,2026-02-18,23:23:01,15.75,100.0,3.0,24.93,121.372
74DA38F208E2,2026-02-18,23:23:10,15.62,100.0,11.0,24.688,121.766
74DA38F7C3D6,2026-02-18,23:23:11,16.25,100.0,0.0,25.045,121.541
74DA38F20AE6,2026-02-18,23:23:14,24.5,100.0,17.0,22.63,120.348
74DA38F20E6E,2026-02-18,23:23:15,14.62,91.0,0.0,24.41,120.902
74DA38F20B88,2026-02-18,23:23:21,17.62,100.0,0.0,22.75,120.316
74DA38F7C5E6,2026-02-18,23:23:25,15.75,100.0,14.0,25.107,121.843
74DA38F7C30E,2026-02-18,23:23:28,16.37,100.0,33.0,24.949,121.382
74DA38F20C22,2026-02-18,23:23:30,19.37,100.0,0.0,22.729,120.357
74DA38F21204,2026-02-18,23:23:38,19.62,100.0,0.0,25.062,121.451
74DA38F7C616,2026-02-18,23:23:45,16.0,100.0,0.0,25.031,121.563
74DA38F7C37C,2026-02-18,23:23:50,14.12,100.0,0.0,25.111,121.856
74DA38F209F8,2026-02-18,23:23:51,19.12,100.0,0.0,23.157,121.4
74DA38F20B26,2026-02-18,23:23:51,19.5,100.0,35.0,22.783,120.247
74DA38F21054,2026-02-18,23:23:53,23.75,63.0,22.0,22.898,120.627
74DA38F7C524,2026-02-18,23:23:53,14.62,100.0,80.0,25.002,121.552
74DA38F7C39A,2026-02-18,23:23:54,15.87,100.0,0.0,25.002,121.414
74DA38F20C26,2026-02-18,23:23:59,20.37,72.0,30.0,22.676,120.342
74DA38F7C570,2026-02-18,23:23:59,16.0,100.0,0.0,25.239,121.63
74DA38F20DD0,2026-02-18,23:24:03,18.5,100.0,1.0,22.6080258,120.3229833
74DA38F7C3DC,2026-02-18,23:24:04,15.37,100.0,41.0,25.003,121.539
74DA38F20B82,2026-02-18,23:24:09,-4.0,0.0,2.0,22.847,120.465
74DA38F210F6,2026-02-18,23:24:27,18.25,100.0,8.0,22.757426,121.158891
74DA38F2118E,2026-02-18,23:24:30,11.37,100.0,67.0,26.148,119.935
74DA38F7C464,2026-02-18,23:24:32,15.12,33.0,0.0,25.006,121.413
74DA38ED05EA,2026-02-18,23:24:34,16.0,100.0,14.0,23.394,121.357
74DA38F2113E,2026-02-18,23:24:34,-4.0,0.0,4.0,22.728,120.313
74DA38ED0640,2026-02-18,23:24:35,14.37,100.0,9.0,23.154,121.266
74DA38F7C47C,2026-02-18,23:24:35,16.62,100.0,0.0,25.055,121.455
74DA38F20D2E,2026-02-18,23:24:43,16.12,100.0,0.0,25.06,121.545
74DA38F7C53C,2026-02-18,23:24:48,15.5,100.0,0.0,25.11,121.804
74DA38F7C514,2026-02-18,23:24:49,15.62,100.0,23.0,25.051,121.518
74DA38F21136,2026-02-18,23:24:51,16.12,100.0,15.0,25.119,121.505
74DA38F210A2,2026-02-18,23:25:07,16.5,100.0,6.0,25.12,121.466
74DA38F7C3DE,2026-02-18,23:25:10,16.37,100.0,303.0,24.972,121.537
74DA38ED0630,2026-02-18,23:25:13,18.0,100.0,0.0,23.994,121.594
74DA38ED06E0,2026-02-18,23:25:13,18.25,91.0,0.0,23.601,121.521
74DA38F207DE,2026-02-18,23:25:13,18.5,100.0,43.0,22.603,120.34
74DA38F20A30,2026-02-18,23:25:19,16.12,88.0,0.0,24.948,121.372
74DA38F20D4C,2026-02-18,23:25:27,17.87,100.0,0.0,22.971,121.303
74DA38F7C47E,2026-02-18,23:25:33,16.37,100.0,28.0,25.053963,121.427681
74DA38F7C5CE,2026-02-18,23:25:35,15.25,91.0,0.0,25.066,121.656
74DA38F20B80,2026-02-18,23:25:42,17.37,100.0,2.0,22.599,120.35
74DA38F209DE,2026-02-18,23:25:43,17.37,100.0,0.0,24.861,120.964
74DA38F209A4,2026-02-18,23:25:44,18.12,100.0,0.0,22.702,120.572
74DA38F20BD0,2026-02-18,23:25:52,-4.0,0.0,24.0,22.688,120.408
74DA38F7C610,2026-02-18,23:25:53,17.37,82.0,22.0,25.063,121.564
74DA38F7C29C,2026-02-18,23:25:57,16.37,100.0,20.0,25.02,121.416
74DA38F20E9E,2026-02-18,23:25:58,15.12,100.0,13.0,24.648,121.151
74DA38F7C27E,2026-02-18,23:26:00,16.37,95.0,24.0,25.053,121.444
74DA38ED05B6,2026-02-18,23:26:07,15.37,100.0,20.0,23.43,121.348
74DA38F21048,2026-02-18,23:26:08,18.37,100.0,32.0,22.595,120.341
74DA38F20976,2026-02-18,23:26:12,15.87,96.0,26.0,25.127,121.746
74DA38F20D2A,2026-02-18,23:26:23,16.25,73.0,1.0,25.048,121.573
74DA38F7C41E,2026-02-18,23:26:23,16.75,77.0,20.0,25.054,121.517
74DA38ED059C,2026-02-18,23:26:25,15.5,100.0,20.0,23.706,121.412
74DA38F20AA4,2026-02-18,23:26:25,22.75,88.0,25.0,22.685,120.492
74DA38ED04F2,2026-02-18,23:26:28,15.87,100.0,9.0,23.468,121.496
74DA38F20F0A,2026-02-18,23:26:28,18.37,100.0,20.0,22.995,120.635
74DA38F210E4,2026-02-18,23:26:28,18.0,100.0,15.0,23.24,120.696
74DA38F7C5BE,2026-02-18,23:26:36,17.0,81.0,25.0,25.092,121.523
74DA38F7C59C,2026-02-18,23:26:38,16.25,78.0,29.0,25.103,121.487
74DA38F7C366,2026-02-18,23:26:42,15.87,100.0,13.0,25.002,121.516
74DA38F20902,2026-02-18,23:26:45,20.12,95.0,2.0,22.204,120.7
74DA38F20BCA,2026-02-18,23:26:48,15.62,100.0,0.0,25.079,121.58
74DA38F20D16,2026-02-18,23:26:51,16.5,100.0,26.0,25.062,121.526
74DA38F21024,2026-02-18,23:26:51,16.25,100.0,0.0,24.93,121.036
74DA38F7C338,2026-02-18,23:27:01,18.0,96.0,22.0,25.011,121.458
74DA38F7C40C,2026-02-18,23:27:01,15.75,100.0,0.0,24.995,121.52
74DA38F7C30C,2026-02-18,23:27:06,15.87,100.0,0.0,24.975,121.532
74DA38F209B2,2026-02-18,23:27:07,19.37,100.0,0.0,22.363,120.599
74DA38F7C4DE,2026-02-18,23:27:16,16.37,100.0,0.0,25.09,121.462
74DA38F20DE0,2026-02-18,23:27:26,20.75,100.0,7.0,22.589,120.328
74DA38F7C3BA,2026-02-18,23:27:29,118.87,46.0,125.0,25.174,121.441
74DA38F7C260,2026-02-18,23:27:32,15.75,100.0,0.0,25.065,121.425
74DA38F2104E,2026-02-18,23:27:34,18.25,100.0,33.0,23.108,120.7
74DA38F7C566,2026-02-18,23:27:49,17.0,100.0,0.0,25.051,121.448
74DA38F20B5C,2026-02-18,23:27:55,-4.0,0.0,42.0,22.798,120.293
74DA38F20E34,2026-02-18,23:27:55,19.25,74.0,28.0,22.586,120.313
74DA38F20A78,2026-02-18,23:27:56,16.0,100.0,9.0,22.904,121.124
74DA38F21088,2026-02-18,23:27:57,15.75,100.0,0.0,25.068,121.588
74DA38F7C63C,2026-02-18,23:27:59,85.25,100.0,15.0,24.998,121.425
74DA38F7C560,2026-02-18,23:28:03,15.5,100.0,0.0,25.079,121.671
74DA38F7C600,2026-02-18,23:28:09,21.25,54.0,16.0,25.07,121.586
74DA38F209EE,2026-02-18,23:28:10,20.12,100.0,0.0,23.026,121.33
74DA38F209A8,2026-02-18,23:28:12,-4.0,0.0,0.0,22.401,120.577
74DA38ED0454,2026-02-18,23:28:17,18.12,100.0,17.0,24.053,121.599
74DA38F7C4CC,2026-02-18,23:28:17,16.12,100.0,32.0,25.062,121.451
74DA38F20DC0,2026-02-18,23:28:23,17.62,100.0,2.0,22.711,120.295
74DA38F20AAA,2026-02-18,23:28:34,12.87,100.0,11.0,24.6,120.999
74DA38F20D70,2026-02-18,23:28:35,16.62,100.0,1.0,23.05,121.164
74DA38F7C3B2,2026-02-18,23:28:42,18.75,67.0,18.0,24.929,121.378
74DA38F20D1E,2026-02-18,23:28:43,16.25,100.0,28.0,25.048,121.573
74DA38F7C562,2026-02-18,23:28:56,15.37,100.0,24.0,25.021,121.418
74DA38F20BE4,2026-02-18,23:29:00,15.75,100.0,36.0,24.791,120.957
74DA38F20EB2,2026-02-18,23:29:06,14.37,100.0,33.0,24.324,120.835
74DA38F208E2,2026-02-18,23:29:17,15.62,100.0,9.0,24.688,121.766
74DA38F20D1A,2026-02-18,23:29:17,16.62,86.0,0.0,25.078,121.541
74DA38F20E6E,2026-02-18,23:29:18,14.5,92.0,0.0,24.41,120.902
74DA38F20AE6,2026-02-18,23:29:24,24.5,100.0,17.0,22.63,120.348
74DA38F7C31C,2026-02-18,23:29:34,15.62,100.0,4.0,24.93,121.372
74DA38F7C5E6,2026-02-18,23:29:34,15.75,100.0,14.0,25.107,121.843
74DA38F7C30E,2026-02-18,23:29:41,16.5,100.0,30.0,24.949,121.382
74DA38F7C3D6,2026-02-18,23:29:41,16.37,100.0,0.0,25.045,121.541
74DA38F21204,2026-02-18,23:29:50,19.62,100.0,0.0,25.062,121.451
74DA38F20B88,2026-02-18,23:29:53,17.62,100.0,0.0,22.75,120.316
74DA38F7C616,2026-02-18,23:29:53,16.0,100.0,0.0,25.031,121.563
74DA38F20C22,2026-02-18,23:30:00,19.12,100.0,1.0,22.729,120.357
74DA38F21054,2026-02-18,23:30:01,23.75,63.0,22.0,22.898,120.627
74DA38F20C26,2026-02-18,23:30:14,20.0,73.0,31.0,22.676,120.342
74DA38F7C3DC,2026-02-18,23:30:15,15.37,100.0,35.0,25.003,121.539
74DA38F209F8,2026-02-18,23:30:19,20.0,100.0,0.0,23.157,121.4
74DA38F7C37C,2026-02-18,23:30:21,14.25,100.0,0.0,25.111,121.856
74DA38F7C39A,2026-02-18,23:30:24,16.0,100.0,0.0,25.002,121.414
74DA38F7C570,2026-02-18,23:30:28,16.0,100.0,0.0,25.239,121.63
74DA38F7C524,2026-02-18,23:30:31,14.75,100.0,75.0,25.002,121.552
74DA38F210F6,2026-02-18,23:30:33,18.5,100.0,8.0,22.757426,121.158891
74DA38F20DD0,2026-02-18,23:30:34,18.5,100.0,1.0,22.6080258,120.3229833
74DA38ED05EA,2026-02-18,23:30:43,16.0,100.0,23.0,23.394,121.357
74DA38ED0640,2026-02-18,23:30:43,14.37,100.0,8.0,23.154,121.266
74DA38F7C47C,2026-02-18,23:30:44,16.62,99.0,0.0,25.055,121.455
74DA38F21136,2026-02-18,23:31:00,16.25,100.0,16.0,25.119,121.505
74DA38F7C514,2026-02-18,23:31:01,15.75,100.0,23.0,25.051,121.518
74DA38F7C464,2026-02-18,23:31:04,15.12,32.0,0.0,25.006,121.413
74DA38F7C3DE,2026-02-18,23:31:07,16.5,100.0,302.0,24.972,121.537
74DA38F2118E,2026-02-18,23:31:09,11.25,100.0,68.0,26.148,119.935
74DA38F20D2E,2026-02-18,23:31:14,16.0,100.0,1.0,25.06,121.545
74DA38F210A2,2026-02-18,23:31:14,16.75,100.0,6.0,25.12,121.466
74DA38F7C53C,2026-02-18,23:31:17,15.5,100.0,0.0,25.11,121.804
74DA38ED06E0,2026-02-18,23:31:21,18.25,92.0,0.0,23.601,121.521
74DA38F207DE,2026-02-18,23:31:27,18.5,100.0,41.0,22.603,120.34
74DA38F7C47E,2026-02-18,23:31:41,16.5,100.0,29.0,25.053963,121.427681
74DA38ED0630,2026-02-18,23:31:49,18.0,100.0,0.0,23.994,121.594
74DA38F20A30,2026-02-18,23:31:52,16.0,87.0,1.0,24.948,121.372
74DA38F2113E,2026-02-18,23:31:53,-4.0,0.0,3.0,22.728,120.313
74DA38F20D4C,2026-02-18,23:31:57,18.37,100.0,0.0,22.971,121.303
74DA38F7C5CE,2026-02-18,23:32:03,15.37,91.0,0.0,25.066,121.656
74DA38F7C610,2026-02-18,23:32:03,17.37,82.0,21.0,25.063,121.564
74DA38F20E9E,2026-02-18,23:32:05,15.12,100.0,12.0,24.648,121.151
74DA38F7C29C,2026-02-18,23:32:07,16.5,100.0,19.0,25.02,121.416
74DA38F7C27E,2026-02-18,23:32:10,16.5,95.0,25.0,25.053,121.444
74DA38F209DE,2026-02-18,23:32:11,17.5,100.0,0.0,24.861,120.964
74DA38F20B80,2026-02-18,23:32:13,17.5,100.0,1.0,22.599,120.35
74DA38F209A4,2026-02-18,23:32:14,18.25,100.0,0.0,22.702,120.572
74DA38ED05B6,2026-02-18,23:32:18,15.62,100.0,18.0,23.43,121.348
74DA38F20976,2026-02-18,23:32:20,15.87,95.0,26.0,25.127,121.746
74DA38ED059C,2026-02-18,23:32:34,15.37,100.0,15.0,23.706,121.412
74DA38F7C41E,2026-02-18,23:32:34,16.75,78.0,20.0,25.054,121.517
74DA38F20AA4,2026-02-18,23:32:35,22.87,88.0,25.0,22.685,120.492
74DA38ED04F2,2026-02-18,23:32:37,16.0,100.0,10.0,23.468,121.496
74DA38F20F0A,2026-02-18,23:32:38,18.37,100.0,20.0,22.995,120.635
74DA38F210E4,2026-02-18,23:32:40,18.12,100.0,17.0,23.24,120.696
74DA38F21048,2026-02-18,23:32:44,18.37,100.0,29.0,22.595,120.341
74DA38F7C5BE,2026-02-18,23:32:44,16.87,81.0,24.0,25.092,121.523
74DA38F7C59C,2026-02-18,23:32:47,16.12,77.0,28.0,25.103,121.487
74DA38F7C366,2026-02-18,23:32:49,16.0,100.0,13.0,25.002,121.516
74DA38F20902,2026-02-18,23:32:53,20.12,94.0,2.0,22.204,120.7
74DA38F20D2A,2026-02-18,23:32:53,16.25,73.0,0.0,25.048,121.573
74DA38F20D16,2026-02-18,23:33:01,16.62,100.0,25.0,25.062,121.526
74DA38F7C40C,2026-02-18,23:33:11,15.75,100.0,0.0,24.995,121.52
74DA38F7C30C,2026-02-18,23:33:14,15.87,100.0,0.0,24.975,121.532
74DA38F20BCA,2026-02-18,23:33:19,15.75,100.0,0.0,25.079,121.58
74DA38F21024,2026-02-18,23:33:19,16.37,100.0,0.0,24.93,121.036
74DA38F7C4DE,2026-02-18,23:33:25,16.37,100.0,0.0,25.09,121.462
74DA38F7C3BA,2026-02-18,23:33:32,118.87,46.0,125.0,25.174,121.441
74DA38F209B2,2026-02-18,23:33:35,19.25,100.0,1.0,22.363,120.599
74DA38F20B82,2026-02-18,23:33:44,-4.0,0.0,2.0,22.847,120.465
74DA38F2104E,2026-02-18,23:33:46,18.12,100.0,34.0,23.108,120.7
74DA38F7C338,2026-02-18,23:33:52,18.12,97.0,20.0,25.011,121.458
74DA38F20DE0,2026-02-18,23:33:56,20.62,100.0,2.0,22.589,120.328
74DA38F7C260,2026-02-18,23:34:02,15.75,100.0,0.0,25.065,121.425
74DA38F20A78,2026-02-18,23:34:05,16.0,100.0,9.0,22.904,121.124
74DA38F20E34,2026-02-18,23:34:09,19.25,74.0,27.0,22.586,120.313
74DA38F7C63C,2026-02-18,23:34:10,85.25,100.0,16.0,24.998,121.425
74DA38F209EE,2026-02-18,23:34:16,20.5,100.0,0.0,23.026,121.33
74DA38F7C600,2026-02-18,23:34:16,20.87,55.0,16.0,25.07,121.586
74DA38F7C566,2026-02-18,23:34:18,16.87,100.0,0.0,25.051,121.448
74DA38F21088,2026-02-18,23:34:28,15.75,100.0,0.0,25.068,121.588
74DA38F7C4CC,2026-02-18,23:34:29,16.25,100.0,31.0,25.062,121.451
74DA38F7C560,2026-02-18,23:34:31,15.62,100.0,0.0,25.079,121.671
74DA38ED0454,2026-02-18,23:34:33,18.25,100.0,18.0,24.053,121.599
74DA38F20D70,2026-02-18,23:34:42,16.75,100.0,1.0,23.05,121.164
74DA38F20AAA,2026-02-18,23:34:43,12.87,100.0,11.0,24.6,120.999
74DA38F7C3B2,2026-02-18,23:34:50,18.75,67.0,17.0,24.929,121.378
74DA38F20DC0,2026-02-18,23:34:53,17.62,100.0,3.0,22.711,120.295
74DA38F20D1E,2026-02-18,23:34:55,16.25,100.0,30.0,25.048,121.573
74DA38F20BE4,2026-02-18,23:35:13,15.75,100.0,35.0,24.791,120.957
74DA38F7C562,2026-02-18,23:35:18,15.62,100.0,23.0,25.021,121.418
74DA38F20E6E,2026-02-18,23:35:21,14.62,92.0,0.0,24.41,120.902
74DA38F208E2,2026-02-18,23:35:24,15.62,100.0,11.0,24.688,121.766
74DA38F20AE6,2026-02-18,23:35:32,24.5,100.0,17.0,22.63,120.348
74DA38F7C5E6,2026-02-18,23:35:45,15.87,100.0,14.0,25.107,121.843
74DA38F20D1A,2026-02-18,23:35:49,16.62,86.0,0.0,25.078,121.541
74DA38F7C30E,2026-02-18,23:35:55,16.5,100.0,28.0,24.949,121.382
74DA38F7C616,2026-02-18,23:36:00,15.87,100.0,0.0,25.031,121.563
74DA38F21204,2026-02-18,23:36:03,19.75,100.0,0.0,25.062,121.451
74DA38F7C31C,2026-02-18,23:36:07,15.62,100.0,3.0,24.93,121.372
74DA38F21054,2026-02-18,23:36:08,23.75,63.0,22.0,22.898,120.627
74DA38F7C3D6,2026-02-18,23:36:10,16.25,100.0,0.0,25.045,121.541
74DA38F20BD0,2026-02-18,23:36:21,-4.0,0.0,24.0,22.688,120.408
74DA38F20B88,2026-02-18,23:36:24,17.62,100.0,0.0,22.75,120.316
74DA38F7C3DC,2026-02-18,23:36:24,15.37,100.0,33.0,25.003,121.539
74DA38F20C26,2026-02-18,23:36:29,19.62,73.0,31.0,22.676,120.342
74DA38F20C22,2026-02-18,23:36:32,18.75,100.0,2.0,22.729,120.357
74DA38F210F6,2026-02-18,23:36:41,18.5,100.0,8.0,22.757426,121.158891
74DA38F209F8,2026-02-18,23:36:49,20.87,100.0,0.0,23.157,121.4
74DA38F7C37C,2026-02-18,23:36:50,14.12,100.0,0.0,25.111,121.856
74DA38ED05EA,2026-02-18,23:36:51,15.87,100.0,19.0,23.394,121.357
74DA38ED0640,2026-02-18,23:36:51,14.5,100.0,8.0,23.154,121.266
74DA38F7C39A,2026-02-18,23:36:54,16.12,100.0,1.0,25.002,121.414
74DA38F7C47C,2026-02-18,23:36:55,16.62,99.0,0.0,25.055,121.455
74DA38F7C570,2026-02-18,23:36:58,16.0,100.0,0.0,25.239,121.63
74DA38F20B26,2026-02-18,23:37:03,19.5,100.0,35.0,22.783,120.247
74DA38F7C3DE,2026-02-18,23:37:03,16.5,100.0,297.0,24.972,121.537
74DA38F20DD0,2026-02-18,23:37:07,18.62,100.0,0.0,22.6080258,120.3229833
74DA38F21136,2026-02-18,23:37:09,16.25,100.0,16.0,25.119,121.505
74DA38F7C524,2026-02-18,23:37:10,14.75,100.0,71.0,25.002,121.552
74DA38F7C514,2026-02-18,23:37:11,15.87,100.0,23.0,25.051,121.518
74DA38F210A2,2026-02-18,23:37:22,16.62,100.0,6.0,25.12,121.466
74DA38F20B5C,2026-02-18,23:37:23,-4.0,0.0,42.0,22.798,120.293
74DA38ED06E0,2026-02-18,23:37:30,18.25,92.0,0.0,23.601,121.521
74DA38F7C464,2026-02-18,23:37:34,15.12,32.0,1.0,25.006,121.413
74DA38F207DE,2026-02-18,23:37:41,18.5,100.0,39.0,22.603,120.34
74DA38F20D2E,2026-02-18,23:37:43,16.0,100.0,0.0,25.06,121.545
74DA38F2118E,2026-02-18,23:37:46,11.25,100.0,66.0,26.148,119.935
74DA38F7C53C,2026-02-18,23:37:46,15.37,100.0,0.0,25.11,121.804
74DA38F209A8,2026-02-18,23:37:50,-4.0,0.0,0.0,22.401,120.577
74DA38F7C47E,2026-02-18,23:37:53,16.62,100.0,29.0,25.053963,121.427681
74DA38F20E9E,2026-02-18,23:38:12,15.12,100.0,12.0,24.648,121.151
74DA38F7C610,2026-02-18,23:38:12,17.37,83.0,22.0,25.063,121.564
74DA38F7C29C,2026-02-18,23:38:16,16.5,100.0,20.0,25.02,121.416
74DA38F7C27E,2026-02-18,23:38:19,16.5,95.0,24.0,25.053,121.444
74DA38ED0630,2026-02-18,23:38:20,18.12,100.0,0.0,23.994,121.594
74DA38F20A30,2026-02-18,23:38:23,16.12,88.0,0.0,24.948,121.372
74DA38F20D4C,2026-02-18,23:38:25,18.87,100.0,0.0,22.971,121.303
74DA38ED05B6,2026-02-18,23:38:27,15.87,100.0,18.0,23.43,121.348
74DA38F20976,2026-02-18,23:38:30,16.0,96.0,25.0,25.127,121.746
74DA38F7C5CE,2026-02-18,23:38:31,15.37,91.0,0.0,25.066,121.656
74DA38F209DE,2026-02-18,23:38:39,17.5,100.0,0.0,24.861,120.964
74DA38F7C41E,2026-02-18,23:38:42,16.62,78.0,21.0,25.054,121.517
74DA38F20AA4,2026-02-18,23:38:43,22.75,88.0,24.0,22.685,120.492
74DA38F20B80,2026-02-18,23:38:43,17.37,100.0,2.0,22.599,120.35
74DA38ED059C,2026-02-18,23:38:44,15.37,100.0,15.0,23.706,121.412
74DA38F209A4,2026-02-18,23:38:44,18.12,100.0,0.0,22.702,120.572
74DA38ED04F2,2026-02-18,23:38:46,16.0,100.0,10.0,23.468,121.496
74DA38F20F0A,2026-02-18,23:38:47,18.5,100.0,20.0,22.995,120.635
74DA38F210E4,2026-02-18,23:38:52,18.12,100.0,19.0,23.24,120.696
74DA38F7C5BE,2026-02-18,23:38:55,16.87,81.0,24.0,25.092,121.523
74DA38F7C59C,2026-02-18,23:38:57,16.25,77.0,29.0,25.103,121.487
74DA38F7C366,2026-02-18,23:38:58,16.12,100.0,13.0,25.002,121.516
74DA38F20902,2026-02-18,23:39:00,20.12,94.0,3.0,22.204,120.7
74DA38F20D16,2026-02-18,23:39:11,16.62,100.0,25.0,25.062,121.526
74DA38F21048,2026-02-18,23:39:15,18.5,100.0,30.0,22.595,120.341
74DA38F2113E,2026-02-18,23:39:15,-4.0,0.0,3.0,22.728,120.313
74DA38F7C40C,2026-02-18,23:39:19,15.75,100.0,0.0,24.995,121.52
74DA38F20D2A,2026-02-18,23:39:28,16.25,74.0,0.0,25.048,121.573
74DA38F7C30C,2026-02-18,23:39:35,15.87,100.0,0.0,24.975,121.532
74DA38F7C3BA,2026-02-18,23:39:35,118.87,46.0,124.0,25.174,121.441
74DA38F7C4DE,2026-02-18,23:39:45,16.5,100.0,0.0,25.09,121.462
74DA38F21024,2026-02-18,23:39:47,16.37,100.0,0.0,24.93,121.036
74DA38F20BCA,2026-02-18,23:39:51,15.75,100.0,0.0,25.079,121.58
74DA38F2104E,2026-02-18,23:40:00,18.25,100.0,35.0,23.108,120.7
74DA38F209B2,2026-02-18,23:40:04,19.12,100.0,1.0,22.363,120.599
74DA38F20A78,2026-02-18,23:40:13,16.12,100.0,8.0,22.904,121.124
74DA38F7C338,2026-02-18,23:40:17,18.12,97.0,20.0,25.011,121.458
74DA38F7C63C,2026-02-18,23:40:18,85.25,100.0,16.0,24.998,121.425
74DA38F20E34,2026-02-18,23:40:21,19.5,74.0,27.0,22.586,120.313
74DA38F209EE,2026-02-18,23:40:23,20.87,100.0,0.0,23.026,121.33
74DA38F7C600,2026-02-18,23:40:23,20.62,55.0,17.0,25.07,121.586
74DA38F20DE0,2026-02-18,23:40:31,20.62,100.0,3.0,22.589,120.328
74DA38F7C4CC,2026-02-18,23:40:38,16.37,100.0,27.0,25.062,121.451
74DA38F7C260,2026-02-18,23:40:39,15.75,100.0,0.0,25.065,121.425
74DA38ED0454,2026-02-18,23:40:42,18.37,100.0,18.0,24.053,121.599
74DA38F7C566,2026-02-18,23:40:47,17.0,100.0,0.0,25.051,121.448
74DA38F20AAA,2026-02-18,23:40:52,13.0,100.0,12.0,24.6,120.999
74DA38F20D70,2026-02-18,23:40:57,16.5,100.0,1.0,23.05,121.164
74DA38F21088,2026-02-18,23:40:58,15.75,100.0,0.0,25.068,121.588
74DA38F7C560,2026-02-18,23:41:00,15.62,100.0,0.0,25.079,121.671
74DA38F7C3B2,2026-02-18,23:41:02,18.75,67.0,18.0,24.929,121.378
74DA38F20D1E,2026-02-18,23:41:09,16.37,100.0,29.0,25.048,121.573
74DA38F20DC0,2026-02-18,23:41:21,17.75,100.0,1.0,22.711,120.295
74DA38F20E6E,2026-02-18,23:41:23,14.62,92.0,0.0,24.41,120.902
74DA38F20BE4,2026-02-18,23:41:25,15.87,100.0,37.0,24.791,120.957
74DA38F208E2,2026-02-18,23:41:31,15.62,100.0,8.0,24.688,121.766
74DA38F20EB2,2026-02-18,23:41:37,15.62,100.0,34.0,24.324,120.835
74DA38F20AE6,2026-02-18,23:41:42,24.5,100.0,17.0,22.63,120.348
74DA38F7C562,2026-02-18,23:41:51,15.62,100.0,23.0,25.021,121.418
74DA38F7C5E6,2026-02-18,23:41:55,15.87,100.0,15.0,25.107,121.843
74DA38F7C616,2026-02-18,23:42:07,16.12,100.0,0.0,25.031,121.563
74DA38F21054,2026-02-18,23:42:17,23.75,63.0,22.0,22.898,120.627
74DA38F20D1A,2026-02-18,23:42:20,16.5,85.0,0.0,25.078,121.541
74DA38F7C30E,2026-02-18,23:42:20,16.5,100.0,26.0,24.949,121.382
74DA38F21204,2026-02-18,23:42:21,19.75,100.0,0.0,25.062,121.451
74DA38F7C3DC,2026-02-18,23:42:33,15.37,100.0,32.0,25.003,121.539
74DA38F20C26,2026-02-18,23:42:41,19.62,74.0,31.0,22.676,120.342
74DA38F7C31C,2026-02-18,23:42:41,15.62,100.0,5.0,24.93,121.372
74DA38F7C3D6,2026-02-18,23:42:41,16.37,100.0,1.0,25.045,121.541
74DA38F210F6,2026-02-18,23:42:47,18.5,100.0,7.0,22.757426,121.158891
74DA38F20B88,2026-02-18,23:42:53,17.5,100.0,0.0,22.75,120.316
74DA38F7C3DE,2026-02-18,23:42:59,16.5,100.0,300.0,24.972,121.537
74DA38ED0640,2026-02-18,23:43:00,14.62,100.0,7.0,23.154,121.266
74DA38ED05EA,2026-02-18,23:43:01,15.87,100.0,13.0,23.394,121.357
74DA38F20C22,2026-02-18,23:43:02,19.0,100.0,1.0,22.729,120.357
74DA38F7C47C,2026-02-18,23:43:04,16.75,99.0,0.0,25.055,121.455
74DA38F20B82,2026-02-18,23:43:17,-4.0,0.0,2.0,22.847,120.465
74DA38F209F8,2026-02-18,23:43:18,21.37,100.0,0.0,23.157,121.4
74DA38F7C37C,2026-02-18,23:43:18,14.25,100.0,0.0,25.111,121.856
74DA38F20B26,2026-02-18,23:43:19,19.37,100.0,35.0,22.783,120.247
74DA38F7C39A,2026-02-18,23:43:21,16.12,100.0,0.0,25.002,121.414
74DA38F7C514,2026-02-18,23:43:23,16.0,100.0,23.0,25.051,121.518
74DA38F7C570,2026-02-18,23:43:27,16.0,100.0,0.0,25.239,121.63
74DA38F210A2,2026-02-18,23:43:29,16.62,100.0,5.0,25.12,121.466
74DA38ED06E0,2026-02-18,23:43:38,18.37,92.0,0.0,23.601,121.521
74DA38F7C524,2026-02-18,23:43:51,14.75,100.0,69.0,25.002,121.552
74DA38F207DE,2026-02-18,23:43:53,18.5,100.0,40.0,22.603,120.34
74DA38F20DD0,2026-02-18,23:43:54,18.87,100.0,0.0,22.6080258,120.3229833
74DA38F7C47E,2026-02-18,23:44:03,16.75,100.0,28.0,25.053963,121.427681
74DA38F7C464,2026-02-18,23:44:07,15.0,32.0,0.0,25.006,121.413
74DA38F20D2E,2026-02-18,23:44:12,16.12,100.0,0.0,25.06,121.545
74DA38F20E9E,2026-02-18,23:44:20,15.12,100.0,13.0,24.648,121.151
74DA38F7C53C,2026-02-18,23:44:23,15.5,100.0,9.0,25.11,121.804
74DA38F7C610,2026-02-18,23:44:23,17.5,83.0,21.0,25.063,121.564
74DA38F7C29C,2026-02-18,23:44:26,16.5,100.0,21.0,25.02,121.416
74DA38F2118E,2026-02-18,23:44:27,11.37,100.0,64.0,26.148,119.935
74DA38F7C27E,2026-02-18,23:44:28,16.62,95.0,24.0,25.053,121.444
74DA38ED05B6,2026-02-18,23:44:37,16.0,100.0,21.0,23.43,121.348
74DA38F20976,2026-02-18,23:44:41,15.87,96.0,26.0,25.127,121.746
74DA38ED0630,2026-02-18,23:44:51,18.12,100.0,0.0,23.994,121.594
74DA38F7C41E,2026-02-18,23:44:51,16.62,78.0,20.0,25.054,121.517
74DA38ED059C,2026-02-18,23:44:54,15.62,100.0,19.0,23.706,121.412
74DA38ED04F2,2026-02-18,23:44:56,16.12,100.0,10.0,23.468,121.496
74DA38F20D4C,2026-02-18,23:44:56,19.25,100.0,0.0,22.971,121.303
74DA38F20AA4,2026-02-18,23:44:57,22.75,88.0,24.0,22.685,120.492
74DA38F20F0A,2026-02-18,23:44:57,18.5,100.0,20.0,22.995,120.635
74DA38F210E4,2026-02-18,23:45:01,18.25,100.0,16.0,23.24,120.696
74DA38F7C5CE,2026-02-18,23:45:01,15.37,91.0,0.0,25.066,121.656
74DA38F20A30,2026-02-18,23:45:04,16.12,88.0,1.0,24.948,121.372
74DA38F7C5BE,2026-02-18,23:45:04,17.0,81.0,24.0,25.092,121.523
74DA38F7C59C,2026-02-18,23:45:06,16.25,77.0,27.0,25.103,121.487
74DA38F20902,2026-02-18,23:45:07,20.25,93.0,3.0,22.204,120.7
74DA38F209DE,2026-02-18,23:45:07,17.37,100.0,0.0,24.861,120.964
74DA38F7C366,2026-02-18,23:45:08,16.12,100.0,13.0,25.002,121.516
74DA38F20B80,2026-02-18,23:45:11,17.5,100.0,1.0,22.599,120.35
74DA38F209A4,2026-02-18,23:45:15,18.12,100.0,0.0,22.702,120.572
74DA38F20D16,2026-02-18,23:45:21,16.62,100.0,26.0,25.062,121.526
74DA38F7C40C,2026-02-18,23:45:28,15.75,100.0,0.0,24.995,121.52
74DA38F7C3BA,2026-02-18,23:45:37,118.87,46.0,120.0,25.174,121.441
74DA38F7C30C,2026-02-18,23:45:44,15.87,100.0,0.0,24.975,121.532
74DA38F21048,2026-02-18,23:45:48,18.37,100.0,31.0,22.595,120.341
74DA38F7C4DE,2026-02-18,23:45:55,16.37,100.0,0.0,25.09,121.462
74DA38F20D2A,2026-02-18,23:45:59,16.37,74.0,0.0,25.048,121.573
74DA38F21024,2026-02-18,23:46:15,16.5,100.0,0.0,24.93,121.036
74DA38F20A78,2026-02-18,23:46:21,16.37,100.0,7.0,22.904,121.124
74DA38F20BCA,2026-02-18,23:46:22,15.87,100.0,0.0,25.079,121.58
74DA38F2104E,2026-02-18,23:46:22,18.37,100.0,33.0,23.108,120.7
74DA38F7C63C,2026-02-18,23:46:28,85.25,100.0,15.0,24.998,121.425
74DA38F209EE,2026-02-18,23:46:30,21.12,100.0,0.0,23.026,121.33
74DA38F7C600,2026-02-18,23:46:31,20.62,55.0,16.0,25.07,121.586
74DA38F209B2,2026-02-18,23:46:32,19.0,100.0,0.0,22.363,120.599
74DA38F2113E,2026-02-18,23:46:34,-4.0,0.0,4.0,22.728,120.313
74DA38F20E34,2026-02-18,23:46:36,19.5,74.0,28.0,22.586,120.313
74DA38F7C4CC,2026-02-18,23:46:49,16.37,100.0,25.0,25.062,121.451
74DA38F20B5C,2026-02-18,23:46:51,-4.0,0.0,40.0,22.798,120.293
74DA38F20BD0,2026-02-18,23:46:54,-4.0,0.0,24.0,22.688,120.408
74DA38ED0454,2026-02-18,23:46:56,18.37,100.0,18.0,24.053,121.599
74DA38F20AAA,2026-02-18,23:47:01,13.25,100.0,11.0,24.6,120.999
74DA38F20DE0,2026-02-18,23:47:01,20.62,100.0,1.0,22.589,120.328
74DA38F20D70,2026-02-18,23:47:04,16.75,100.0,1.0,23.05,121.164
74DA38F7C260,2026-02-18,23:47:11,15.75,100.0,0.0,25.065,121.425
74DA38F7C3B2,2026-02-18,23:47:11,18.75,67.0,18.0,24.929,121.378
74DA38F7C566,2026-02-18,23:47:18,17.0,100.0,0.0,25.051,121.448
74DA38F20D1E,2026-02-18,23:47:25,16.25,100.0,28.0,25.048,121.573
74DA38F20E6E,2026-02-18,23:47:26,14.75,92.0,0.0,24.41,120.902
74DA38F21088,2026-02-18,23:47:28,15.87,100.0,0.0,25.068,121.588
74DA38F7C560,2026-02-18,23:47:31,15.62,100.0,0.0,25.079,121.671
74DA38F209A8,2026-02-18,23:47:32,-4.0,0.0,1.0,22.401,120.577
74DA38F208E2,2026-02-18,23:47:38,15.5,100.0,10.0,24.688,121.766
74DA38F20BE4,2026-02-18,23:47:38,15.87,100.0,36.0,24.791,120.957
74DA38F20EB2,2026-02-18,23:47:48,16.87,100.0,33.0,24.324,120.835
74DA38F20DC0,2026-02-18,23:47:50,17.62,100.0,3.0,22.711,120.295
74DA38F20AE6,2026-02-18,23:47:53,24.5,100.0,18.0,22.63,120.348
74DA38F7C562,2026-02-18,23:48:04,15.75,100.0,24.0,25.021,121.418
74DA38F7C5E6,2026-02-18,23:48:08,16.0,100.0,14.0,25.107,121.843
74DA38F7C616,2026-02-18,23:48:17,16.0,100.0,0.0,25.031,121.563
74DA38F21054,2026-02-18,23:48:27,23.75,63.0,22.0,22.898,120.627
74DA38F7C30E,2026-02-18,23:48:29,16.62,100.0,25.0,24.949,121.382
74DA38F21204,2026-02-18,23:48:30,19.87,100.0,0.0,25.062,121.451
74DA38F7C3DC,2026-02-18,23:48:43,15.5,100.0,31.0,25.003,121.539
74DA38F20D1A,2026-02-18,23:48:51,16.62,86.0,0.0,25.078,121.541
74DA38F210F6,2026-02-18,23:48:53,18.62,100.0,6.0,22.757426,121.158891
74DA38F20C26,2026-02-18,23:48:55,20.0,74.0,30.0,22.676,120.342
74DA38F7C3DE,2026-02-18,23:48:55,16.62,100.0,317.0,24.972,121.537
74DA38ED05EA,2026-02-18,23:49:10,15.87,100.0,13.0,23.394,121.357
74DA38ED0640,2026-02-18,23:49:10,14.62,100.0,8.0,23.154,121.266
74DA38F7C31C,2026-02-18,23:49:11,15.62,100.0,3.0,24.93,121.372
74DA38F7C3D6,2026-02-18,23:49:12,16.37,100.0,1.0,25.045,121.541
74DA38F7C47C,2026-02-18,23:49:15,16.62,99.0,0.0,25.055,121.455
74DA38F20B88,2026-02-18,23:49:28,17.5,100.0,0.0,22.75,120.316
74DA38F20C22,2026-02-18,23:49:32,19.25,100.0,1.0,22.729,120.357
74DA38F7C514,2026-02-18,23:49:35,15.87,100.0,23.0,25.051,121.518
74DA38F210A2,2026-02-18,23:49:37,16.75,100.0,5.0,25.12,121.466
74DA38F7C37C,2026-02-18,23:49:47,14.37,100.0,0.0,25.111,121.856
74DA38ED06E0,2026-02-18,23:49:48,18.25,91.0,0.0,23.601,121.521
74DA38F209F8,2026-02-18,23:49:48,21.87,100.0,0.0,23.157,121.4
74DA38F7C39A,2026-02-18,23:49:52,16.25,100.0,0.0,25.002,121.414
74DA38F7C570,2026-02-18,23:49:56,16.12,100.0,0.0,25.239,121.63
74DA38F207DE,2026-02-18,23:50:08,18.62,100.0,39.0,22.603,120.34
74DA38F7C47E,2026-02-18,23:50:14,16.87,100.0,29.0,25.053963,121.427681
74DA38F20DD0,2026-02-18,23:50:25,18.87,100.0,0.0,22.6080258,120.3229833
74DA38F20E9E,2026-02-18,23:50:27,15.12,100.0,15.0,24.648,121.151
74DA38F7C524,2026-02-18,23:50:27,14.75,100.0,65.0,25.002,121.552
74DA38F7C610,2026-02-18,23:50:34,17.5,83.0,22.0,25.063,121.564
74DA38F7C29C,2026-02-18,23:50:36,16.62,100.0,20.0,25.02,121.416
74DA38F7C464,2026-02-18,23:50:37,15.0,32.0,0.0,25.006,121.413
74DA38F7C27E,2026-02-18,23:50:38,16.62,95.0,24.0,25.053,121.444
74DA38F20D2E,2026-02-18,23:50:41,16.12,100.0,0.0,25.06,121.545
74DA38ED05B6,2026-02-18,23:50:48,16.25,100.0,23.0,23.43,121.348
74DA38F20976,2026-02-18,23:50:49,16.0,96.0,26.0,25.127,121.746
74DA38F7C41E,2026-02-18,23:51:01,16.62,78.0,20.0,25.054,121.517
74DA38F7C53C,2026-02-18,23:51:02,15.75,100.0,19.0,25.11,121.804
74DA38ED059C,2026-02-18,23:51:04,15.5,100.0,16.0,23.706,121.412
74DA38F20AA4,2026-02-18,23:51:07,22.87,88.0,24.0,22.685,120.492
74DA38F20F0A,2026-02-18,23:51:08,18.5,100.0,21.0,22.995,120.635
74DA38F2118E,2026-02-18,23:51:08,11.25,100.0,63.0,26.148,119.935
74DA38F210E4,2026-02-18,23:51:11,18.12,100.0,16.0,23.24,120.696
74DA38F20902,2026-02-18,23:51:14,20.25,93.0,3.0,22.204,120.7
74DA38F7C5BE,2026-02-18,23:51:14,17.12,81.0,24.0,25.092,121.523
74DA38F7C59C,2026-02-18,23:51:15,16.25,78.0,28.0,25.103,121.487
74DA38F7C366,2026-02-18,23:51:16,16.12,100.0,13.0,25.002,121.516
74DA38ED0630,2026-02-18,23:51:23,18.12,100.0,1.0,23.994,121.594
74DA38F20D4C,2026-02-18,23:51:26,19.75,100.0,0.0,22.971,121.303
74DA38F7C5CE,2026-02-18,23:51:29,15.37,91.0,0.0,25.066,121.656
74DA38F20D16,2026-02-18,23:51:33,16.75,100.0,26.0,25.062,121.526
74DA38F209DE,2026-02-18,23:51:34,17.62,100.0,0.0,24.861,120.964
74DA38F20A30,2026-02-18,23:51:34,16.12,87.0,2.0,24.948,121.372
74DA38ED04F2,2026-02-18,23:51:35,16.12,100.0,10.0,23.468,121.496
74DA38F7C40C,2026-02-18,23:51:37,15.87,100.0,0.0,24.995,121.52
74DA38F7C3BA,2026-02-18,23:51:38,118.87,46.0,122.0,25.174,121.441
74DA38F20B80,2026-02-18,23:51:40,17.62,100.0,0.0,22.599,120.35
74DA38F209A4,2026-02-18,23:51:43,18.12,100.0,0.0,22.702,120.572
74DA38F7C30C,2026-02-18,23:51:54,16.0,100.0,0.0,24.975,121.532
74DA38F7C4DE,2026-02-18,23:52:05,16.5,100.0,0.0,25.09,121.462
74DA38F21048,2026-02-18,23:52:21,18.37,100.0,28.0,22.595,120.341
74DA38F20A78,2026-02-18,23:52:29,16.62,100.0,8.0,22.904,121.124
74DA38F20D2A,2026-02-18,23:52:32,16.37,74.0,0.0,25.048,121.573
74DA38F209EE,2026-02-18,23:52:37,21.25,100.0,0.0,23.026,121.33
74DA38F7C63C,2026-02-18,23:52:39,85.25,100.0,15.0,24.998,121.425
74DA38F7C600,2026-02-18,23:52:40,20.62,55.0,16.0,25.07,121.586
74DA38F21024,2026-02-18,23:52:43,16.5,100.0,0.0,24.93,121.036
74DA38F20E34,2026-02-18,23:52:48,19.62,74.0,28.0,22.586,120.313
74DA38F20B82,2026-02-18,23:52:51,-4.0,0.0,2.0,22.847,120.465
74DA38F20BCA,2026-02-18,23:52:52,15.87,100.0,0.0,25.079,121.58
74DA38F7C4CC,2026-02-18,23:52:59,16.37,100.0,25.0,25.062,121.451
74DA38F209B2,2026-02-18,23:53:01,19.12,100.0,0.0,22.363,120.599
74DA38ED0454,2026-02-18,23:53:08,18.37,100.0,18.0,24.053,121.599
74DA38F20AAA,2026-02-18,23:53:10,13.37,100.0,11.0,24.6,120.999
74DA38F20D70,2026-02-18,23:53:11,16.75,100.0,1.0,23.05,121.164
74DA38F7C3B2,2026-02-18,23:53:21,18.75,68.0,18.0,24.929,121.378
74DA38F20E6E,2026-02-18,23:53:28,14.75,92.0,0.0,24.41,120.902
74DA38F20DE0,2026-02-18,23:53:30,20.75,100.0,2.0,22.589,120.328
74DA38F20D1E,2026-02-18,23:53:39,16.37,100.0,29.0,25.048,121.573
74DA38F208E2,2026-02-18,23:53:44,15.62,100.0,9.0,24.688,121.766
74DA38F7C260,2026-02-18,23:53:45,15.87,100.0,0.0,25.065,121.425
74DA38F7C566,2026-02-18,23:53:47,17.12,100.0,0.0,25.051,121.448
74DA38F20BE4,2026-02-18,23:53:49,15.87,100.0,36.0,24.791,120.957
74DA38F2113E,2026-02-18,23:53:55,-4.0,0.0,6.0,22.728,120.313
74DA38F21088,2026-02-18,23:53:59,16.0,100.0,0.0,25.068,121.588
74DA38F20AE6,2026-02-18,23:54:01,24.5,100.0,16.0,22.63,120.348
74DA38F7C560,2026-02-18,23:54:01,15.62,100.0,0.0,25.079,121.671
74DA38F20EB2,2026-02-18,23:54:02,18.12,100.0,33.0,24.324,120.835
